#FORMAT      : EMSA/MAS Spectral Data File
#VERSION     : 1.0
#TITLE       : Spectrum 31
#DATE        : 21-AUG-2025
#TIME        : 15:35
#OWNER       : XGT7200
#NPOINTS     : 4096.
#NCOLUMNS    : 1.
#XUNITS      : keV
#YUNITS      : counts
#DATATYPE    : XY
#XPERCHAN    : 0.0100000
#OFFSET      : -0.400000
#SIGNALTYPE  : EDS
#CHOFFSET    : 40.0000
#LIVETIME    : 30.000000
#REALTIME    : 39.587467
#BEAMKV      : 50.0000
#PROBECUR    : 681000.
#MAGCAM      : 100.000
#XTILTSTGE   : 0.0
#AZIMANGLE   : 0.0
#ELEVANGLE   : 45.0
#XPOSITION mm: 0.0000
#YPOSITION mm: 0.0000
#ZPOSITION mm: 0.0000
##OXINSTPT   : 4
##OXINSTSTROB: 72.04
#SPECTRUM    : Spectral Data Starts Here
-0.40000, 0.
-0.39000, 0.
-0.38000, 0.
-0.37000, 0.
-0.36000, 0.
-0.35000, 0.
-0.34000, 0.
-0.33000, 0.
-0.32000, 0.
-0.31000, 0.
-0.30000, 0.
-0.29000, 0.
-0.28000, 0.
-0.27000, 0.
-0.26000, 0.
-0.25000, 0.
-0.24000, 0.
-0.23000, 0.
-0.22000, 0.
-0.21000, 0.
-0.20000, 0.
-0.19000, 0.
-0.18000, 0.
-0.17000, 0.
-0.16000, 0.
-0.15000, 0.
-0.14000, 0.
-0.13000, 0.
-0.12000, 0.
-0.11000, 0.
-0.10000, 0.
-0.09000, 0.
-0.08000, 0.
-0.07000, 0.
-0.06000, 0.
-0.05000, 0.
-0.04000, 0.
-0.03000, 0.
-0.02000, 0.
-0.01000, 0.
0.00000, 0.
0.01000, 0.
0.02000, 0.
0.03000, 0.
0.04000, 0.
0.05000, 0.
0.06000, 0.
0.07000, 0.
0.08000, 0.
0.09000, 0.
0.10000, 0.
0.11000, 0.
0.12000, 0.
0.13000, 0.
0.14000, 0.
0.15000, 0.
0.16000, 0.
0.17000, 0.
0.18000, 0.
0.19000, 0.
0.20000, 0.
0.21000, 0.
0.22000, 0.
0.23000, 0.
0.24000, 0.
0.25000, 0.
0.26000, 0.
0.27000, 0.
0.28000, 0.
0.29000, 0.
0.30000, 0.
0.31000, 0.
0.32000, 0.
0.33000, 1.
0.34000, 3.
0.35000, 2.
0.36000, 4.
0.37000, 4.
0.38000, 11.
0.39000, 16.
0.40000, 35.
0.41000, 39.
0.42000, 34.
0.43000, 38.
0.44000, 36.
0.45000, 51.
0.46000, 44.
0.47000, 47.
0.48000, 45.
0.49000, 38.
0.50000, 43.
0.51000, 61.
0.52000, 54.
0.53000, 48.
0.54000, 31.
0.55000, 44.
0.56000, 54.
0.57000, 37.
0.58000, 44.
0.59000, 46.
0.60000, 59.
0.61000, 42.
0.62000, 35.
0.63000, 40.
0.64000, 44.
0.65000, 45.
0.66000, 42.
0.67000, 40.
0.68000, 42.
0.69000, 45.
0.70000, 54.
0.71000, 46.
0.72000, 47.
0.73000, 60.
0.74000, 59.
0.75000, 39.
0.76000, 36.
0.77000, 37.
0.78000, 43.
0.79000, 36.
0.80000, 46.
0.81000, 32.
0.82000, 39.
0.83000, 45.
0.84000, 43.
0.85000, 38.
0.86000, 43.
0.87000, 38.
0.88000, 40.
0.89000, 42.
0.90000, 34.
0.91000, 32.
0.92000, 40.
0.93000, 38.
0.94000, 38.
0.95000, 46.
0.96000, 51.
0.97000, 43.
0.98000, 41.
0.99000, 45.
1.00000, 53.
1.01000, 52.
1.02000, 49.
1.03000, 45.
1.04000, 56.
1.05000, 43.
1.06000, 53.
1.07000, 61.
1.08000, 41.
1.09000, 31.
1.10000, 44.
1.11000, 35.
1.12000, 40.
1.13000, 41.
1.14000, 37.
1.15000, 34.
1.16000, 32.
1.17000, 40.
1.18000, 42.
1.19000, 33.
1.20000, 42.
1.21000, 50.
1.22000, 62.
1.23000, 60.
1.24000, 49.
1.25000, 65.
1.26000, 66.
1.27000, 62.
1.28000, 61.
1.29000, 44.
1.30000, 63.
1.31000, 52.
1.32000, 40.
1.33000, 40.
1.34000, 28.
1.35000, 40.
1.36000, 39.
1.37000, 43.
1.38000, 49.
1.39000, 64.
1.40000, 95.
1.41000, 139.
1.42000, 180.
1.43000, 231.
1.44000, 327.
1.45000, 434.
1.46000, 543.
1.47000, 611.
1.48000, 626.
1.49000, 688.
1.50000, 693.
1.51000, 634.
1.52000, 611.
1.53000, 477.
1.54000, 395.
1.55000, 336.
1.56000, 223.
1.57000, 203.
1.58000, 152.
1.59000, 113.
1.60000, 113.
1.61000, 122.
1.62000, 171.
1.63000, 256.
1.64000, 424.
1.65000, 659.
1.66000, 1069.
1.67000, 1650.
1.68000, 2415.
1.69000, 3426.
1.70000, 4419.
1.71000, 5659.
1.72000, 6626.
1.73000, 7467.
1.74000, 8065.
1.75000, 8009.
1.76000, 7722.
1.77000, 6890.
1.78000, 5942.
1.79000, 4881.
1.80000, 3714.
1.81000, 2798.
1.82000, 2047.
1.83000, 1356.
1.84000, 1065.
1.85000, 710.
1.86000, 544.
1.87000, 351.
1.88000, 291.
1.89000, 190.
1.90000, 183.
1.91000, 116.
1.92000, 117.
1.93000, 71.
1.94000, 66.
1.95000, 72.
1.96000, 70.
1.97000, 66.
1.98000, 64.
1.99000, 61.
2.00000, 58.
2.01000, 83.
2.02000, 79.
2.03000, 58.
2.04000, 62.
2.05000, 63.
2.06000, 52.
2.07000, 55.
2.08000, 41.
2.09000, 36.
2.10000, 41.
2.11000, 40.
2.12000, 42.
2.13000, 30.
2.14000, 34.
2.15000, 34.
2.16000, 31.
2.17000, 35.
2.18000, 31.
2.19000, 28.
2.20000, 34.
2.21000, 32.
2.22000, 34.
2.23000, 28.
2.24000, 41.
2.25000, 42.
2.26000, 69.
2.27000, 69.
2.28000, 90.
2.29000, 108.
2.30000, 93.
2.31000, 118.
2.32000, 112.
2.33000, 110.
2.34000, 150.
2.35000, 104.
2.36000, 143.
2.37000, 121.
2.38000, 115.
2.39000, 105.
2.40000, 95.
2.41000, 93.
2.42000, 85.
2.43000, 91.
2.44000, 79.
2.45000, 77.
2.46000, 78.
2.47000, 71.
2.48000, 61.
2.49000, 55.
2.50000, 59.
2.51000, 49.
2.52000, 55.
2.53000, 49.
2.54000, 40.
2.55000, 42.
2.56000, 45.
2.57000, 56.
2.58000, 54.
2.59000, 96.
2.60000, 87.
2.61000, 97.
2.62000, 138.
2.63000, 203.
2.64000, 218.
2.65000, 273.
2.66000, 309.
2.67000, 396.
2.68000, 441.
2.69000, 422.
2.70000, 452.
2.71000, 493.
2.72000, 432.
2.73000, 431.
2.74000, 391.
2.75000, 318.
2.76000, 265.
2.77000, 271.
2.78000, 208.
2.79000, 207.
2.80000, 227.
2.81000, 238.
2.82000, 238.
2.83000, 230.
2.84000, 229.
2.85000, 224.
2.86000, 241.
2.87000, 232.
2.88000, 216.
2.89000, 189.
2.90000, 170.
2.91000, 150.
2.92000, 146.
2.93000, 126.
2.94000, 128.
2.95000, 95.
2.96000, 99.
2.97000, 78.
2.98000, 78.
2.99000, 57.
3.00000, 54.
3.01000, 55.
3.02000, 47.
3.03000, 49.
3.04000, 51.
3.05000, 41.
3.06000, 32.
3.07000, 36.
3.08000, 37.
3.09000, 26.
3.10000, 30.
3.11000, 31.
3.12000, 42.
3.13000, 37.
3.14000, 32.
3.15000, 23.
3.16000, 45.
3.17000, 50.
3.18000, 39.
3.19000, 54.
3.20000, 77.
3.21000, 96.
3.22000, 123.
3.23000, 163.
3.24000, 226.
3.25000, 282.
3.26000, 346.
3.27000, 424.
3.28000, 501.
3.29000, 584.
3.30000, 659.
3.31000, 712.
3.32000, 715.
3.33000, 668.
3.34000, 622.
3.35000, 544.
3.36000, 505.
3.37000, 428.
3.38000, 359.
3.39000, 257.
3.40000, 208.
3.41000, 166.
3.42000, 126.
3.43000, 93.
3.44000, 69.
3.45000, 78.
3.46000, 60.
3.47000, 51.
3.48000, 53.
3.49000, 50.
3.50000, 73.
3.51000, 66.
3.52000, 77.
3.53000, 91.
3.54000, 98.
3.55000, 91.
3.56000, 118.
3.57000, 157.
3.58000, 158.
3.59000, 197.
3.60000, 227.
3.61000, 238.
3.62000, 300.
3.63000, 370.
3.64000, 372.
3.65000, 474.
3.66000, 511.
3.67000, 562.
3.68000, 607.
3.69000, 593.
3.70000, 628.
3.71000, 593.
3.72000, 543.
3.73000, 467.
3.74000, 425.
3.75000, 376.
3.76000, 301.
3.77000, 218.
3.78000, 172.
3.79000, 127.
3.80000, 93.
3.81000, 65.
3.82000, 52.
3.83000, 36.
3.84000, 30.
3.85000, 22.
3.86000, 29.
3.87000, 30.
3.88000, 28.
3.89000, 33.
3.90000, 35.
3.91000, 28.
3.92000, 48.
3.93000, 47.
3.94000, 54.
3.95000, 61.
3.96000, 62.
3.97000, 86.
3.98000, 97.
3.99000, 92.
4.00000, 96.
4.01000, 93.
4.02000, 112.
4.03000, 106.
4.04000, 102.
4.05000, 90.
4.06000, 76.
4.07000, 55.
4.08000, 62.
4.09000, 54.
4.10000, 60.
4.11000, 49.
4.12000, 34.
4.13000, 29.
4.14000, 30.
4.15000, 30.
4.16000, 26.
4.17000, 27.
4.18000, 35.
4.19000, 25.
4.20000, 26.
4.21000, 32.
4.22000, 31.
4.23000, 22.
4.24000, 31.
4.25000, 22.
4.26000, 33.
4.27000, 24.
4.28000, 37.
4.29000, 40.
4.30000, 31.
4.31000, 23.
4.32000, 36.
4.33000, 35.
4.34000, 26.
4.35000, 38.
4.36000, 59.
4.37000, 44.
4.38000, 55.
4.39000, 61.
4.40000, 85.
4.41000, 106.
4.42000, 135.
4.43000, 176.
4.44000, 245.
4.45000, 272.
4.46000, 318.
4.47000, 341.
4.48000, 403.
4.49000, 399.
4.50000, 481.
4.51000, 472.
4.52000, 439.
4.53000, 462.
4.54000, 412.
4.55000, 350.
4.56000, 330.
4.57000, 305.
4.58000, 217.
4.59000, 208.
4.60000, 182.
4.61000, 141.
4.62000, 135.
4.63000, 92.
4.64000, 88.
4.65000, 105.
4.66000, 84.
4.67000, 97.
4.68000, 74.
4.69000, 96.
4.70000, 74.
4.71000, 94.
4.72000, 75.
4.73000, 97.
4.74000, 79.
4.75000, 70.
4.76000, 104.
4.77000, 113.
4.78000, 101.
4.79000, 101.
4.80000, 80.
4.81000, 108.
4.82000, 88.
4.83000, 99.
4.84000, 76.
4.85000, 96.
4.86000, 104.
4.87000, 107.
4.88000, 117.
4.89000, 125.
4.90000, 96.
4.91000, 122.
4.92000, 136.
4.93000, 121.
4.94000, 139.
4.95000, 143.
4.96000, 108.
4.97000, 107.
4.98000, 95.
4.99000, 100.
5.00000, 87.
5.01000, 66.
5.02000, 71.
5.03000, 52.
5.04000, 53.
5.05000, 53.
5.06000, 61.
5.07000, 51.
5.08000, 62.
5.09000, 64.
5.10000, 47.
5.11000, 40.
5.12000, 55.
5.13000, 44.
5.14000, 40.
5.15000, 55.
5.16000, 50.
5.17000, 52.
5.18000, 67.
5.19000, 49.
5.20000, 48.
5.21000, 51.
5.22000, 58.
5.23000, 48.
5.24000, 61.
5.25000, 45.
5.26000, 50.
5.27000, 56.
5.28000, 50.
5.29000, 57.
5.30000, 67.
5.31000, 72.
5.32000, 53.
5.33000, 63.
5.34000, 61.
5.35000, 61.
5.36000, 85.
5.37000, 64.
5.38000, 82.
5.39000, 96.
5.40000, 77.
5.41000, 86.
5.42000, 90.
5.43000, 72.
5.44000, 82.
5.45000, 84.
5.46000, 72.
5.47000, 76.
5.48000, 78.
5.49000, 73.
5.50000, 82.
5.51000, 79.
5.52000, 71.
5.53000, 83.
5.54000, 60.
5.55000, 69.
5.56000, 56.
5.57000, 70.
5.58000, 81.
5.59000, 62.
5.60000, 52.
5.61000, 73.
5.62000, 64.
5.63000, 66.
5.64000, 58.
5.65000, 53.
5.66000, 50.
5.67000, 53.
5.68000, 55.
5.69000, 64.
5.70000, 43.
5.71000, 42.
5.72000, 50.
5.73000, 57.
5.74000, 51.
5.75000, 53.
5.76000, 74.
5.77000, 70.
5.78000, 88.
5.79000, 98.
5.80000, 93.
5.81000, 106.
5.82000, 114.
5.83000, 147.
5.84000, 178.
5.85000, 182.
5.86000, 208.
5.87000, 225.
5.88000, 240.
5.89000, 240.
5.90000, 252.
5.91000, 221.
5.92000, 210.
5.93000, 200.
5.94000, 192.
5.95000, 189.
5.96000, 162.
5.97000, 150.
5.98000, 125.
5.99000, 108.
6.00000, 111.
6.01000, 89.
6.02000, 95.
6.03000, 81.
6.04000, 71.
6.05000, 70.
6.06000, 73.
6.07000, 77.
6.08000, 84.
6.09000, 67.
6.10000, 84.
6.11000, 72.
6.12000, 84.
6.13000, 79.
6.14000, 91.
6.15000, 87.
6.16000, 102.
6.17000, 105.
6.18000, 113.
6.19000, 120.
6.20000, 173.
6.21000, 195.
6.22000, 264.
6.23000, 350.
6.24000, 492.
6.25000, 667.
6.26000, 927.
6.27000, 1237.
6.28000, 1596.
6.29000, 2158.
6.30000, 2844.
6.31000, 3509.
6.32000, 4431.
6.33000, 5429.
6.34000, 6383.
6.35000, 7325.
6.36000, 8297.
6.37000, 9081.
6.38000, 9794.
6.39000, 9939.
6.40000, 10269.
6.41000, 10156.
6.42000, 9642.
6.43000, 9175.
6.44000, 8380.
6.45000, 7237.
6.46000, 6584.
6.47000, 5324.
6.48000, 4448.
6.49000, 3541.
6.50000, 2770.
6.51000, 2147.
6.52000, 1659.
6.53000, 1130.
6.54000, 909.
6.55000, 615.
6.56000, 412.
6.57000, 268.
6.58000, 259.
6.59000, 193.
6.60000, 170.
6.61000, 127.
6.62000, 104.
6.63000, 102.
6.64000, 98.
6.65000, 102.
6.66000, 104.
6.67000, 97.
6.68000, 87.
6.69000, 94.
6.70000, 94.
6.71000, 91.
6.72000, 84.
6.73000, 101.
6.74000, 97.
6.75000, 97.
6.76000, 114.
6.77000, 86.
6.78000, 97.
6.79000, 105.
6.80000, 90.
6.81000, 112.
6.82000, 123.
6.83000, 107.
6.84000, 128.
6.85000, 112.
6.86000, 135.
6.87000, 144.
6.88000, 158.
6.89000, 174.
6.90000, 208.
6.91000, 265.
6.92000, 311.
6.93000, 358.
6.94000, 454.
6.95000, 527.
6.96000, 681.
6.97000, 771.
6.98000, 917.
6.99000, 1067.
7.00000, 1223.
7.01000, 1390.
7.02000, 1425.
7.03000, 1632.
7.04000, 1650.
7.05000, 1702.
7.06000, 1637.
7.07000, 1699.
7.08000, 1533.
7.09000, 1425.
7.10000, 1324.
7.11000, 1164.
7.12000, 1039.
7.13000, 919.
7.14000, 722.
7.15000, 608.
7.16000, 466.
7.17000, 401.
7.18000, 311.
7.19000, 264.
7.20000, 206.
7.21000, 182.
7.22000, 148.
7.23000, 125.
7.24000, 107.
7.25000, 103.
7.26000, 99.
7.27000, 84.
7.28000, 110.
7.29000, 89.
7.30000, 81.
7.31000, 71.
7.32000, 78.
7.33000, 101.
7.34000, 80.
7.35000, 87.
7.36000, 90.
7.37000, 83.
7.38000, 82.
7.39000, 76.
7.40000, 81.
7.41000, 93.
7.42000, 85.
7.43000, 98.
7.44000, 88.
7.45000, 108.
7.46000, 84.
7.47000, 87.
7.48000, 92.
7.49000, 102.
7.50000, 87.
7.51000, 81.
7.52000, 102.
7.53000, 101.
7.54000, 79.
7.55000, 71.
7.56000, 81.
7.57000, 70.
7.58000, 80.
7.59000, 77.
7.60000, 70.
7.61000, 84.
7.62000, 84.
7.63000, 82.
7.64000, 72.
7.65000, 73.
7.66000, 81.
7.67000, 88.
7.68000, 63.
7.69000, 77.
7.70000, 85.
7.71000, 82.
7.72000, 80.
7.73000, 78.
7.74000, 74.
7.75000, 82.
7.76000, 92.
7.77000, 89.
7.78000, 100.
7.79000, 89.
7.80000, 88.
7.81000, 81.
7.82000, 107.
7.83000, 92.
7.84000, 118.
7.85000, 109.
7.86000, 95.
7.87000, 113.
7.88000, 105.
7.89000, 104.
7.90000, 124.
7.91000, 138.
7.92000, 140.
7.93000, 132.
7.94000, 139.
7.95000, 179.
7.96000, 152.
7.97000, 145.
7.98000, 168.
7.99000, 172.
8.00000, 215.
8.01000, 209.
8.02000, 191.
8.03000, 212.
8.04000, 219.
8.05000, 199.
8.06000, 226.
8.07000, 244.
8.08000, 238.
8.09000, 239.
8.10000, 166.
8.11000, 208.
8.12000, 194.
8.13000, 173.
8.14000, 164.
8.15000, 155.
8.16000, 158.
8.17000, 160.
8.18000, 161.
8.19000, 169.
8.20000, 144.
8.21000, 131.
8.22000, 130.
8.23000, 145.
8.24000, 143.
8.25000, 124.
8.26000, 103.
8.27000, 127.
8.28000, 117.
8.29000, 110.
8.30000, 108.
8.31000, 116.
8.32000, 94.
8.33000, 120.
8.34000, 136.
8.35000, 121.
8.36000, 111.
8.37000, 118.
8.38000, 106.
8.39000, 138.
8.40000, 139.
8.41000, 111.
8.42000, 115.
8.43000, 110.
8.44000, 127.
8.45000, 121.
8.46000, 149.
8.47000, 137.
8.48000, 121.
8.49000, 130.
8.50000, 181.
8.51000, 138.
8.52000, 179.
8.53000, 195.
8.54000, 207.
8.55000, 225.
8.56000, 226.
8.57000, 284.
8.58000, 316.
8.59000, 280.
8.60000, 317.
8.61000, 324.
8.62000, 358.
8.63000, 345.
8.64000, 359.
8.65000, 338.
8.66000, 333.
8.67000, 283.
8.68000, 277.
8.69000, 253.
8.70000, 223.
8.71000, 223.
8.72000, 186.
8.73000, 187.
8.74000, 201.
8.75000, 171.
8.76000, 174.
8.77000, 155.
8.78000, 141.
8.79000, 141.
8.80000, 132.
8.81000, 127.
8.82000, 134.
8.83000, 140.
8.84000, 144.
8.85000, 143.
8.86000, 153.
8.87000, 160.
8.88000, 139.
8.89000, 119.
8.90000, 147.
8.91000, 157.
8.92000, 127.
8.93000, 153.
8.94000, 128.
8.95000, 136.
8.96000, 131.
8.97000, 123.
8.98000, 123.
8.99000, 139.
9.00000, 136.
9.01000, 131.
9.02000, 134.
9.03000, 125.
9.04000, 144.
9.05000, 137.
9.06000, 139.
9.07000, 158.
9.08000, 124.
9.09000, 143.
9.10000, 171.
9.11000, 163.
9.12000, 163.
9.13000, 158.
9.14000, 172.
9.15000, 195.
9.16000, 165.
9.17000, 171.
9.18000, 186.
9.19000, 181.
9.20000, 197.
9.21000, 183.
9.22000, 157.
9.23000, 176.
9.24000, 157.
9.25000, 170.
9.26000, 180.
9.27000, 163.
9.28000, 154.
9.29000, 155.
9.30000, 151.
9.31000, 139.
9.32000, 134.
9.33000, 153.
9.34000, 127.
9.35000, 157.
9.36000, 149.
9.37000, 166.
9.38000, 140.
9.39000, 151.
9.40000, 141.
9.41000, 126.
9.42000, 156.
9.43000, 154.
9.44000, 175.
9.45000, 174.
9.46000, 162.
9.47000, 138.
9.48000, 144.
9.49000, 140.
9.50000, 164.
9.51000, 168.
9.52000, 169.
9.53000, 185.
9.54000, 171.
9.55000, 157.
9.56000, 166.
9.57000, 167.
9.58000, 167.
9.59000, 176.
9.60000, 192.
9.61000, 160.
9.62000, 159.
9.63000, 161.
9.64000, 170.
9.65000, 160.
9.66000, 152.
9.67000, 140.
9.68000, 139.
9.69000, 129.
9.70000, 170.
9.71000, 128.
9.72000, 137.
9.73000, 132.
9.74000, 143.
9.75000, 124.
9.76000, 130.
9.77000, 140.
9.78000, 147.
9.79000, 146.
9.80000, 149.
9.81000, 137.
9.82000, 117.
9.83000, 159.
9.84000, 141.
9.85000, 166.
9.86000, 138.
9.87000, 137.
9.88000, 131.
9.89000, 134.
9.90000, 150.
9.91000, 139.
9.92000, 152.
9.93000, 151.
9.94000, 139.
9.95000, 144.
9.96000, 150.
9.97000, 153.
9.98000, 145.
9.99000, 141.
10.00000, 151.
10.01000, 132.
10.02000, 122.
10.03000, 121.
10.04000, 135.
10.05000, 123.
10.06000, 139.
10.07000, 135.
10.08000, 144.
10.09000, 134.
10.10000, 128.
10.11000, 134.
10.12000, 135.
10.13000, 150.
10.14000, 141.
10.15000, 160.
10.16000, 151.
10.17000, 144.
10.18000, 130.
10.19000, 147.
10.20000, 145.
10.21000, 138.
10.22000, 136.
10.23000, 120.
10.24000, 152.
10.25000, 159.
10.26000, 148.
10.27000, 148.
10.28000, 169.
10.29000, 177.
10.30000, 168.
10.31000, 188.
10.32000, 196.
10.33000, 191.
10.34000, 215.
10.35000, 231.
10.36000, 284.
10.37000, 296.
10.38000, 339.
10.39000, 393.
10.40000, 409.
10.41000, 460.
10.42000, 512.
10.43000, 596.
10.44000, 692.
10.45000, 725.
10.46000, 836.
10.47000, 890.
10.48000, 973.
10.49000, 973.
10.50000, 1134.
10.51000, 1174.
10.52000, 1226.
10.53000, 1246.
10.54000, 1240.
10.55000, 1274.
10.56000, 1304.
10.57000, 1126.
10.58000, 1106.
10.59000, 1037.
10.60000, 1025.
10.61000, 919.
10.62000, 822.
10.63000, 724.
10.64000, 631.
10.65000, 556.
10.66000, 495.
10.67000, 447.
10.68000, 395.
10.69000, 347.
10.70000, 290.
10.71000, 253.
10.72000, 231.
10.73000, 203.
10.74000, 170.
10.75000, 172.
10.76000, 171.
10.77000, 152.
10.78000, 160.
10.79000, 169.
10.80000, 147.
10.81000, 164.
10.82000, 158.
10.83000, 159.
10.84000, 160.
10.85000, 141.
10.86000, 156.
10.87000, 173.
10.88000, 150.
10.89000, 142.
10.90000, 159.
10.91000, 162.
10.92000, 173.
10.93000, 154.
10.94000, 162.
10.95000, 166.
10.96000, 175.
10.97000, 147.
10.98000, 150.
10.99000, 168.
11.00000, 164.
11.01000, 151.
11.02000, 184.
11.03000, 178.
11.04000, 170.
11.05000, 160.
11.06000, 154.
11.07000, 159.
11.08000, 157.
11.09000, 169.
11.10000, 158.
11.11000, 164.
11.12000, 152.
11.13000, 147.
11.14000, 164.
11.15000, 150.
11.16000, 169.
11.17000, 173.
11.18000, 178.
11.19000, 175.
11.20000, 156.
11.21000, 182.
11.22000, 162.
11.23000, 167.
11.24000, 180.
11.25000, 164.
11.26000, 182.
11.27000, 163.
11.28000, 186.
11.29000, 161.
11.30000, 173.
11.31000, 168.
11.32000, 152.
11.33000, 148.
11.34000, 173.
11.35000, 180.
11.36000, 185.
11.37000, 183.
11.38000, 189.
11.39000, 191.
11.40000, 170.
11.41000, 176.
11.42000, 174.
11.43000, 160.
11.44000, 176.
11.45000, 164.
11.46000, 174.
11.47000, 147.
11.48000, 159.
11.49000, 156.
11.50000, 153.
11.51000, 168.
11.52000, 144.
11.53000, 174.
11.54000, 138.
11.55000, 168.
11.56000, 188.
11.57000, 173.
11.58000, 156.
11.59000, 157.
11.60000, 174.
11.61000, 169.
11.62000, 147.
11.63000, 145.
11.64000, 152.
11.65000, 161.
11.66000, 156.
11.67000, 175.
11.68000, 167.
11.69000, 156.
11.70000, 160.
11.71000, 188.
11.72000, 173.
11.73000, 145.
11.74000, 163.
11.75000, 170.
11.76000, 150.
11.77000, 168.
11.78000, 166.
11.79000, 142.
11.80000, 168.
11.81000, 164.
11.82000, 175.
11.83000, 174.
11.84000, 145.
11.85000, 171.
11.86000, 175.
11.87000, 190.
11.88000, 164.
11.89000, 168.
11.90000, 169.
11.91000, 181.
11.92000, 164.
11.93000, 188.
11.94000, 161.
11.95000, 182.
11.96000, 184.
11.97000, 162.
11.98000, 177.
11.99000, 175.
12.00000, 180.
12.01000, 151.
12.02000, 169.
12.03000, 178.
12.04000, 193.
12.05000, 188.
12.06000, 160.
12.07000, 180.
12.08000, 171.
12.09000, 186.
12.10000, 181.
12.11000, 202.
12.12000, 182.
12.13000, 194.
12.14000, 163.
12.15000, 181.
12.16000, 206.
12.17000, 207.
12.18000, 222.
12.19000, 199.
12.20000, 193.
12.21000, 249.
12.22000, 231.
12.23000, 235.
12.24000, 186.
12.25000, 233.
12.26000, 211.
12.27000, 244.
12.28000, 257.
12.29000, 245.
12.30000, 238.
12.31000, 210.
12.32000, 244.
12.33000, 224.
12.34000, 246.
12.35000, 242.
12.36000, 258.
12.37000, 228.
12.38000, 226.
12.39000, 239.
12.40000, 249.
12.41000, 247.
12.42000, 291.
12.43000, 322.
12.44000, 344.
12.45000, 368.
12.46000, 384.
12.47000, 460.
12.48000, 489.
12.49000, 562.
12.50000, 631.
12.51000, 686.
12.52000, 806.
12.53000, 812.
12.54000, 944.
12.55000, 978.
12.56000, 1098.
12.57000, 1093.
12.58000, 1142.
12.59000, 1160.
12.60000, 1174.
12.61000, 1164.
12.62000, 1151.
12.63000, 1213.
12.64000, 1100.
12.65000, 1003.
12.66000, 1023.
12.67000, 932.
12.68000, 853.
12.69000, 842.
12.70000, 808.
12.71000, 660.
12.72000, 612.
12.73000, 531.
12.74000, 477.
12.75000, 483.
12.76000, 423.
12.77000, 361.
12.78000, 379.
12.79000, 363.
12.80000, 285.
12.81000, 295.
12.82000, 286.
12.83000, 297.
12.84000, 263.
12.85000, 258.
12.86000, 262.
12.87000, 254.
12.88000, 232.
12.89000, 208.
12.90000, 211.
12.91000, 228.
12.92000, 213.
12.93000, 207.
12.94000, 211.
12.95000, 224.
12.96000, 196.
12.97000, 243.
12.98000, 214.
12.99000, 208.
13.00000, 230.
13.01000, 208.
13.02000, 188.
13.03000, 225.
13.04000, 201.
13.05000, 216.
13.06000, 205.
13.07000, 192.
13.08000, 192.
13.09000, 209.
13.10000, 181.
13.11000, 190.
13.12000, 210.
13.13000, 202.
13.14000, 175.
13.15000, 175.
13.16000, 196.
13.17000, 176.
13.18000, 185.
13.19000, 181.
13.20000, 181.
13.21000, 203.
13.22000, 177.
13.23000, 220.
13.24000, 192.
13.25000, 194.
13.26000, 209.
13.27000, 213.
13.28000, 211.
13.29000, 230.
13.30000, 220.
13.31000, 223.
13.32000, 239.
13.33000, 229.
13.34000, 237.
13.35000, 266.
13.36000, 254.
13.37000, 270.
13.38000, 247.
13.39000, 255.
13.40000, 238.
13.41000, 246.
13.42000, 255.
13.43000, 233.
13.44000, 231.
13.45000, 239.
13.46000, 203.
13.47000, 214.
13.48000, 225.
13.49000, 200.
13.50000, 190.
13.51000, 158.
13.52000, 178.
13.53000, 172.
13.54000, 168.
13.55000, 186.
13.56000, 177.
13.57000, 160.
13.58000, 181.
13.59000, 182.
13.60000, 173.
13.61000, 162.
13.62000, 160.
13.63000, 174.
13.64000, 182.
13.65000, 173.
13.66000, 160.
13.67000, 154.
13.68000, 191.
13.69000, 172.
13.70000, 168.
13.71000, 193.
13.72000, 162.
13.73000, 183.
13.74000, 181.
13.75000, 159.
13.76000, 163.
13.77000, 150.
13.78000, 174.
13.79000, 165.
13.80000, 165.
13.81000, 183.
13.82000, 173.
13.83000, 158.
13.84000, 176.
13.85000, 188.
13.86000, 179.
13.87000, 174.
13.88000, 176.
13.89000, 161.
13.90000, 170.
13.91000, 173.
13.92000, 197.
13.93000, 174.
13.94000, 170.
13.95000, 195.
13.96000, 191.
13.97000, 213.
13.98000, 215.
13.99000, 229.
14.00000, 229.
14.01000, 222.
14.02000, 234.
14.03000, 253.
14.04000, 245.
14.05000, 251.
14.06000, 259.
14.07000, 301.
14.08000, 292.
14.09000, 291.
14.10000, 308.
14.11000, 312.
14.12000, 285.
14.13000, 323.
14.14000, 295.
14.15000, 302.
14.16000, 310.
14.17000, 330.
14.18000, 250.
14.19000, 313.
14.20000, 267.
14.21000, 264.
14.22000, 250.
14.23000, 234.
14.24000, 208.
14.25000, 258.
14.26000, 236.
14.27000, 204.
14.28000, 200.
14.29000, 211.
14.30000, 193.
14.31000, 202.
14.32000, 208.
14.33000, 178.
14.34000, 163.
14.35000, 156.
14.36000, 164.
14.37000, 206.
14.38000, 157.
14.39000, 186.
14.40000, 197.
14.41000, 163.
14.42000, 180.
14.43000, 151.
14.44000, 154.
14.45000, 165.
14.46000, 160.
14.47000, 153.
14.48000, 177.
14.49000, 168.
14.50000, 180.
14.51000, 160.
14.52000, 159.
14.53000, 176.
14.54000, 181.
14.55000, 201.
14.56000, 190.
14.57000, 191.
14.58000, 184.
14.59000, 227.
14.60000, 229.
14.61000, 209.
14.62000, 220.
14.63000, 241.
14.64000, 276.
14.65000, 277.
14.66000, 265.
14.67000, 307.
14.68000, 280.
14.69000, 292.
14.70000, 320.
14.71000, 307.
14.72000, 338.
14.73000, 339.
14.74000, 324.
14.75000, 318.
14.76000, 342.
14.77000, 301.
14.78000, 308.
14.79000, 303.
14.80000, 307.
14.81000, 291.
14.82000, 297.
14.83000, 265.
14.84000, 315.
14.85000, 282.
14.86000, 281.
14.87000, 246.
14.88000, 260.
14.89000, 248.
14.90000, 221.
14.91000, 250.
14.92000, 237.
14.93000, 250.
14.94000, 223.
14.95000, 206.
14.96000, 224.
14.97000, 191.
14.98000, 211.
14.99000, 209.
15.00000, 187.
15.01000, 228.
15.02000, 177.
15.03000, 194.
15.04000, 212.
15.05000, 243.
15.06000, 209.
15.07000, 190.
15.08000, 197.
15.09000, 219.
15.10000, 202.
15.11000, 203.
15.12000, 199.
15.13000, 213.
15.14000, 205.
15.15000, 194.
15.16000, 212.
15.17000, 198.
15.18000, 209.
15.19000, 223.
15.20000, 213.
15.21000, 223.
15.22000, 203.
15.23000, 166.
15.24000, 191.
15.25000, 201.
15.26000, 195.
15.27000, 193.
15.28000, 179.
15.29000, 204.
15.30000, 182.
15.31000, 162.
15.32000, 156.
15.33000, 179.
15.34000, 161.
15.35000, 163.
15.36000, 163.
15.37000, 166.
15.38000, 152.
15.39000, 171.
15.40000, 146.
15.41000, 166.
15.42000, 146.
15.43000, 177.
15.44000, 175.
15.45000, 149.
15.46000, 170.
15.47000, 196.
15.48000, 170.
15.49000, 173.
15.50000, 184.
15.51000, 188.
15.52000, 200.
15.53000, 192.
15.54000, 204.
15.55000, 227.
15.56000, 235.
15.57000, 254.
15.58000, 269.
15.59000, 303.
15.60000, 304.
15.61000, 347.
15.62000, 330.
15.63000, 332.
15.64000, 372.
15.65000, 369.
15.66000, 430.
15.67000, 391.
15.68000, 427.
15.69000, 450.
15.70000, 463.
15.71000, 496.
15.72000, 474.
15.73000, 466.
15.74000, 514.
15.75000, 467.
15.76000, 447.
15.77000, 431.
15.78000, 455.
15.79000, 453.
15.80000, 384.
15.81000, 389.
15.82000, 372.
15.83000, 378.
15.84000, 366.
15.85000, 310.
15.86000, 282.
15.87000, 266.
15.88000, 267.
15.89000, 251.
15.90000, 259.
15.91000, 245.
15.92000, 221.
15.93000, 197.
15.94000, 200.
15.95000, 164.
15.96000, 175.
15.97000, 159.
15.98000, 163.
15.99000, 176.
16.00000, 153.
16.01000, 180.
16.02000, 157.
16.03000, 182.
16.04000, 178.
16.05000, 157.
16.06000, 161.
16.07000, 190.
16.08000, 129.
16.09000, 153.
16.10000, 162.
16.11000, 168.
16.12000, 159.
16.13000, 153.
16.14000, 144.
16.15000, 155.
16.16000, 157.
16.17000, 146.
16.18000, 138.
16.19000, 165.
16.20000, 175.
16.21000, 172.
16.22000, 148.
16.23000, 157.
16.24000, 169.
16.25000, 162.
16.26000, 170.
16.27000, 135.
16.28000, 145.
16.29000, 172.
16.30000, 159.
16.31000, 156.
16.32000, 145.
16.33000, 181.
16.34000, 159.
16.35000, 154.
16.36000, 156.
16.37000, 160.
16.38000, 182.
16.39000, 163.
16.40000, 158.
16.41000, 163.
16.42000, 169.
16.43000, 160.
16.44000, 155.
16.45000, 154.
16.46000, 145.
16.47000, 168.
16.48000, 148.
16.49000, 149.
16.50000, 161.
16.51000, 157.
16.52000, 168.
16.53000, 148.
16.54000, 173.
16.55000, 184.
16.56000, 169.
16.57000, 167.
16.58000, 188.
16.59000, 180.
16.60000, 158.
16.61000, 139.
16.62000, 186.
16.63000, 159.
16.64000, 184.
16.65000, 154.
16.66000, 171.
16.67000, 182.
16.68000, 163.
16.69000, 166.
16.70000, 169.
16.71000, 168.
16.72000, 145.
16.73000, 155.
16.74000, 162.
16.75000, 182.
16.76000, 163.
16.77000, 151.
16.78000, 169.
16.79000, 169.
16.80000, 175.
16.81000, 147.
16.82000, 161.
16.83000, 172.
16.84000, 157.
16.85000, 168.
16.86000, 155.
16.87000, 175.
16.88000, 180.
16.89000, 173.
16.90000, 160.
16.91000, 152.
16.92000, 187.
16.93000, 156.
16.94000, 175.
16.95000, 172.
16.96000, 180.
16.97000, 162.
16.98000, 166.
16.99000, 168.
17.00000, 159.
17.01000, 176.
17.02000, 190.
17.03000, 163.
17.04000, 165.
17.05000, 184.
17.06000, 168.
17.07000, 159.
17.08000, 169.
17.09000, 152.
17.10000, 183.
17.11000, 150.
17.12000, 162.
17.13000, 142.
17.14000, 174.
17.15000, 164.
17.16000, 151.
17.17000, 179.
17.18000, 169.
17.19000, 154.
17.20000, 163.
17.21000, 165.
17.22000, 194.
17.23000, 154.
17.24000, 182.
17.25000, 178.
17.26000, 201.
17.27000, 174.
17.28000, 196.
17.29000, 179.
17.30000, 156.
17.31000, 194.
17.32000, 194.
17.33000, 181.
17.34000, 170.
17.35000, 176.
17.36000, 150.
17.37000, 175.
17.38000, 165.
17.39000, 188.
17.40000, 182.
17.41000, 176.
17.42000, 166.
17.43000, 193.
17.44000, 182.
17.45000, 206.
17.46000, 176.
17.47000, 210.
17.48000, 181.
17.49000, 208.
17.50000, 177.
17.51000, 217.
17.52000, 233.
17.53000, 191.
17.54000, 205.
17.55000, 208.
17.56000, 234.
17.57000, 241.
17.58000, 250.
17.59000, 233.
17.60000, 232.
17.61000, 246.
17.62000, 236.
17.63000, 228.
17.64000, 257.
17.65000, 231.
17.66000, 231.
17.67000, 256.
17.68000, 251.
17.69000, 227.
17.70000, 239.
17.71000, 235.
17.72000, 220.
17.73000, 193.
17.74000, 212.
17.75000, 233.
17.76000, 208.
17.77000, 206.
17.78000, 186.
17.79000, 237.
17.80000, 224.
17.81000, 216.
17.82000, 232.
17.83000, 239.
17.84000, 254.
17.85000, 229.
17.86000, 240.
17.87000, 200.
17.88000, 241.
17.89000, 207.
17.90000, 224.
17.91000, 226.
17.92000, 253.
17.93000, 244.
17.94000, 227.
17.95000, 243.
17.96000, 241.
17.97000, 198.
17.98000, 232.
17.99000, 255.
18.00000, 230.
18.01000, 244.
18.02000, 230.
18.03000, 246.
18.04000, 243.
18.05000, 232.
18.06000, 247.
18.07000, 279.
18.08000, 247.
18.09000, 274.
18.10000, 259.
18.11000, 281.
18.12000, 285.
18.13000, 281.
18.14000, 275.
18.15000, 247.
18.16000, 297.
18.17000, 305.
18.18000, 284.
18.19000, 275.
18.20000, 353.
18.21000, 329.
18.22000, 281.
18.23000, 335.
18.24000, 279.
18.25000, 308.
18.26000, 315.
18.27000, 336.
18.28000, 379.
18.29000, 359.
18.30000, 354.
18.31000, 352.
18.32000, 362.
18.33000, 382.
18.34000, 423.
18.35000, 396.
18.36000, 418.
18.37000, 442.
18.38000, 406.
18.39000, 441.
18.40000, 461.
18.41000, 472.
18.42000, 497.
18.43000, 513.
18.44000, 544.
18.45000, 561.
18.46000, 547.
18.47000, 575.
18.48000, 523.
18.49000, 553.
18.50000, 601.
18.51000, 622.
18.52000, 626.
18.53000, 640.
18.54000, 672.
18.55000, 690.
18.56000, 686.
18.57000, 722.
18.58000, 767.
18.59000, 719.
18.60000, 777.
18.61000, 840.
18.62000, 831.
18.63000, 832.
18.64000, 835.
18.65000, 875.
18.66000, 918.
18.67000, 871.
18.68000, 901.
18.69000, 870.
18.70000, 932.
18.71000, 966.
18.72000, 992.
18.73000, 927.
18.74000, 997.
18.75000, 974.
18.76000, 953.
18.77000, 1008.
18.78000, 1014.
18.79000, 1004.
18.80000, 1004.
18.81000, 956.
18.82000, 1041.
18.83000, 980.
18.84000, 996.
18.85000, 920.
18.86000, 931.
18.87000, 948.
18.88000, 942.
18.89000, 938.
18.90000, 925.
18.91000, 945.
18.92000, 887.
18.93000, 876.
18.94000, 866.
18.95000, 817.
18.96000, 818.
18.97000, 875.
18.98000, 750.
18.99000, 865.
19.00000, 843.
19.01000, 787.
19.02000, 756.
19.03000, 730.
19.04000, 735.
19.05000, 705.
19.06000, 666.
19.07000, 690.
19.08000, 669.
19.09000, 669.
19.10000, 617.
19.11000, 578.
19.12000, 592.
19.13000, 559.
19.14000, 562.
19.15000, 527.
19.16000, 563.
19.17000, 473.
19.18000, 473.
19.19000, 496.
19.20000, 421.
19.21000, 435.
19.22000, 390.
19.23000, 389.
19.24000, 410.
19.25000, 403.
19.26000, 402.
19.27000, 397.
19.28000, 387.
19.29000, 353.
19.30000, 385.
19.31000, 339.
19.32000, 353.
19.33000, 333.
19.34000, 330.
19.35000, 307.
19.36000, 305.
19.37000, 320.
19.38000, 317.
19.39000, 281.
19.40000, 317.
19.41000, 320.
19.42000, 305.
19.43000, 267.
19.44000, 244.
19.45000, 303.
19.46000, 270.
19.47000, 264.
19.48000, 270.
19.49000, 265.
19.50000, 223.
19.51000, 266.
19.52000, 246.
19.53000, 242.
19.54000, 216.
19.55000, 228.
19.56000, 229.
19.57000, 221.
19.58000, 237.
19.59000, 208.
19.60000, 206.
19.61000, 226.
19.62000, 197.
19.63000, 224.
19.64000, 197.
19.65000, 183.
19.66000, 221.
19.67000, 185.
19.68000, 202.
19.69000, 211.
19.70000, 200.
19.71000, 172.
19.72000, 199.
19.73000, 177.
19.74000, 187.
19.75000, 170.
19.76000, 185.
19.77000, 200.
19.78000, 177.
19.79000, 221.
19.80000, 204.
19.81000, 202.
19.82000, 186.
19.83000, 198.
19.84000, 203.
19.85000, 207.
19.86000, 224.
19.87000, 193.
19.88000, 231.
19.89000, 215.
19.90000, 244.
19.91000, 248.
19.92000, 281.
19.93000, 266.
19.94000, 283.
19.95000, 294.
19.96000, 311.
19.97000, 325.
19.98000, 358.
19.99000, 358.
20.00000, 359.
20.01000, 401.
20.02000, 444.
20.03000, 489.
20.04000, 460.
20.05000, 470.
20.06000, 536.
20.07000, 514.
20.08000, 501.
20.09000, 536.
20.10000, 568.
20.11000, 576.
20.12000, 541.
20.13000, 601.
20.14000, 591.
20.15000, 606.
20.16000, 550.
20.17000, 604.
20.18000, 579.
20.19000, 581.
20.20000, 540.
20.21000, 581.
20.22000, 485.
20.23000, 494.
20.24000, 485.
20.25000, 452.
20.26000, 444.
20.27000, 447.
20.28000, 399.
20.29000, 353.
20.30000, 330.
20.31000, 318.
20.32000, 284.
20.33000, 308.
20.34000, 255.
20.35000, 256.
20.36000, 234.
20.37000, 191.
20.38000, 205.
20.39000, 211.
20.40000, 208.
20.41000, 175.
20.42000, 182.
20.43000, 167.
20.44000, 184.
20.45000, 176.
20.46000, 163.
20.47000, 181.
20.48000, 163.
20.49000, 163.
20.50000, 166.
20.51000, 172.
20.52000, 158.
20.53000, 197.
20.54000, 188.
20.55000, 183.
20.56000, 180.
20.57000, 182.
20.58000, 185.
20.59000, 174.
20.60000, 175.
20.61000, 204.
20.62000, 183.
20.63000, 213.
20.64000, 184.
20.65000, 190.
20.66000, 185.
20.67000, 211.
20.68000, 215.
20.69000, 205.
20.70000, 201.
20.71000, 200.
20.72000, 218.
20.73000, 194.
20.74000, 230.
20.75000, 221.
20.76000, 200.
20.77000, 197.
20.78000, 231.
20.79000, 234.
20.80000, 252.
20.81000, 230.
20.82000, 226.
20.83000, 229.
20.84000, 242.
20.85000, 231.
20.86000, 233.
20.87000, 251.
20.88000, 241.
20.89000, 260.
20.90000, 248.
20.91000, 244.
20.92000, 266.
20.93000, 255.
20.94000, 255.
20.95000, 254.
20.96000, 253.
20.97000, 268.
20.98000, 259.
20.99000, 261.
21.00000, 261.
21.01000, 279.
21.02000, 258.
21.03000, 248.
21.04000, 282.
21.05000, 264.
21.06000, 247.
21.07000, 255.
21.08000, 257.
21.09000, 242.
21.10000, 255.
21.11000, 261.
21.12000, 233.
21.13000, 272.
21.14000, 236.
21.15000, 221.
21.16000, 247.
21.17000, 266.
21.18000, 231.
21.19000, 243.
21.20000, 232.
21.21000, 214.
21.22000, 218.
21.23000, 219.
21.24000, 232.
21.25000, 245.
21.26000, 221.
21.27000, 220.
21.28000, 187.
21.29000, 216.
21.30000, 217.
21.31000, 225.
21.32000, 224.
21.33000, 205.
21.34000, 167.
21.35000, 190.
21.36000, 176.
21.37000, 210.
21.38000, 197.
21.39000, 168.
21.40000, 190.
21.41000, 158.
21.42000, 174.
21.43000, 175.
21.44000, 183.
21.45000, 162.
21.46000, 150.
21.47000, 139.
21.48000, 155.
21.49000, 163.
21.50000, 157.
21.51000, 169.
21.52000, 171.
21.53000, 152.
21.54000, 143.
21.55000, 150.
21.56000, 169.
21.57000, 130.
21.58000, 150.
21.59000, 126.
21.60000, 130.
21.61000, 118.
21.62000, 150.
21.63000, 146.
21.64000, 130.
21.65000, 139.
21.66000, 126.
21.67000, 140.
21.68000, 131.
21.69000, 132.
21.70000, 137.
21.71000, 146.
21.72000, 120.
21.73000, 126.
21.74000, 129.
21.75000, 128.
21.76000, 122.
21.77000, 108.
21.78000, 119.
21.79000, 111.
21.80000, 105.
21.81000, 111.
21.82000, 112.
21.83000, 140.
21.84000, 107.
21.85000, 125.
21.86000, 105.
21.87000, 102.
21.88000, 100.
21.89000, 99.
21.90000, 119.
21.91000, 136.
21.92000, 120.
21.93000, 108.
21.94000, 102.
21.95000, 121.
21.96000, 113.
21.97000, 114.
21.98000, 103.
21.99000, 104.
22.00000, 96.
22.01000, 114.
22.02000, 116.
22.03000, 93.
22.04000, 113.
22.05000, 101.
22.06000, 95.
22.07000, 105.
22.08000, 98.
22.09000, 107.
22.10000, 89.
22.11000, 95.
22.12000, 100.
22.13000, 102.
22.14000, 93.
22.15000, 105.
22.16000, 87.
22.17000, 104.
22.18000, 95.
22.19000, 102.
22.20000, 95.
22.21000, 94.
22.22000, 106.
22.23000, 81.
22.24000, 91.
22.25000, 86.
22.26000, 109.
22.27000, 74.
22.28000, 96.
22.29000, 99.
22.30000, 86.
22.31000, 89.
22.32000, 100.
22.33000, 91.
22.34000, 112.
22.35000, 78.
22.36000, 83.
22.37000, 76.
22.38000, 100.
22.39000, 119.
22.40000, 83.
22.41000, 95.
22.42000, 92.
22.43000, 86.
22.44000, 98.
22.45000, 95.
22.46000, 70.
22.47000, 102.
22.48000, 98.
22.49000, 94.
22.50000, 116.
22.51000, 126.
22.52000, 100.
22.53000, 114.
22.54000, 113.
22.55000, 119.
22.56000, 122.
22.57000, 119.
22.58000, 111.
22.59000, 141.
22.60000, 124.
22.61000, 145.
22.62000, 148.
22.63000, 135.
22.64000, 124.
22.65000, 134.
22.66000, 139.
22.67000, 139.
22.68000, 129.
22.69000, 140.
22.70000, 145.
22.71000, 145.
22.72000, 152.
22.73000, 134.
22.74000, 138.
22.75000, 145.
22.76000, 142.
22.77000, 118.
22.78000, 119.
22.79000, 114.
22.80000, 119.
22.81000, 117.
22.82000, 115.
22.83000, 129.
22.84000, 95.
22.85000, 119.
22.86000, 86.
22.87000, 95.
22.88000, 92.
22.89000, 93.
22.90000, 96.
22.91000, 94.
22.92000, 90.
22.93000, 91.
22.94000, 86.
22.95000, 88.
22.96000, 89.
22.97000, 88.
22.98000, 76.
22.99000, 79.
23.00000, 94.
23.01000, 80.
23.02000, 94.
23.03000, 95.
23.04000, 89.
23.05000, 88.
23.06000, 96.
23.07000, 91.
23.08000, 81.
23.09000, 83.
23.10000, 96.
23.11000, 87.
23.12000, 83.
23.13000, 77.
23.14000, 96.
23.15000, 82.
23.16000, 103.
23.17000, 81.
23.18000, 91.
23.19000, 77.
23.20000, 88.
23.21000, 85.
23.22000, 85.
23.23000, 91.
23.24000, 81.
23.25000, 92.
23.26000, 81.
23.27000, 80.
23.28000, 75.
23.29000, 58.
23.30000, 76.
23.31000, 63.
23.32000, 84.
23.33000, 86.
23.34000, 88.
23.35000, 77.
23.36000, 70.
23.37000, 79.
23.38000, 79.
23.39000, 71.
23.40000, 69.
23.41000, 73.
23.42000, 93.
23.43000, 72.
23.44000, 87.
23.45000, 69.
23.46000, 79.
23.47000, 66.
23.48000, 66.
23.49000, 70.
23.50000, 72.
23.51000, 81.
23.52000, 84.
23.53000, 65.
23.54000, 66.
23.55000, 79.
23.56000, 74.
23.57000, 73.
23.58000, 69.
23.59000, 69.
23.60000, 68.
23.61000, 80.
23.62000, 66.
23.63000, 94.
23.64000, 69.
23.65000, 74.
23.66000, 73.
23.67000, 72.
23.68000, 69.
23.69000, 92.
23.70000, 84.
23.71000, 89.
23.72000, 76.
23.73000, 71.
23.74000, 63.
23.75000, 59.
23.76000, 61.
23.77000, 78.
23.78000, 64.
23.79000, 83.
23.80000, 72.
23.81000, 70.
23.82000, 72.
23.83000, 63.
23.84000, 74.
23.85000, 64.
23.86000, 97.
23.87000, 59.
23.88000, 73.
23.89000, 79.
23.90000, 69.
23.91000, 72.
23.92000, 65.
23.93000, 71.
23.94000, 65.
23.95000, 68.
23.96000, 55.
23.97000, 70.
23.98000, 66.
23.99000, 73.
24.00000, 75.
24.01000, 60.
24.02000, 63.
24.03000, 63.
24.04000, 73.
24.05000, 80.
24.06000, 77.
24.07000, 69.
24.08000, 71.
24.09000, 84.
24.10000, 61.
24.11000, 74.
24.12000, 69.
24.13000, 65.
24.14000, 63.
24.15000, 80.
24.16000, 61.
24.17000, 71.
24.18000, 70.
24.19000, 62.
24.20000, 80.
24.21000, 71.
24.22000, 62.
24.23000, 65.
24.24000, 70.
24.25000, 56.
24.26000, 67.
24.27000, 60.
24.28000, 55.
24.29000, 68.
24.30000, 63.
24.31000, 79.
24.32000, 71.
24.33000, 64.
24.34000, 73.
24.35000, 81.
24.36000, 74.
24.37000, 65.
24.38000, 66.
24.39000, 59.
24.40000, 70.
24.41000, 72.
24.42000, 55.
24.43000, 69.
24.44000, 63.
24.45000, 64.
24.46000, 66.
24.47000, 70.
24.48000, 60.
24.49000, 67.
24.50000, 58.
24.51000, 64.
24.52000, 64.
24.53000, 62.
24.54000, 51.
24.55000, 69.
24.56000, 68.
24.57000, 58.
24.58000, 77.
24.59000, 81.
24.60000, 64.
24.61000, 63.
24.62000, 59.
24.63000, 57.
24.64000, 78.
24.65000, 72.
24.66000, 53.
24.67000, 64.
24.68000, 50.
24.69000, 66.
24.70000, 75.
24.71000, 66.
24.72000, 60.
24.73000, 70.
24.74000, 63.
24.75000, 75.
24.76000, 59.
24.77000, 66.
24.78000, 67.
24.79000, 66.
24.80000, 70.
24.81000, 88.
24.82000, 68.
24.83000, 61.
24.84000, 60.
24.85000, 52.
24.86000, 66.
24.87000, 71.
24.88000, 68.
24.89000, 83.
24.90000, 66.
24.91000, 65.
24.92000, 78.
24.93000, 78.
24.94000, 77.
24.95000, 58.
24.96000, 58.
24.97000, 68.
24.98000, 86.
24.99000, 66.
25.00000, 73.
25.01000, 81.
25.02000, 68.
25.03000, 82.
25.04000, 78.
25.05000, 68.
25.06000, 63.
25.07000, 68.
25.08000, 75.
25.09000, 64.
25.10000, 78.
25.11000, 71.
25.12000, 64.
25.13000, 74.
25.14000, 65.
25.15000, 70.
25.16000, 67.
25.17000, 87.
25.18000, 78.
25.19000, 79.
25.20000, 73.
25.21000, 87.
25.22000, 66.
25.23000, 56.
25.24000, 76.
25.25000, 89.
25.26000, 73.
25.27000, 81.
25.28000, 75.
25.29000, 61.
25.30000, 75.
25.31000, 68.
25.32000, 73.
25.33000, 64.
25.34000, 60.
25.35000, 85.
25.36000, 64.
25.37000, 69.
25.38000, 66.
25.39000, 64.
25.40000, 74.
25.41000, 67.
25.42000, 63.
25.43000, 68.
25.44000, 73.
25.45000, 65.
25.46000, 63.
25.47000, 68.
25.48000, 72.
25.49000, 80.
25.50000, 63.
25.51000, 59.
25.52000, 62.
25.53000, 75.
25.54000, 77.
25.55000, 51.
25.56000, 61.
25.57000, 70.
25.58000, 57.
25.59000, 52.
25.60000, 71.
25.61000, 56.
25.62000, 68.
25.63000, 73.
25.64000, 68.
25.65000, 48.
25.66000, 49.
25.67000, 64.
25.68000, 57.
25.69000, 62.
25.70000, 58.
25.71000, 49.
25.72000, 66.
25.73000, 64.
25.74000, 67.
25.75000, 62.
25.76000, 53.
25.77000, 57.
25.78000, 59.
25.79000, 49.
25.80000, 50.
25.81000, 67.
25.82000, 55.
25.83000, 53.
25.84000, 58.
25.85000, 54.
25.86000, 52.
25.87000, 50.
25.88000, 52.
25.89000, 52.
25.90000, 61.
25.91000, 73.
25.92000, 56.
25.93000, 62.
25.94000, 51.
25.95000, 72.
25.96000, 73.
25.97000, 50.
25.98000, 56.
25.99000, 62.
26.00000, 53.
26.01000, 59.
26.02000, 56.
26.03000, 66.
26.04000, 55.
26.05000, 50.
26.06000, 64.
26.07000, 59.
26.08000, 58.
26.09000, 63.
26.10000, 66.
26.11000, 62.
26.12000, 54.
26.13000, 53.
26.14000, 64.
26.15000, 66.
26.16000, 75.
26.17000, 57.
26.18000, 54.
26.19000, 59.
26.20000, 61.
26.21000, 47.
26.22000, 48.
26.23000, 53.
26.24000, 57.
26.25000, 52.
26.26000, 57.
26.27000, 64.
26.28000, 71.
26.29000, 63.
26.30000, 55.
26.31000, 56.
26.32000, 49.
26.33000, 41.
26.34000, 53.
26.35000, 73.
26.36000, 73.
26.37000, 50.
26.38000, 72.
26.39000, 57.
26.40000, 50.
26.41000, 58.
26.42000, 70.
26.43000, 52.
26.44000, 46.
26.45000, 72.
26.46000, 66.
26.47000, 45.
26.48000, 55.
26.49000, 53.
26.50000, 48.
26.51000, 55.
26.52000, 46.
26.53000, 60.
26.54000, 91.
26.55000, 47.
26.56000, 59.
26.57000, 55.
26.58000, 64.
26.59000, 61.
26.60000, 54.
26.61000, 67.
26.62000, 63.
26.63000, 47.
26.64000, 70.
26.65000, 72.
26.66000, 47.
26.67000, 58.
26.68000, 56.
26.69000, 60.
26.70000, 56.
26.71000, 72.
26.72000, 54.
26.73000, 52.
26.74000, 50.
26.75000, 54.
26.76000, 52.
26.77000, 62.
26.78000, 52.
26.79000, 64.
26.80000, 60.
26.81000, 51.
26.82000, 48.
26.83000, 56.
26.84000, 60.
26.85000, 46.
26.86000, 62.
26.87000, 60.
26.88000, 52.
26.89000, 42.
26.90000, 53.
26.91000, 51.
26.92000, 45.
26.93000, 50.
26.94000, 61.
26.95000, 57.
26.96000, 53.
26.97000, 60.
26.98000, 56.
26.99000, 52.
27.00000, 60.
27.01000, 43.
27.02000, 52.
27.03000, 69.
27.04000, 66.
27.05000, 70.
27.06000, 57.
27.07000, 67.
27.08000, 62.
27.09000, 56.
27.10000, 50.
27.11000, 51.
27.12000, 52.
27.13000, 50.
27.14000, 55.
27.15000, 49.
27.16000, 41.
27.17000, 47.
27.18000, 62.
27.19000, 42.
27.20000, 48.
27.21000, 46.
27.22000, 51.
27.23000, 50.
27.24000, 48.
27.25000, 64.
27.26000, 50.
27.27000, 52.
27.28000, 50.
27.29000, 38.
27.30000, 47.
27.31000, 43.
27.32000, 52.
27.33000, 60.
27.34000, 45.
27.35000, 41.
27.36000, 50.
27.37000, 50.
27.38000, 57.
27.39000, 56.
27.40000, 55.
27.41000, 59.
27.42000, 48.
27.43000, 59.
27.44000, 58.
27.45000, 56.
27.46000, 48.
27.47000, 59.
27.48000, 65.
27.49000, 53.
27.50000, 45.
27.51000, 59.
27.52000, 48.
27.53000, 43.
27.54000, 57.
27.55000, 37.
27.56000, 51.
27.57000, 52.
27.58000, 45.
27.59000, 49.
27.60000, 55.
27.61000, 48.
27.62000, 53.
27.63000, 40.
27.64000, 51.
27.65000, 36.
27.66000, 57.
27.67000, 49.
27.68000, 49.
27.69000, 46.
27.70000, 58.
27.71000, 60.
27.72000, 55.
27.73000, 35.
27.74000, 49.
27.75000, 43.
27.76000, 44.
27.77000, 50.
27.78000, 53.
27.79000, 45.
27.80000, 63.
27.81000, 56.
27.82000, 54.
27.83000, 44.
27.84000, 43.
27.85000, 43.
27.86000, 45.
27.87000, 44.
27.88000, 44.
27.89000, 42.
27.90000, 49.
27.91000, 51.
27.92000, 50.
27.93000, 44.
27.94000, 51.
27.95000, 41.
27.96000, 45.
27.97000, 50.
27.98000, 58.
27.99000, 42.
28.00000, 40.
28.01000, 42.
28.02000, 50.
28.03000, 46.
28.04000, 49.
28.05000, 38.
28.06000, 51.
28.07000, 48.
28.08000, 51.
28.09000, 45.
28.10000, 37.
28.11000, 49.
28.12000, 42.
28.13000, 40.
28.14000, 46.
28.15000, 42.
28.16000, 58.
28.17000, 42.
28.18000, 34.
28.19000, 59.
28.20000, 41.
28.21000, 46.
28.22000, 48.
28.23000, 44.
28.24000, 38.
28.25000, 38.
28.26000, 40.
28.27000, 43.
28.28000, 50.
28.29000, 44.
28.30000, 49.
28.31000, 41.
28.32000, 48.
28.33000, 42.
28.34000, 43.
28.35000, 48.
28.36000, 57.
28.37000, 36.
28.38000, 48.
28.39000, 46.
28.40000, 44.
28.41000, 47.
28.42000, 42.
28.43000, 41.
28.44000, 48.
28.45000, 52.
28.46000, 38.
28.47000, 37.
28.48000, 55.
28.49000, 44.
28.50000, 53.
28.51000, 56.
28.52000, 62.
28.53000, 47.
28.54000, 59.
28.55000, 42.
28.56000, 59.
28.57000, 51.
28.58000, 62.
28.59000, 43.
28.60000, 59.
28.61000, 51.
28.62000, 45.
28.63000, 47.
28.64000, 33.
28.65000, 44.
28.66000, 54.
28.67000, 53.
28.68000, 59.
28.69000, 46.
28.70000, 40.
28.71000, 48.
28.72000, 45.
28.73000, 46.
28.74000, 53.
28.75000, 54.
28.76000, 53.
28.77000, 49.
28.78000, 47.
28.79000, 53.
28.80000, 52.
28.81000, 42.
28.82000, 43.
28.83000, 52.
28.84000, 46.
28.85000, 45.
28.86000, 51.
28.87000, 38.
28.88000, 49.
28.89000, 36.
28.90000, 49.
28.91000, 39.
28.92000, 40.
28.93000, 32.
28.94000, 38.
28.95000, 43.
28.96000, 51.
28.97000, 43.
28.98000, 38.
28.99000, 37.
29.00000, 41.
29.01000, 39.
29.02000, 41.
29.03000, 41.
29.04000, 47.
29.05000, 53.
29.06000, 37.
29.07000, 35.
29.08000, 30.
29.09000, 36.
29.10000, 47.
29.11000, 45.
29.12000, 49.
29.13000, 37.
29.14000, 45.
29.15000, 49.
29.16000, 37.
29.17000, 32.
29.18000, 48.
29.19000, 33.
29.20000, 38.
29.21000, 44.
29.22000, 41.
29.23000, 51.
29.24000, 32.
29.25000, 28.
29.26000, 36.
29.27000, 33.
29.28000, 42.
29.29000, 38.
29.30000, 32.
29.31000, 51.
29.32000, 33.
29.33000, 38.
29.34000, 45.
29.35000, 40.
29.36000, 31.
29.37000, 44.
29.38000, 47.
29.39000, 50.
29.40000, 40.
29.41000, 49.
29.42000, 37.
29.43000, 32.
29.44000, 44.
29.45000, 45.
29.46000, 37.
29.47000, 42.
29.48000, 33.
29.49000, 25.
29.50000, 42.
29.51000, 41.
29.52000, 23.
29.53000, 45.
29.54000, 45.
29.55000, 44.
29.56000, 30.
29.57000, 36.
29.58000, 47.
29.59000, 41.
29.60000, 44.
29.61000, 49.
29.62000, 44.
29.63000, 37.
29.64000, 47.
29.65000, 28.
29.66000, 47.
29.67000, 36.
29.68000, 39.
29.69000, 42.
29.70000, 36.
29.71000, 49.
29.72000, 34.
29.73000, 38.
29.74000, 30.
29.75000, 37.
29.76000, 29.
29.77000, 34.
29.78000, 40.
29.79000, 44.
29.80000, 38.
29.81000, 40.
29.82000, 45.
29.83000, 34.
29.84000, 37.
29.85000, 44.
29.86000, 26.
29.87000, 35.
29.88000, 34.
29.89000, 46.
29.90000, 40.
29.91000, 35.
29.92000, 46.
29.93000, 31.
29.94000, 35.
29.95000, 26.
29.96000, 34.
29.97000, 34.
29.98000, 30.
29.99000, 52.
30.00000, 37.
30.01000, 42.
30.02000, 29.
30.03000, 60.
30.04000, 33.
30.05000, 37.
30.06000, 35.
30.07000, 32.
30.08000, 33.
30.09000, 43.
30.10000, 42.
30.11000, 32.
30.12000, 35.
30.13000, 33.
30.14000, 37.
30.15000, 43.
30.16000, 39.
30.17000, 33.
30.18000, 32.
30.19000, 48.
30.20000, 35.
30.21000, 33.
30.22000, 40.
30.23000, 47.
30.24000, 39.
30.25000, 30.
30.26000, 32.
30.27000, 28.
30.28000, 42.
30.29000, 35.
30.30000, 29.
30.31000, 36.
30.32000, 36.
30.33000, 36.
30.34000, 33.
30.35000, 33.
30.36000, 31.
30.37000, 37.
30.38000, 40.
30.39000, 39.
30.40000, 32.
30.41000, 43.
30.42000, 36.
30.43000, 40.
30.44000, 35.
30.45000, 48.
30.46000, 39.
30.47000, 41.
30.48000, 37.
30.49000, 33.
30.50000, 48.
30.51000, 42.
30.52000, 33.
30.53000, 39.
30.54000, 29.
30.55000, 43.
30.56000, 29.
30.57000, 18.
30.58000, 36.
30.59000, 44.
30.60000, 41.
30.61000, 33.
30.62000, 38.
30.63000, 35.
30.64000, 34.
30.65000, 30.
30.66000, 36.
30.67000, 35.
30.68000, 42.
30.69000, 30.
30.70000, 40.
30.71000, 33.
30.72000, 37.
30.73000, 32.
30.74000, 37.
30.75000, 44.
30.76000, 41.
30.77000, 41.
30.78000, 43.
30.79000, 35.
30.80000, 31.
30.81000, 43.
30.82000, 23.
30.83000, 29.
30.84000, 37.
30.85000, 31.
30.86000, 26.
30.87000, 36.
30.88000, 52.
30.89000, 36.
30.90000, 29.
30.91000, 30.
30.92000, 31.
30.93000, 39.
30.94000, 23.
30.95000, 39.
30.96000, 34.
30.97000, 33.
30.98000, 39.
30.99000, 36.
31.00000, 39.
31.01000, 27.
31.02000, 34.
31.03000, 31.
31.04000, 35.
31.05000, 37.
31.06000, 32.
31.07000, 28.
31.08000, 33.
31.09000, 29.
31.10000, 30.
31.11000, 29.
31.12000, 39.
31.13000, 44.
31.14000, 35.
31.15000, 35.
31.16000, 35.
31.17000, 36.
31.18000, 30.
31.19000, 25.
31.20000, 27.
31.21000, 47.
31.22000, 33.
31.23000, 29.
31.24000, 30.
31.25000, 28.
31.26000, 31.
31.27000, 35.
31.28000, 32.
31.29000, 30.
31.30000, 29.
31.31000, 33.
31.32000, 27.
31.33000, 35.
31.34000, 32.
31.35000, 39.
31.36000, 29.
31.37000, 33.
31.38000, 33.
31.39000, 35.
31.40000, 32.
31.41000, 28.
31.42000, 23.
31.43000, 27.
31.44000, 42.
31.45000, 38.
31.46000, 28.
31.47000, 27.
31.48000, 34.
31.49000, 35.
31.50000, 26.
31.51000, 41.
31.52000, 37.
31.53000, 25.
31.54000, 33.
31.55000, 37.
31.56000, 25.
31.57000, 30.
31.58000, 36.
31.59000, 36.
31.60000, 40.
31.61000, 47.
31.62000, 35.
31.63000, 38.
31.64000, 22.
31.65000, 34.
31.66000, 34.
31.67000, 38.
31.68000, 32.
31.69000, 41.
31.70000, 40.
31.71000, 37.
31.72000, 35.
31.73000, 34.
31.74000, 37.
31.75000, 27.
31.76000, 37.
31.77000, 26.
31.78000, 34.
31.79000, 29.
31.80000, 39.
31.81000, 47.
31.82000, 30.
31.83000, 33.
31.84000, 42.
31.85000, 37.
31.86000, 28.
31.87000, 30.
31.88000, 23.
31.89000, 29.
31.90000, 31.
31.91000, 20.
31.92000, 26.
31.93000, 26.
31.94000, 41.
31.95000, 33.
31.96000, 35.
31.97000, 33.
31.98000, 36.
31.99000, 32.
32.00000, 43.
32.01000, 31.
32.02000, 34.
32.03000, 26.
32.04000, 23.
32.05000, 39.
32.06000, 33.
32.07000, 30.
32.08000, 32.
32.09000, 38.
32.10000, 28.
32.11000, 31.
32.12000, 37.
32.13000, 33.
32.14000, 32.
32.15000, 24.
32.16000, 34.
32.17000, 37.
32.18000, 29.
32.19000, 38.
32.20000, 44.
32.21000, 27.
32.22000, 35.
32.23000, 23.
32.24000, 30.
32.25000, 25.
32.26000, 28.
32.27000, 41.
32.28000, 37.
32.29000, 37.
32.30000, 30.
32.31000, 26.
32.32000, 28.
32.33000, 23.
32.34000, 32.
32.35000, 28.
32.36000, 25.
32.37000, 26.
32.38000, 26.
32.39000, 35.
32.40000, 37.
32.41000, 31.
32.42000, 32.
32.43000, 24.
32.44000, 19.
32.45000, 24.
32.46000, 24.
32.47000, 26.
32.48000, 32.
32.49000, 20.
32.50000, 29.
32.51000, 33.
32.52000, 23.
32.53000, 29.
32.54000, 30.
32.55000, 27.
32.56000, 21.
32.57000, 16.
32.58000, 38.
32.59000, 32.
32.60000, 28.
32.61000, 18.
32.62000, 31.
32.63000, 26.
32.64000, 26.
32.65000, 30.
32.66000, 33.
32.67000, 29.
32.68000, 23.
32.69000, 40.
32.70000, 19.
32.71000, 33.
32.72000, 18.
32.73000, 21.
32.74000, 27.
32.75000, 19.
32.76000, 25.
32.77000, 30.
32.78000, 28.
32.79000, 34.
32.80000, 34.
32.81000, 36.
32.82000, 19.
32.83000, 30.
32.84000, 23.
32.85000, 16.
32.86000, 23.
32.87000, 27.
32.88000, 24.
32.89000, 25.
32.90000, 24.
32.91000, 21.
32.92000, 32.
32.93000, 26.
32.94000, 20.
32.95000, 20.
32.96000, 28.
32.97000, 26.
32.98000, 21.
32.99000, 26.
33.00000, 28.
33.01000, 26.
33.02000, 23.
33.03000, 30.
33.04000, 21.
33.05000, 19.
33.06000, 28.
33.07000, 28.
33.08000, 37.
33.09000, 25.
33.10000, 23.
33.11000, 30.
33.12000, 20.
33.13000, 19.
33.14000, 19.
33.15000, 24.
33.16000, 21.
33.17000, 35.
33.18000, 26.
33.19000, 26.
33.20000, 20.
33.21000, 24.
33.22000, 22.
33.23000, 24.
33.24000, 25.
33.25000, 23.
33.26000, 18.
33.27000, 27.
33.28000, 26.
33.29000, 29.
33.30000, 14.
33.31000, 18.
33.32000, 20.
33.33000, 29.
33.34000, 27.
33.35000, 17.
33.36000, 20.
33.37000, 28.
33.38000, 34.
33.39000, 15.
33.40000, 23.
33.41000, 30.
33.42000, 24.
33.43000, 22.
33.44000, 19.
33.45000, 20.
33.46000, 22.
33.47000, 23.
33.48000, 22.
33.49000, 14.
33.50000, 22.
33.51000, 25.
33.52000, 19.
33.53000, 17.
33.54000, 35.
33.55000, 16.
33.56000, 18.
33.57000, 22.
33.58000, 22.
33.59000, 30.
33.60000, 23.
33.61000, 22.
33.62000, 15.
33.63000, 21.
33.64000, 18.
33.65000, 21.
33.66000, 29.
33.67000, 11.
33.68000, 31.
33.69000, 23.
33.70000, 19.
33.71000, 20.
33.72000, 23.
33.73000, 19.
33.74000, 20.
33.75000, 25.
33.76000, 17.
33.77000, 23.
33.78000, 25.
33.79000, 21.
33.80000, 28.
33.81000, 21.
33.82000, 19.
33.83000, 22.
33.84000, 28.
33.85000, 16.
33.86000, 21.
33.87000, 15.
33.88000, 17.
33.89000, 15.
33.90000, 29.
33.91000, 24.
33.92000, 29.
33.93000, 13.
33.94000, 25.
33.95000, 26.
33.96000, 22.
33.97000, 19.
33.98000, 15.
33.99000, 13.
34.00000, 25.
34.01000, 23.
34.02000, 18.
34.03000, 20.
34.04000, 33.
34.05000, 21.
34.06000, 17.
34.07000, 21.
34.08000, 24.
34.09000, 22.
34.10000, 26.
34.11000, 18.
34.12000, 28.
34.13000, 15.
34.14000, 22.
34.15000, 15.
34.16000, 17.
34.17000, 28.
34.18000, 18.
34.19000, 20.
34.20000, 22.
34.21000, 18.
34.22000, 18.
34.23000, 18.
34.24000, 17.
34.25000, 22.
34.26000, 20.
34.27000, 22.
34.28000, 24.
34.29000, 17.
34.30000, 14.
34.31000, 19.
34.32000, 17.
34.33000, 14.
34.34000, 20.
34.35000, 23.
34.36000, 29.
34.37000, 27.
34.38000, 24.
34.39000, 14.
34.40000, 12.
34.41000, 18.
34.42000, 15.
34.43000, 25.
34.44000, 23.
34.45000, 23.
34.46000, 21.
34.47000, 21.
34.48000, 26.
34.49000, 20.
34.50000, 23.
34.51000, 14.
34.52000, 21.
34.53000, 17.
34.54000, 13.
34.55000, 22.
34.56000, 24.
34.57000, 32.
34.58000, 22.
34.59000, 18.
34.60000, 16.
34.61000, 19.
34.62000, 16.
34.63000, 25.
34.64000, 23.
34.65000, 19.
34.66000, 20.
34.67000, 23.
34.68000, 18.
34.69000, 25.
34.70000, 17.
34.71000, 13.
34.72000, 19.
34.73000, 22.
34.74000, 19.
34.75000, 16.
34.76000, 15.
34.77000, 22.
34.78000, 22.
34.79000, 22.
34.80000, 16.
34.81000, 20.
34.82000, 20.
34.83000, 22.
34.84000, 17.
34.85000, 22.
34.86000, 18.
34.87000, 19.
34.88000, 20.
34.89000, 23.
34.90000, 10.
34.91000, 24.
34.92000, 9.
34.93000, 23.
34.94000, 18.
34.95000, 23.
34.96000, 17.
34.97000, 19.
34.98000, 13.
34.99000, 13.
35.00000, 21.
35.01000, 25.
35.02000, 20.
35.03000, 7.
35.04000, 19.
35.05000, 19.
35.06000, 24.
35.07000, 10.
35.08000, 16.
35.09000, 21.
35.10000, 16.
35.11000, 11.
35.12000, 19.
35.13000, 19.
35.14000, 16.
35.15000, 26.
35.16000, 15.
35.17000, 12.
35.18000, 22.
35.19000, 12.
35.20000, 24.
35.21000, 19.
35.22000, 17.
35.23000, 19.
35.24000, 19.
35.25000, 21.
35.26000, 16.
35.27000, 9.
35.28000, 18.
35.29000, 13.
35.30000, 16.
35.31000, 15.
35.32000, 13.
35.33000, 18.
35.34000, 9.
35.35000, 15.
35.36000, 16.
35.37000, 15.
35.38000, 16.
35.39000, 14.
35.40000, 20.
35.41000, 11.
35.42000, 15.
35.43000, 16.
35.44000, 25.
35.45000, 23.
35.46000, 20.
35.47000, 12.
35.48000, 21.
35.49000, 21.
35.50000, 19.
35.51000, 15.
35.52000, 21.
35.53000, 11.
35.54000, 17.
35.55000, 20.
35.56000, 15.
35.57000, 16.
35.58000, 21.
35.59000, 24.
35.60000, 12.
35.61000, 10.
35.62000, 16.
35.63000, 17.
35.64000, 15.
35.65000, 15.
35.66000, 11.
35.67000, 16.
35.68000, 12.
35.69000, 15.
35.70000, 14.
35.71000, 21.
35.72000, 16.
35.73000, 21.
35.74000, 20.
35.75000, 15.
35.76000, 14.
35.77000, 14.
35.78000, 15.
35.79000, 13.
35.80000, 13.
35.81000, 9.
35.82000, 21.
35.83000, 13.
35.84000, 17.
35.85000, 14.
35.86000, 23.
35.87000, 20.
35.88000, 17.
35.89000, 14.
35.90000, 16.
35.91000, 7.
35.92000, 20.
35.93000, 18.
35.94000, 11.
35.95000, 9.
35.96000, 20.
35.97000, 8.
35.98000, 11.
35.99000, 24.
36.00000, 16.
36.01000, 17.
36.02000, 17.
36.03000, 12.
36.04000, 13.
36.05000, 13.
36.06000, 20.
36.07000, 13.
36.08000, 16.
36.09000, 11.
36.10000, 11.
36.11000, 17.
36.12000, 20.
36.13000, 26.
36.14000, 13.
36.15000, 15.
36.16000, 16.
36.17000, 17.
36.18000, 14.
36.19000, 11.
36.20000, 7.
36.21000, 18.
36.22000, 16.
36.23000, 18.
36.24000, 12.
36.25000, 26.
36.26000, 12.
36.27000, 28.
36.28000, 22.
36.29000, 30.
36.30000, 19.
36.31000, 12.
36.32000, 21.
36.33000, 18.
36.34000, 15.
36.35000, 10.
36.36000, 17.
36.37000, 17.
36.38000, 11.
36.39000, 11.
36.40000, 15.
36.41000, 15.
36.42000, 15.
36.43000, 17.
36.44000, 13.
36.45000, 15.
36.46000, 15.
36.47000, 16.
36.48000, 18.
36.49000, 10.
36.50000, 16.
36.51000, 8.
36.52000, 17.
36.53000, 11.
36.54000, 7.
36.55000, 19.
36.56000, 16.
36.57000, 20.
36.58000, 14.
36.59000, 12.
36.60000, 19.
36.61000, 8.
36.62000, 13.
36.63000, 8.
36.64000, 14.
36.65000, 14.
36.66000, 12.
36.67000, 15.
36.68000, 8.
36.69000, 16.
36.70000, 7.
36.71000, 11.
36.72000, 13.
36.73000, 17.
36.74000, 14.
36.75000, 7.
36.76000, 11.
36.77000, 12.
36.78000, 14.
36.79000, 12.
36.80000, 15.
36.81000, 10.
36.82000, 12.
36.83000, 9.
36.84000, 12.
36.85000, 16.
36.86000, 9.
36.87000, 15.
36.88000, 13.
36.89000, 10.
36.90000, 18.
36.91000, 13.
36.92000, 12.
36.93000, 10.
36.94000, 12.
36.95000, 14.
36.96000, 11.
36.97000, 7.
36.98000, 9.
36.99000, 11.
37.00000, 10.
37.01000, 9.
37.02000, 14.
37.03000, 17.
37.04000, 19.
37.05000, 10.
37.06000, 5.
37.07000, 12.
37.08000, 14.
37.09000, 12.
37.10000, 15.
37.11000, 11.
37.12000, 15.
37.13000, 8.
37.14000, 13.
37.15000, 12.
37.16000, 10.
37.17000, 16.
37.18000, 17.
37.19000, 9.
37.20000, 8.
37.21000, 15.
37.22000, 12.
37.23000, 9.
37.24000, 13.
37.25000, 12.
37.26000, 14.
37.27000, 9.
37.28000, 21.
37.29000, 14.
37.30000, 5.
37.31000, 14.
37.32000, 13.
37.33000, 10.
37.34000, 12.
37.35000, 9.
37.36000, 9.
37.37000, 12.
37.38000, 19.
37.39000, 10.
37.40000, 10.
37.41000, 10.
37.42000, 11.
37.43000, 14.
37.44000, 6.
37.45000, 12.
37.46000, 9.
37.47000, 15.
37.48000, 12.
37.49000, 15.
37.50000, 11.
37.51000, 12.
37.52000, 14.
37.53000, 8.
37.54000, 17.
37.55000, 9.
37.56000, 12.
37.57000, 5.
37.58000, 13.
37.59000, 8.
37.60000, 14.
37.61000, 10.
37.62000, 13.
37.63000, 10.
37.64000, 9.
37.65000, 9.
37.66000, 6.
37.67000, 18.
37.68000, 12.
37.69000, 10.
37.70000, 9.
37.71000, 9.
37.72000, 9.
37.73000, 8.
37.74000, 8.
37.75000, 13.
37.76000, 8.
37.77000, 10.
37.78000, 17.
37.79000, 9.
37.80000, 12.
37.81000, 7.
37.82000, 10.
37.83000, 6.
37.84000, 8.
37.85000, 5.
37.86000, 8.
37.87000, 7.
37.88000, 11.
37.89000, 11.
37.90000, 10.
37.91000, 7.
37.92000, 9.
37.93000, 18.
37.94000, 8.
37.95000, 9.
37.96000, 9.
37.97000, 13.
37.98000, 12.
37.99000, 9.
38.00000, 14.
38.01000, 7.
38.02000, 11.
38.03000, 6.
38.04000, 8.
38.05000, 13.
38.06000, 9.
38.07000, 10.
38.08000, 9.
38.09000, 8.
38.10000, 9.
38.11000, 6.
38.12000, 7.
38.13000, 6.
38.14000, 16.
38.15000, 10.
38.16000, 18.
38.17000, 14.
38.18000, 9.
38.19000, 12.
38.20000, 6.
38.21000, 11.
38.22000, 12.
38.23000, 7.
38.24000, 7.
38.25000, 9.
38.26000, 4.
38.27000, 3.
38.28000, 8.
38.29000, 12.
38.30000, 10.
38.31000, 5.
38.32000, 10.
38.33000, 11.
38.34000, 7.
38.35000, 7.
38.36000, 3.
38.37000, 3.
38.38000, 8.
38.39000, 8.
38.40000, 9.
38.41000, 4.
38.42000, 8.
38.43000, 9.
38.44000, 7.
38.45000, 11.
38.46000, 13.
38.47000, 11.
38.48000, 6.
38.49000, 10.
38.50000, 13.
38.51000, 7.
38.52000, 7.
38.53000, 6.
38.54000, 8.
38.55000, 6.
38.56000, 6.
38.57000, 5.
38.58000, 5.
38.59000, 11.
38.60000, 8.
38.61000, 7.
38.62000, 5.
38.63000, 3.
38.64000, 14.
38.65000, 4.
38.66000, 7.
38.67000, 10.
38.68000, 3.
38.69000, 8.
38.70000, 10.
38.71000, 3.
38.72000, 6.
38.73000, 8.
38.74000, 6.
38.75000, 5.
38.76000, 7.
38.77000, 5.
38.78000, 12.
38.79000, 8.
38.80000, 6.
38.81000, 6.
38.82000, 11.
38.83000, 8.
38.84000, 12.
38.85000, 11.
38.86000, 11.
38.87000, 8.
38.88000, 11.
38.89000, 11.
38.90000, 9.
38.91000, 5.
38.92000, 5.
38.93000, 4.
38.94000, 8.
38.95000, 1.
38.96000, 5.
38.97000, 12.
38.98000, 12.
38.99000, 8.
39.00000, 6.
39.01000, 4.
39.02000, 5.
39.03000, 10.
39.04000, 9.
39.05000, 6.
39.06000, 8.
39.07000, 6.
39.08000, 5.
39.09000, 9.
39.10000, 7.
39.11000, 9.
39.12000, 4.
39.13000, 7.
39.14000, 5.
39.15000, 9.
39.16000, 9.
39.17000, 7.
39.18000, 6.
39.19000, 8.
39.20000, 7.
39.21000, 10.
39.22000, 5.
39.23000, 10.
39.24000, 3.
39.25000, 10.
39.26000, 5.
39.27000, 3.
39.28000, 12.
39.29000, 10.
39.30000, 11.
39.31000, 13.
39.32000, 3.
39.33000, 7.
39.34000, 10.
39.35000, 9.
39.36000, 6.
39.37000, 6.
39.38000, 8.
39.39000, 10.
39.40000, 8.
39.41000, 6.
39.42000, 6.
39.43000, 7.
39.44000, 7.
39.45000, 6.
39.46000, 8.
39.47000, 11.
39.48000, 11.
39.49000, 9.
39.50000, 9.
39.51000, 4.
39.52000, 4.
39.53000, 7.
39.54000, 5.
39.55000, 4.
39.56000, 7.
39.57000, 6.
39.58000, 8.
39.59000, 2.
39.60000, 4.
39.61000, 4.
39.62000, 4.
39.63000, 2.
39.64000, 5.
39.65000, 7.
39.66000, 3.
39.67000, 5.
39.68000, 8.
39.69000, 8.
39.70000, 6.
39.71000, 2.
39.72000, 8.
39.73000, 3.
39.74000, 3.
39.75000, 5.
39.76000, 5.
39.77000, 4.
39.78000, 7.
39.79000, 6.
39.80000, 3.
39.81000, 2.
39.82000, 2.
39.83000, 7.
39.84000, 6.
39.85000, 4.
39.86000, 4.
39.87000, 7.
39.88000, 5.
39.89000, 6.
39.90000, 8.
39.91000, 5.
39.92000, 10.
39.93000, 6.
39.94000, 3.
39.95000, 0.
39.96000, 4.
39.97000, 8.
39.98000, 11.
39.99000, 4.
40.00000, 4.
40.01000, 11.
40.02000, 6.
40.03000, 7.
40.04000, 6.
40.05000, 1.
40.06000, 2.
40.07000, 8.
40.08000, 5.
40.09000, 7.
40.10000, 4.
40.11000, 6.
40.12000, 3.
40.13000, 6.
40.14000, 3.
40.15000, 0.
40.16000, 4.
40.17000, 6.
40.18000, 7.
40.19000, 5.
40.20000, 5.
40.21000, 9.
40.22000, 6.
40.23000, 6.
40.24000, 8.
40.25000, 6.
40.26000, 4.
40.27000, 3.
40.28000, 4.
40.29000, 4.
40.30000, 5.
40.31000, 4.
40.32000, 5.
40.33000, 6.
40.34000, 5.
40.35000, 3.
40.36000, 2.
40.37000, 6.
40.38000, 3.
40.39000, 5.
40.40000, 5.
40.41000, 2.
40.42000, 8.
40.43000, 3.
40.44000, 4.
40.45000, 8.
40.46000, 0.
40.47000, 3.
40.48000, 3.
40.49000, 5.
40.50000, 3.
40.51000, 2.
40.52000, 1.
40.53000, 3.
40.54000, 1.
40.55000, 0.
#ENDOFDATA   : 
