#FORMAT      : EMSA/MAS Spectral Data File
#VERSION     : 1.0
#TITLE       : Spectrum 35
#DATE        : 21-AUG-2025
#TIME        : 15:39
#OWNER       : XGT7200
#NPOINTS     : 4096.
#NCOLUMNS    : 1.
#XUNITS      : keV
#YUNITS      : counts
#DATATYPE    : XY
#XPERCHAN    : 0.0100000
#OFFSET      : -0.400000
#SIGNALTYPE  : EDS
#CHOFFSET    : 40.0000
#LIVETIME    : 30.000000
#REALTIME    : 39.746513
#BEAMKV      : 50.0000
#PROBECUR    : 690000.
#MAGCAM      : 100.000
#XTILTSTGE   : 0.0
#AZIMANGLE   : 0.0
#ELEVANGLE   : 45.0
#XPOSITION mm: 0.0000
#YPOSITION mm: 0.0000
#ZPOSITION mm: 0.0000
##OXINSTPT   : 4
##OXINSTSTROB: 72.07
#SPECTRUM    : Spectral Data Starts Here
-0.40000, 0.
-0.39000, 0.
-0.38000, 0.
-0.37000, 0.
-0.36000, 0.
-0.35000, 0.
-0.34000, 0.
-0.33000, 0.
-0.32000, 0.
-0.31000, 0.
-0.30000, 0.
-0.29000, 0.
-0.28000, 0.
-0.27000, 0.
-0.26000, 0.
-0.25000, 0.
-0.24000, 0.
-0.23000, 0.
-0.22000, 0.
-0.21000, 0.
-0.20000, 0.
-0.19000, 0.
-0.18000, 0.
-0.17000, 0.
-0.16000, 0.
-0.15000, 0.
-0.14000, 0.
-0.13000, 0.
-0.12000, 0.
-0.11000, 0.
-0.10000, 0.
-0.09000, 0.
-0.08000, 0.
-0.07000, 0.
-0.06000, 0.
-0.05000, 0.
-0.04000, 0.
-0.03000, 0.
-0.02000, 0.
-0.01000, 0.
0.00000, 0.
0.01000, 0.
0.02000, 0.
0.03000, 0.
0.04000, 0.
0.05000, 0.
0.06000, 0.
0.07000, 0.
0.08000, 0.
0.09000, 0.
0.10000, 0.
0.11000, 0.
0.12000, 0.
0.13000, 0.
0.14000, 0.
0.15000, 0.
0.16000, 0.
0.17000, 0.
0.18000, 0.
0.19000, 0.
0.20000, 0.
0.21000, 0.
0.22000, 0.
0.23000, 0.
0.24000, 0.
0.25000, 0.
0.26000, 0.
0.27000, 0.
0.28000, 0.
0.29000, 1.
0.30000, 0.
0.31000, 1.
0.32000, 0.
0.33000, 0.
0.34000, 2.
0.35000, 3.
0.36000, 6.
0.37000, 7.
0.38000, 13.
0.39000, 13.
0.40000, 26.
0.41000, 38.
0.42000, 33.
0.43000, 31.
0.44000, 38.
0.45000, 42.
0.46000, 51.
0.47000, 51.
0.48000, 59.
0.49000, 51.
0.50000, 42.
0.51000, 42.
0.52000, 62.
0.53000, 52.
0.54000, 49.
0.55000, 49.
0.56000, 48.
0.57000, 48.
0.58000, 52.
0.59000, 55.
0.60000, 48.
0.61000, 45.
0.62000, 41.
0.63000, 43.
0.64000, 47.
0.65000, 39.
0.66000, 44.
0.67000, 51.
0.68000, 51.
0.69000, 42.
0.70000, 42.
0.71000, 39.
0.72000, 43.
0.73000, 49.
0.74000, 41.
0.75000, 34.
0.76000, 39.
0.77000, 37.
0.78000, 55.
0.79000, 46.
0.80000, 32.
0.81000, 31.
0.82000, 56.
0.83000, 29.
0.84000, 55.
0.85000, 50.
0.86000, 42.
0.87000, 42.
0.88000, 43.
0.89000, 48.
0.90000, 51.
0.91000, 56.
0.92000, 39.
0.93000, 39.
0.94000, 40.
0.95000, 55.
0.96000, 40.
0.97000, 34.
0.98000, 45.
0.99000, 50.
1.00000, 34.
1.01000, 65.
1.02000, 36.
1.03000, 50.
1.04000, 55.
1.05000, 51.
1.06000, 66.
1.07000, 53.
1.08000, 38.
1.09000, 46.
1.10000, 46.
1.11000, 54.
1.12000, 37.
1.13000, 33.
1.14000, 32.
1.15000, 40.
1.16000, 35.
1.17000, 41.
1.18000, 39.
1.19000, 54.
1.20000, 39.
1.21000, 50.
1.22000, 57.
1.23000, 45.
1.24000, 56.
1.25000, 59.
1.26000, 54.
1.27000, 70.
1.28000, 61.
1.29000, 46.
1.30000, 41.
1.31000, 57.
1.32000, 41.
1.33000, 34.
1.34000, 44.
1.35000, 45.
1.36000, 43.
1.37000, 49.
1.38000, 58.
1.39000, 69.
1.40000, 81.
1.41000, 133.
1.42000, 180.
1.43000, 277.
1.44000, 345.
1.45000, 457.
1.46000, 523.
1.47000, 608.
1.48000, 664.
1.49000, 719.
1.50000, 733.
1.51000, 660.
1.52000, 586.
1.53000, 475.
1.54000, 411.
1.55000, 311.
1.56000, 248.
1.57000, 195.
1.58000, 169.
1.59000, 124.
1.60000, 137.
1.61000, 136.
1.62000, 168.
1.63000, 252.
1.64000, 386.
1.65000, 625.
1.66000, 1120.
1.67000, 1555.
1.68000, 2421.
1.69000, 3365.
1.70000, 4519.
1.71000, 5744.
1.72000, 6665.
1.73000, 7441.
1.74000, 8017.
1.75000, 8048.
1.76000, 7780.
1.77000, 6975.
1.78000, 5871.
1.79000, 4909.
1.80000, 3771.
1.81000, 2759.
1.82000, 2007.
1.83000, 1374.
1.84000, 1065.
1.85000, 729.
1.86000, 525.
1.87000, 407.
1.88000, 318.
1.89000, 225.
1.90000, 164.
1.91000, 113.
1.92000, 101.
1.93000, 71.
1.94000, 74.
1.95000, 49.
1.96000, 63.
1.97000, 56.
1.98000, 77.
1.99000, 80.
2.00000, 65.
2.01000, 69.
2.02000, 60.
2.03000, 73.
2.04000, 89.
2.05000, 70.
2.06000, 50.
2.07000, 47.
2.08000, 46.
2.09000, 43.
2.10000, 31.
2.11000, 30.
2.12000, 34.
2.13000, 32.
2.14000, 35.
2.15000, 30.
2.16000, 22.
2.17000, 24.
2.18000, 28.
2.19000, 33.
2.20000, 28.
2.21000, 45.
2.22000, 31.
2.23000, 38.
2.24000, 51.
2.25000, 58.
2.26000, 78.
2.27000, 80.
2.28000, 100.
2.29000, 94.
2.30000, 134.
2.31000, 108.
2.32000, 158.
2.33000, 147.
2.34000, 147.
2.35000, 155.
2.36000, 143.
2.37000, 117.
2.38000, 129.
2.39000, 129.
2.40000, 108.
2.41000, 105.
2.42000, 120.
2.43000, 106.
2.44000, 105.
2.45000, 86.
2.46000, 93.
2.47000, 81.
2.48000, 79.
2.49000, 68.
2.50000, 63.
2.51000, 69.
2.52000, 63.
2.53000, 51.
2.54000, 44.
2.55000, 46.
2.56000, 52.
2.57000, 47.
2.58000, 60.
2.59000, 74.
2.60000, 91.
2.61000, 119.
2.62000, 130.
2.63000, 172.
2.64000, 234.
2.65000, 265.
2.66000, 338.
2.67000, 327.
2.68000, 377.
2.69000, 417.
2.70000, 480.
2.71000, 453.
2.72000, 432.
2.73000, 433.
2.74000, 363.
2.75000, 347.
2.76000, 265.
2.77000, 264.
2.78000, 234.
2.79000, 264.
2.80000, 267.
2.81000, 244.
2.82000, 238.
2.83000, 294.
2.84000, 266.
2.85000, 275.
2.86000, 269.
2.87000, 216.
2.88000, 247.
2.89000, 190.
2.90000, 187.
2.91000, 165.
2.92000, 139.
2.93000, 120.
2.94000, 104.
2.95000, 93.
2.96000, 81.
2.97000, 84.
2.98000, 70.
2.99000, 70.
3.00000, 51.
3.01000, 52.
3.02000, 50.
3.03000, 37.
3.04000, 49.
3.05000, 42.
3.06000, 41.
3.07000, 45.
3.08000, 31.
3.09000, 33.
3.10000, 44.
3.11000, 31.
3.12000, 29.
3.13000, 37.
3.14000, 40.
3.15000, 34.
3.16000, 48.
3.17000, 42.
3.18000, 51.
3.19000, 55.
3.20000, 80.
3.21000, 94.
3.22000, 122.
3.23000, 156.
3.24000, 217.
3.25000, 278.
3.26000, 346.
3.27000, 465.
3.28000, 532.
3.29000, 614.
3.30000, 665.
3.31000, 686.
3.32000, 672.
3.33000, 671.
3.34000, 604.
3.35000, 569.
3.36000, 503.
3.37000, 460.
3.38000, 331.
3.39000, 269.
3.40000, 194.
3.41000, 175.
3.42000, 106.
3.43000, 82.
3.44000, 82.
3.45000, 66.
3.46000, 52.
3.47000, 57.
3.48000, 63.
3.49000, 68.
3.50000, 54.
3.51000, 52.
3.52000, 94.
3.53000, 102.
3.54000, 98.
3.55000, 106.
3.56000, 145.
3.57000, 151.
3.58000, 166.
3.59000, 172.
3.60000, 247.
3.61000, 264.
3.62000, 290.
3.63000, 337.
3.64000, 394.
3.65000, 434.
3.66000, 472.
3.67000, 554.
3.68000, 608.
3.69000, 541.
3.70000, 593.
3.71000, 524.
3.72000, 518.
3.73000, 450.
3.74000, 398.
3.75000, 311.
3.76000, 276.
3.77000, 222.
3.78000, 159.
3.79000, 118.
3.80000, 94.
3.81000, 70.
3.82000, 46.
3.83000, 37.
3.84000, 28.
3.85000, 30.
3.86000, 30.
3.87000, 20.
3.88000, 17.
3.89000, 18.
3.90000, 26.
3.91000, 35.
3.92000, 44.
3.93000, 48.
3.94000, 56.
3.95000, 61.
3.96000, 69.
3.97000, 74.
3.98000, 97.
3.99000, 88.
4.00000, 98.
4.01000, 100.
4.02000, 104.
4.03000, 110.
4.04000, 82.
4.05000, 77.
4.06000, 75.
4.07000, 69.
4.08000, 60.
4.09000, 52.
4.10000, 42.
4.11000, 34.
4.12000, 35.
4.13000, 38.
4.14000, 32.
4.15000, 22.
4.16000, 40.
4.17000, 31.
4.18000, 29.
4.19000, 30.
4.20000, 17.
4.21000, 29.
4.22000, 28.
4.23000, 34.
4.24000, 31.
4.25000, 45.
4.26000, 25.
4.27000, 23.
4.28000, 25.
4.29000, 33.
4.30000, 28.
4.31000, 43.
4.32000, 33.
4.33000, 41.
4.34000, 36.
4.35000, 27.
4.36000, 38.
4.37000, 49.
4.38000, 65.
4.39000, 77.
4.40000, 80.
4.41000, 112.
4.42000, 145.
4.43000, 204.
4.44000, 263.
4.45000, 284.
4.46000, 346.
4.47000, 393.
4.48000, 440.
4.49000, 495.
4.50000, 477.
4.51000, 479.
4.52000, 487.
4.53000, 441.
4.54000, 386.
4.55000, 438.
4.56000, 334.
4.57000, 307.
4.58000, 266.
4.59000, 221.
4.60000, 142.
4.61000, 158.
4.62000, 129.
4.63000, 118.
4.64000, 116.
4.65000, 99.
4.66000, 99.
4.67000, 106.
4.68000, 79.
4.69000, 78.
4.70000, 75.
4.71000, 81.
4.72000, 72.
4.73000, 59.
4.74000, 76.
4.75000, 60.
4.76000, 63.
4.77000, 70.
4.78000, 80.
4.79000, 63.
4.80000, 64.
4.81000, 67.
4.82000, 89.
4.83000, 70.
4.84000, 86.
4.85000, 120.
4.86000, 88.
4.87000, 103.
4.88000, 107.
4.89000, 108.
4.90000, 120.
4.91000, 142.
4.92000, 131.
4.93000, 126.
4.94000, 151.
4.95000, 137.
4.96000, 119.
4.97000, 104.
4.98000, 103.
4.99000, 74.
5.00000, 106.
5.01000, 94.
5.02000, 69.
5.03000, 69.
5.04000, 68.
5.05000, 63.
5.06000, 58.
5.07000, 44.
5.08000, 51.
5.09000, 53.
5.10000, 46.
5.11000, 56.
5.12000, 44.
5.13000, 54.
5.14000, 51.
5.15000, 54.
5.16000, 41.
5.17000, 43.
5.18000, 55.
5.19000, 58.
5.20000, 71.
5.21000, 50.
5.22000, 54.
5.23000, 53.
5.24000, 69.
5.25000, 51.
5.26000, 60.
5.27000, 47.
5.28000, 62.
5.29000, 47.
5.30000, 66.
5.31000, 68.
5.32000, 70.
5.33000, 64.
5.34000, 53.
5.35000, 74.
5.36000, 73.
5.37000, 76.
5.38000, 64.
5.39000, 86.
5.40000, 78.
5.41000, 72.
5.42000, 97.
5.43000, 93.
5.44000, 84.
5.45000, 89.
5.46000, 92.
5.47000, 77.
5.48000, 65.
5.49000, 89.
5.50000, 77.
5.51000, 61.
5.52000, 56.
5.53000, 72.
5.54000, 77.
5.55000, 70.
5.56000, 69.
5.57000, 55.
5.58000, 67.
5.59000, 64.
5.60000, 60.
5.61000, 66.
5.62000, 68.
5.63000, 63.
5.64000, 60.
5.65000, 52.
5.66000, 60.
5.67000, 52.
5.68000, 48.
5.69000, 77.
5.70000, 51.
5.71000, 64.
5.72000, 55.
5.73000, 61.
5.74000, 56.
5.75000, 53.
5.76000, 80.
5.77000, 73.
5.78000, 82.
5.79000, 77.
5.80000, 102.
5.81000, 111.
5.82000, 118.
5.83000, 137.
5.84000, 187.
5.85000, 194.
5.86000, 200.
5.87000, 228.
5.88000, 240.
5.89000, 256.
5.90000, 233.
5.91000, 276.
5.92000, 251.
5.93000, 244.
5.94000, 208.
5.95000, 211.
5.96000, 170.
5.97000, 183.
5.98000, 115.
5.99000, 118.
6.00000, 105.
6.01000, 101.
6.02000, 80.
6.03000, 95.
6.04000, 92.
6.05000, 69.
6.06000, 80.
6.07000, 75.
6.08000, 91.
6.09000, 86.
6.10000, 64.
6.11000, 84.
6.12000, 94.
6.13000, 82.
6.14000, 85.
6.15000, 98.
6.16000, 89.
6.17000, 122.
6.18000, 111.
6.19000, 148.
6.20000, 135.
6.21000, 213.
6.22000, 254.
6.23000, 330.
6.24000, 464.
6.25000, 626.
6.26000, 900.
6.27000, 1199.
6.28000, 1568.
6.29000, 2207.
6.30000, 2873.
6.31000, 3618.
6.32000, 4430.
6.33000, 5464.
6.34000, 6394.
6.35000, 7501.
6.36000, 8338.
6.37000, 9025.
6.38000, 9881.
6.39000, 10286.
6.40000, 10445.
6.41000, 10040.
6.42000, 9845.
6.43000, 9154.
6.44000, 8386.
6.45000, 7350.
6.46000, 6376.
6.47000, 5348.
6.48000, 4466.
6.49000, 3608.
6.50000, 2854.
6.51000, 2243.
6.52000, 1640.
6.53000, 1186.
6.54000, 866.
6.55000, 603.
6.56000, 441.
6.57000, 336.
6.58000, 223.
6.59000, 189.
6.60000, 153.
6.61000, 113.
6.62000, 98.
6.63000, 90.
6.64000, 108.
6.65000, 112.
6.66000, 89.
6.67000, 99.
6.68000, 96.
6.69000, 98.
6.70000, 95.
6.71000, 93.
6.72000, 80.
6.73000, 100.
6.74000, 87.
6.75000, 87.
6.76000, 113.
6.77000, 110.
6.78000, 103.
6.79000, 99.
6.80000, 99.
6.81000, 117.
6.82000, 97.
6.83000, 102.
6.84000, 109.
6.85000, 111.
6.86000, 128.
6.87000, 161.
6.88000, 155.
6.89000, 203.
6.90000, 199.
6.91000, 271.
6.92000, 328.
6.93000, 366.
6.94000, 442.
6.95000, 539.
6.96000, 645.
6.97000, 855.
6.98000, 977.
6.99000, 1104.
7.00000, 1249.
7.01000, 1408.
7.02000, 1491.
7.03000, 1569.
7.04000, 1664.
7.05000, 1635.
7.06000, 1737.
7.07000, 1677.
7.08000, 1539.
7.09000, 1493.
7.10000, 1313.
7.11000, 1180.
7.12000, 1075.
7.13000, 940.
7.14000, 733.
7.15000, 598.
7.16000, 488.
7.17000, 428.
7.18000, 313.
7.19000, 287.
7.20000, 206.
7.21000, 161.
7.22000, 138.
7.23000, 127.
7.24000, 105.
7.25000, 102.
7.26000, 87.
7.27000, 89.
7.28000, 82.
7.29000, 93.
7.30000, 82.
7.31000, 74.
7.32000, 84.
7.33000, 95.
7.34000, 97.
7.35000, 77.
7.36000, 88.
7.37000, 81.
7.38000, 67.
7.39000, 84.
7.40000, 71.
7.41000, 89.
7.42000, 97.
7.43000, 98.
7.44000, 82.
7.45000, 78.
7.46000, 108.
7.47000, 94.
7.48000, 94.
7.49000, 96.
7.50000, 77.
7.51000, 96.
7.52000, 91.
7.53000, 79.
7.54000, 80.
7.55000, 84.
7.56000, 85.
7.57000, 88.
7.58000, 82.
7.59000, 75.
7.60000, 97.
7.61000, 83.
7.62000, 72.
7.63000, 85.
7.64000, 86.
7.65000, 67.
7.66000, 87.
7.67000, 73.
7.68000, 73.
7.69000, 70.
7.70000, 78.
7.71000, 72.
7.72000, 59.
7.73000, 72.
7.74000, 82.
7.75000, 79.
7.76000, 96.
7.77000, 77.
7.78000, 97.
7.79000, 87.
7.80000, 86.
7.81000, 89.
7.82000, 87.
7.83000, 100.
7.84000, 98.
7.85000, 99.
7.86000, 112.
7.87000, 111.
7.88000, 119.
7.89000, 106.
7.90000, 104.
7.91000, 122.
7.92000, 122.
7.93000, 133.
7.94000, 153.
7.95000, 151.
7.96000, 175.
7.97000, 182.
7.98000, 174.
7.99000, 185.
8.00000, 173.
8.01000, 194.
8.02000, 201.
8.03000, 219.
8.04000, 213.
8.05000, 257.
8.06000, 225.
8.07000, 225.
8.08000, 222.
8.09000, 202.
8.10000, 203.
8.11000, 203.
8.12000, 208.
8.13000, 183.
8.14000, 182.
8.15000, 152.
8.16000, 175.
8.17000, 182.
8.18000, 174.
8.19000, 129.
8.20000, 146.
8.21000, 148.
8.22000, 128.
8.23000, 109.
8.24000, 126.
8.25000, 116.
8.26000, 111.
8.27000, 140.
8.28000, 131.
8.29000, 129.
8.30000, 119.
8.31000, 113.
8.32000, 111.
8.33000, 104.
8.34000, 103.
8.35000, 107.
8.36000, 114.
8.37000, 125.
8.38000, 115.
8.39000, 122.
8.40000, 108.
8.41000, 114.
8.42000, 125.
8.43000, 134.
8.44000, 122.
8.45000, 131.
8.46000, 123.
8.47000, 130.
8.48000, 149.
8.49000, 134.
8.50000, 179.
8.51000, 162.
8.52000, 192.
8.53000, 220.
8.54000, 228.
8.55000, 235.
8.56000, 241.
8.57000, 281.
8.58000, 255.
8.59000, 318.
8.60000, 357.
8.61000, 376.
8.62000, 353.
8.63000, 372.
8.64000, 336.
8.65000, 324.
8.66000, 358.
8.67000, 285.
8.68000, 296.
8.69000, 276.
8.70000, 235.
8.71000, 238.
8.72000, 235.
8.73000, 221.
8.74000, 204.
8.75000, 185.
8.76000, 177.
8.77000, 173.
8.78000, 132.
8.79000, 136.
8.80000, 145.
8.81000, 130.
8.82000, 121.
8.83000, 158.
8.84000, 158.
8.85000, 131.
8.86000, 147.
8.87000, 130.
8.88000, 137.
8.89000, 133.
8.90000, 148.
8.91000, 125.
8.92000, 132.
8.93000, 142.
8.94000, 139.
8.95000, 134.
8.96000, 122.
8.97000, 128.
8.98000, 143.
8.99000, 131.
9.00000, 162.
9.01000, 125.
9.02000, 136.
9.03000, 144.
9.04000, 148.
9.05000, 159.
9.06000, 154.
9.07000, 130.
9.08000, 148.
9.09000, 151.
9.10000, 166.
9.11000, 168.
9.12000, 171.
9.13000, 170.
9.14000, 163.
9.15000, 174.
9.16000, 180.
9.17000, 193.
9.18000, 204.
9.19000, 194.
9.20000, 174.
9.21000, 199.
9.22000, 192.
9.23000, 180.
9.24000, 184.
9.25000, 149.
9.26000, 173.
9.27000, 164.
9.28000, 189.
9.29000, 139.
9.30000, 168.
9.31000, 144.
9.32000, 144.
9.33000, 119.
9.34000, 160.
9.35000, 156.
9.36000, 140.
9.37000, 143.
9.38000, 141.
9.39000, 135.
9.40000, 124.
9.41000, 136.
9.42000, 143.
9.43000, 135.
9.44000, 148.
9.45000, 133.
9.46000, 164.
9.47000, 153.
9.48000, 136.
9.49000, 148.
9.50000, 153.
9.51000, 186.
9.52000, 179.
9.53000, 157.
9.54000, 168.
9.55000, 164.
9.56000, 193.
9.57000, 186.
9.58000, 186.
9.59000, 215.
9.60000, 171.
9.61000, 204.
9.62000, 152.
9.63000, 164.
9.64000, 168.
9.65000, 163.
9.66000, 145.
9.67000, 171.
9.68000, 132.
9.69000, 146.
9.70000, 117.
9.71000, 150.
9.72000, 140.
9.73000, 134.
9.74000, 138.
9.75000, 138.
9.76000, 145.
9.77000, 135.
9.78000, 129.
9.79000, 130.
9.80000, 132.
9.81000, 136.
9.82000, 138.
9.83000, 150.
9.84000, 169.
9.85000, 135.
9.86000, 136.
9.87000, 159.
9.88000, 125.
9.89000, 157.
9.90000, 151.
9.91000, 146.
9.92000, 161.
9.93000, 143.
9.94000, 147.
9.95000, 132.
9.96000, 156.
9.97000, 176.
9.98000, 122.
9.99000, 149.
10.00000, 120.
10.01000, 149.
10.02000, 148.
10.03000, 137.
10.04000, 122.
10.05000, 111.
10.06000, 151.
10.07000, 140.
10.08000, 156.
10.09000, 152.
10.10000, 155.
10.11000, 143.
10.12000, 151.
10.13000, 141.
10.14000, 154.
10.15000, 129.
10.16000, 155.
10.17000, 139.
10.18000, 144.
10.19000, 158.
10.20000, 144.
10.21000, 142.
10.22000, 147.
10.23000, 147.
10.24000, 139.
10.25000, 157.
10.26000, 157.
10.27000, 180.
10.28000, 170.
10.29000, 210.
10.30000, 170.
10.31000, 209.
10.32000, 205.
10.33000, 197.
10.34000, 215.
10.35000, 257.
10.36000, 278.
10.37000, 313.
10.38000, 344.
10.39000, 405.
10.40000, 477.
10.41000, 575.
10.42000, 566.
10.43000, 638.
10.44000, 736.
10.45000, 789.
10.46000, 886.
10.47000, 1015.
10.48000, 1059.
10.49000, 1189.
10.50000, 1205.
10.51000, 1343.
10.52000, 1364.
10.53000, 1417.
10.54000, 1418.
10.55000, 1332.
10.56000, 1402.
10.57000, 1341.
10.58000, 1303.
10.59000, 1236.
10.60000, 1140.
10.61000, 965.
10.62000, 904.
10.63000, 790.
10.64000, 682.
10.65000, 648.
10.66000, 589.
10.67000, 452.
10.68000, 408.
10.69000, 383.
10.70000, 300.
10.71000, 249.
10.72000, 241.
10.73000, 202.
10.74000, 209.
10.75000, 208.
10.76000, 193.
10.77000, 186.
10.78000, 180.
10.79000, 160.
10.80000, 148.
10.81000, 148.
10.82000, 157.
10.83000, 145.
10.84000, 158.
10.85000, 163.
10.86000, 159.
10.87000, 139.
10.88000, 137.
10.89000, 158.
10.90000, 157.
10.91000, 168.
10.92000, 146.
10.93000, 149.
10.94000, 169.
10.95000, 176.
10.96000, 167.
10.97000, 139.
10.98000, 173.
10.99000, 180.
11.00000, 153.
11.01000, 178.
11.02000, 142.
11.03000, 151.
11.04000, 144.
11.05000, 174.
11.06000, 143.
11.07000, 164.
11.08000, 162.
11.09000, 149.
11.10000, 152.
11.11000, 151.
11.12000, 178.
11.13000, 161.
11.14000, 165.
11.15000, 179.
11.16000, 162.
11.17000, 146.
11.18000, 153.
11.19000, 155.
11.20000, 176.
11.21000, 157.
11.22000, 181.
11.23000, 185.
11.24000, 168.
11.25000, 173.
11.26000, 157.
11.27000, 172.
11.28000, 195.
11.29000, 175.
11.30000, 164.
11.31000, 188.
11.32000, 209.
11.33000, 170.
11.34000, 190.
11.35000, 145.
11.36000, 150.
11.37000, 171.
11.38000, 209.
11.39000, 174.
11.40000, 195.
11.41000, 151.
11.42000, 213.
11.43000, 181.
11.44000, 184.
11.45000, 168.
11.46000, 173.
11.47000, 175.
11.48000, 179.
11.49000, 146.
11.50000, 163.
11.51000, 156.
11.52000, 154.
11.53000, 167.
11.54000, 163.
11.55000, 165.
11.56000, 172.
11.57000, 158.
11.58000, 165.
11.59000, 164.
11.60000, 159.
11.61000, 215.
11.62000, 170.
11.63000, 134.
11.64000, 158.
11.65000, 146.
11.66000, 154.
11.67000, 157.
11.68000, 144.
11.69000, 158.
11.70000, 172.
11.71000, 139.
11.72000, 158.
11.73000, 184.
11.74000, 162.
11.75000, 184.
11.76000, 145.
11.77000, 169.
11.78000, 146.
11.79000, 172.
11.80000, 171.
11.81000, 174.
11.82000, 156.
11.83000, 151.
11.84000, 164.
11.85000, 161.
11.86000, 158.
11.87000, 211.
11.88000, 151.
11.89000, 184.
11.90000, 181.
11.91000, 171.
11.92000, 195.
11.93000, 177.
11.94000, 185.
11.95000, 174.
11.96000, 175.
11.97000, 174.
11.98000, 148.
11.99000, 158.
12.00000, 183.
12.01000, 172.
12.02000, 163.
12.03000, 168.
12.04000, 165.
12.05000, 187.
12.06000, 183.
12.07000, 192.
12.08000, 209.
12.09000, 185.
12.10000, 201.
12.11000, 213.
12.12000, 206.
12.13000, 223.
12.14000, 212.
12.15000, 195.
12.16000, 184.
12.17000, 249.
12.18000, 204.
12.19000, 241.
12.20000, 222.
12.21000, 216.
12.22000, 216.
12.23000, 254.
12.24000, 233.
12.25000, 232.
12.26000, 252.
12.27000, 258.
12.28000, 246.
12.29000, 277.
12.30000, 237.
12.31000, 257.
12.32000, 222.
12.33000, 255.
12.34000, 244.
12.35000, 250.
12.36000, 256.
12.37000, 238.
12.38000, 257.
12.39000, 274.
12.40000, 281.
12.41000, 303.
12.42000, 309.
12.43000, 298.
12.44000, 374.
12.45000, 407.
12.46000, 440.
12.47000, 490.
12.48000, 565.
12.49000, 665.
12.50000, 699.
12.51000, 789.
12.52000, 826.
12.53000, 893.
12.54000, 1044.
12.55000, 1095.
12.56000, 1184.
12.57000, 1312.
12.58000, 1290.
12.59000, 1362.
12.60000, 1404.
12.61000, 1364.
12.62000, 1407.
12.63000, 1325.
12.64000, 1223.
12.65000, 1171.
12.66000, 1095.
12.67000, 1042.
12.68000, 952.
12.69000, 909.
12.70000, 807.
12.71000, 782.
12.72000, 651.
12.73000, 641.
12.74000, 583.
12.75000, 508.
12.76000, 453.
12.77000, 400.
12.78000, 427.
12.79000, 347.
12.80000, 348.
12.81000, 335.
12.82000, 299.
12.83000, 286.
12.84000, 297.
12.85000, 288.
12.86000, 251.
12.87000, 267.
12.88000, 238.
12.89000, 244.
12.90000, 250.
12.91000, 223.
12.92000, 242.
12.93000, 235.
12.94000, 240.
12.95000, 229.
12.96000, 206.
12.97000, 215.
12.98000, 247.
12.99000, 227.
13.00000, 216.
13.01000, 204.
13.02000, 213.
13.03000, 198.
13.04000, 221.
13.05000, 209.
13.06000, 225.
13.07000, 186.
13.08000, 215.
13.09000, 211.
13.10000, 174.
13.11000, 183.
13.12000, 190.
13.13000, 216.
13.14000, 188.
13.15000, 181.
13.16000, 171.
13.17000, 187.
13.18000, 188.
13.19000, 185.
13.20000, 187.
13.21000, 190.
13.22000, 200.
13.23000, 235.
13.24000, 178.
13.25000, 212.
13.26000, 221.
13.27000, 221.
13.28000, 233.
13.29000, 254.
13.30000, 257.
13.31000, 251.
13.32000, 243.
13.33000, 200.
13.34000, 239.
13.35000, 244.
13.36000, 284.
13.37000, 262.
13.38000, 290.
13.39000, 246.
13.40000, 251.
13.41000, 245.
13.42000, 234.
13.43000, 259.
13.44000, 217.
13.45000, 221.
13.46000, 231.
13.47000, 222.
13.48000, 193.
13.49000, 188.
13.50000, 185.
13.51000, 205.
13.52000, 174.
13.53000, 188.
13.54000, 176.
13.55000, 193.
13.56000, 164.
13.57000, 167.
13.58000, 155.
13.59000, 165.
13.60000, 187.
13.61000, 150.
13.62000, 166.
13.63000, 168.
13.64000, 181.
13.65000, 188.
13.66000, 178.
13.67000, 178.
13.68000, 154.
13.69000, 172.
13.70000, 157.
13.71000, 163.
13.72000, 160.
13.73000, 169.
13.74000, 152.
13.75000, 180.
13.76000, 167.
13.77000, 170.
13.78000, 181.
13.79000, 159.
13.80000, 170.
13.81000, 162.
13.82000, 183.
13.83000, 163.
13.84000, 154.
13.85000, 159.
13.86000, 176.
13.87000, 170.
13.88000, 163.
13.89000, 177.
13.90000, 164.
13.91000, 163.
13.92000, 206.
13.93000, 166.
13.94000, 198.
13.95000, 183.
13.96000, 174.
13.97000, 222.
13.98000, 193.
13.99000, 223.
14.00000, 210.
14.01000, 216.
14.02000, 230.
14.03000, 219.
14.04000, 247.
14.05000, 268.
14.06000, 288.
14.07000, 260.
14.08000, 283.
14.09000, 290.
14.10000, 288.
14.11000, 286.
14.12000, 313.
14.13000, 309.
14.14000, 313.
14.15000, 294.
14.16000, 293.
14.17000, 298.
14.18000, 306.
14.19000, 294.
14.20000, 236.
14.21000, 255.
14.22000, 233.
14.23000, 258.
14.24000, 234.
14.25000, 237.
14.26000, 223.
14.27000, 196.
14.28000, 223.
14.29000, 231.
14.30000, 195.
14.31000, 185.
14.32000, 191.
14.33000, 159.
14.34000, 183.
14.35000, 193.
14.36000, 149.
14.37000, 170.
14.38000, 165.
14.39000, 190.
14.40000, 146.
14.41000, 161.
14.42000, 168.
14.43000, 151.
14.44000, 163.
14.45000, 165.
14.46000, 148.
14.47000, 172.
14.48000, 182.
14.49000, 158.
14.50000, 155.
14.51000, 170.
14.52000, 183.
14.53000, 145.
14.54000, 179.
14.55000, 173.
14.56000, 200.
14.57000, 190.
14.58000, 203.
14.59000, 224.
14.60000, 214.
14.61000, 225.
14.62000, 197.
14.63000, 234.
14.64000, 253.
14.65000, 267.
14.66000, 295.
14.67000, 286.
14.68000, 319.
14.69000, 277.
14.70000, 322.
14.71000, 345.
14.72000, 357.
14.73000, 354.
14.74000, 357.
14.75000, 371.
14.76000, 368.
14.77000, 362.
14.78000, 357.
14.79000, 274.
14.80000, 300.
14.81000, 327.
14.82000, 313.
14.83000, 304.
14.84000, 306.
14.85000, 275.
14.86000, 268.
14.87000, 248.
14.88000, 267.
14.89000, 224.
14.90000, 234.
14.91000, 233.
14.92000, 218.
14.93000, 213.
14.94000, 223.
14.95000, 238.
14.96000, 229.
14.97000, 234.
14.98000, 206.
14.99000, 207.
15.00000, 220.
15.01000, 204.
15.02000, 210.
15.03000, 212.
15.04000, 210.
15.05000, 213.
15.06000, 213.
15.07000, 194.
15.08000, 225.
15.09000, 206.
15.10000, 226.
15.11000, 222.
15.12000, 217.
15.13000, 201.
15.14000, 223.
15.15000, 247.
15.16000, 228.
15.17000, 216.
15.18000, 195.
15.19000, 206.
15.20000, 214.
15.21000, 205.
15.22000, 209.
15.23000, 191.
15.24000, 222.
15.25000, 164.
15.26000, 208.
15.27000, 172.
15.28000, 174.
15.29000, 206.
15.30000, 170.
15.31000, 177.
15.32000, 195.
15.33000, 160.
15.34000, 180.
15.35000, 157.
15.36000, 171.
15.37000, 160.
15.38000, 150.
15.39000, 158.
15.40000, 183.
15.41000, 153.
15.42000, 162.
15.43000, 155.
15.44000, 162.
15.45000, 178.
15.46000, 142.
15.47000, 165.
15.48000, 162.
15.49000, 180.
15.50000, 176.
15.51000, 172.
15.52000, 168.
15.53000, 202.
15.54000, 198.
15.55000, 205.
15.56000, 241.
15.57000, 251.
15.58000, 269.
15.59000, 287.
15.60000, 288.
15.61000, 304.
15.62000, 323.
15.63000, 337.
15.64000, 370.
15.65000, 376.
15.66000, 383.
15.67000, 417.
15.68000, 467.
15.69000, 421.
15.70000, 426.
15.71000, 462.
15.72000, 450.
15.73000, 467.
15.74000, 478.
15.75000, 441.
15.76000, 463.
15.77000, 489.
15.78000, 477.
15.79000, 438.
15.80000, 376.
15.81000, 369.
15.82000, 363.
15.83000, 352.
15.84000, 362.
15.85000, 319.
15.86000, 255.
15.87000, 261.
15.88000, 281.
15.89000, 241.
15.90000, 213.
15.91000, 243.
15.92000, 192.
15.93000, 184.
15.94000, 193.
15.95000, 200.
15.96000, 168.
15.97000, 150.
15.98000, 166.
15.99000, 195.
16.00000, 177.
16.01000, 133.
16.02000, 158.
16.03000, 161.
16.04000, 148.
16.05000, 174.
16.06000, 151.
16.07000, 162.
16.08000, 161.
16.09000, 145.
16.10000, 163.
16.11000, 176.
16.12000, 165.
16.13000, 158.
16.14000, 186.
16.15000, 175.
16.16000, 166.
16.17000, 183.
16.18000, 176.
16.19000, 160.
16.20000, 176.
16.21000, 150.
16.22000, 157.
16.23000, 145.
16.24000, 156.
16.25000, 168.
16.26000, 172.
16.27000, 167.
16.28000, 134.
16.29000, 151.
16.30000, 135.
16.31000, 144.
16.32000, 161.
16.33000, 169.
16.34000, 170.
16.35000, 151.
16.36000, 139.
16.37000, 165.
16.38000, 165.
16.39000, 144.
16.40000, 182.
16.41000, 183.
16.42000, 158.
16.43000, 156.
16.44000, 195.
16.45000, 124.
16.46000, 165.
16.47000, 181.
16.48000, 171.
16.49000, 184.
16.50000, 163.
16.51000, 165.
16.52000, 176.
16.53000, 168.
16.54000, 193.
16.55000, 180.
16.56000, 150.
16.57000, 171.
16.58000, 176.
16.59000, 150.
16.60000, 161.
16.61000, 157.
16.62000, 183.
16.63000, 192.
16.64000, 154.
16.65000, 174.
16.66000, 161.
16.67000, 169.
16.68000, 179.
16.69000, 171.
16.70000, 196.
16.71000, 166.
16.72000, 149.
16.73000, 179.
16.74000, 169.
16.75000, 177.
16.76000, 161.
16.77000, 177.
16.78000, 170.
16.79000, 174.
16.80000, 162.
16.81000, 134.
16.82000, 158.
16.83000, 174.
16.84000, 146.
16.85000, 165.
16.86000, 138.
16.87000, 170.
16.88000, 155.
16.89000, 152.
16.90000, 154.
16.91000, 192.
16.92000, 157.
16.93000, 177.
16.94000, 168.
16.95000, 184.
16.96000, 179.
16.97000, 186.
16.98000, 160.
16.99000, 181.
17.00000, 160.
17.01000, 174.
17.02000, 166.
17.03000, 163.
17.04000, 161.
17.05000, 157.
17.06000, 148.
17.07000, 147.
17.08000, 160.
17.09000, 149.
17.10000, 157.
17.11000, 143.
17.12000, 151.
17.13000, 180.
17.14000, 196.
17.15000, 159.
17.16000, 185.
17.17000, 171.
17.18000, 167.
17.19000, 183.
17.20000, 157.
17.21000, 190.
17.22000, 166.
17.23000, 168.
17.24000, 181.
17.25000, 166.
17.26000, 145.
17.27000, 169.
17.28000, 208.
17.29000, 164.
17.30000, 179.
17.31000, 153.
17.32000, 175.
17.33000, 184.
17.34000, 185.
17.35000, 157.
17.36000, 172.
17.37000, 178.
17.38000, 177.
17.39000, 150.
17.40000, 190.
17.41000, 192.
17.42000, 167.
17.43000, 193.
17.44000, 179.
17.45000, 188.
17.46000, 190.
17.47000, 205.
17.48000, 189.
17.49000, 204.
17.50000, 211.
17.51000, 185.
17.52000, 197.
17.53000, 192.
17.54000, 231.
17.55000, 216.
17.56000, 236.
17.57000, 222.
17.58000, 203.
17.59000, 220.
17.60000, 249.
17.61000, 222.
17.62000, 224.
17.63000, 242.
17.64000, 224.
17.65000, 216.
17.66000, 252.
17.67000, 248.
17.68000, 262.
17.69000, 231.
17.70000, 220.
17.71000, 237.
17.72000, 239.
17.73000, 217.
17.74000, 219.
17.75000, 249.
17.76000, 216.
17.77000, 260.
17.78000, 222.
17.79000, 220.
17.80000, 222.
17.81000, 222.
17.82000, 210.
17.83000, 218.
17.84000, 201.
17.85000, 189.
17.86000, 222.
17.87000, 233.
17.88000, 233.
17.89000, 233.
17.90000, 236.
17.91000, 228.
17.92000, 254.
17.93000, 202.
17.94000, 235.
17.95000, 255.
17.96000, 224.
17.97000, 217.
17.98000, 251.
17.99000, 228.
18.00000, 227.
18.01000, 250.
18.02000, 219.
18.03000, 231.
18.04000, 262.
18.05000, 266.
18.06000, 223.
18.07000, 250.
18.08000, 270.
18.09000, 282.
18.10000, 271.
18.11000, 276.
18.12000, 258.
18.13000, 261.
18.14000, 285.
18.15000, 276.
18.16000, 288.
18.17000, 291.
18.18000, 298.
18.19000, 325.
18.20000, 295.
18.21000, 291.
18.22000, 319.
18.23000, 311.
18.24000, 328.
18.25000, 330.
18.26000, 316.
18.27000, 344.
18.28000, 341.
18.29000, 371.
18.30000, 329.
18.31000, 373.
18.32000, 383.
18.33000, 395.
18.34000, 406.
18.35000, 401.
18.36000, 407.
18.37000, 433.
18.38000, 488.
18.39000, 454.
18.40000, 439.
18.41000, 476.
18.42000, 508.
18.43000, 498.
18.44000, 547.
18.45000, 474.
18.46000, 588.
18.47000, 557.
18.48000, 599.
18.49000, 582.
18.50000, 592.
18.51000, 617.
18.52000, 672.
18.53000, 695.
18.54000, 735.
18.55000, 709.
18.56000, 700.
18.57000, 760.
18.58000, 649.
18.59000, 768.
18.60000, 819.
18.61000, 822.
18.62000, 809.
18.63000, 821.
18.64000, 905.
18.65000, 878.
18.66000, 879.
18.67000, 917.
18.68000, 851.
18.69000, 937.
18.70000, 955.
18.71000, 917.
18.72000, 898.
18.73000, 975.
18.74000, 897.
18.75000, 921.
18.76000, 947.
18.77000, 1008.
18.78000, 1022.
18.79000, 964.
18.80000, 923.
18.81000, 992.
18.82000, 1037.
18.83000, 989.
18.84000, 945.
18.85000, 972.
18.86000, 966.
18.87000, 944.
18.88000, 919.
18.89000, 918.
18.90000, 1013.
18.91000, 913.
18.92000, 860.
18.93000, 867.
18.94000, 918.
18.95000, 895.
18.96000, 841.
18.97000, 803.
18.98000, 815.
18.99000, 826.
19.00000, 772.
19.01000, 772.
19.02000, 766.
19.03000, 690.
19.04000, 682.
19.05000, 726.
19.06000, 664.
19.07000, 715.
19.08000, 667.
19.09000, 610.
19.10000, 577.
19.11000, 561.
19.12000, 572.
19.13000, 532.
19.14000, 545.
19.15000, 558.
19.16000, 478.
19.17000, 457.
19.18000, 476.
19.19000, 479.
19.20000, 474.
19.21000, 452.
19.22000, 410.
19.23000, 448.
19.24000, 405.
19.25000, 394.
19.26000, 382.
19.27000, 404.
19.28000, 387.
19.29000, 387.
19.30000, 342.
19.31000, 392.
19.32000, 344.
19.33000, 347.
19.34000, 311.
19.35000, 311.
19.36000, 316.
19.37000, 294.
19.38000, 317.
19.39000, 296.
19.40000, 311.
19.41000, 315.
19.42000, 277.
19.43000, 282.
19.44000, 275.
19.45000, 239.
19.46000, 281.
19.47000, 256.
19.48000, 242.
19.49000, 265.
19.50000, 268.
19.51000, 244.
19.52000, 265.
19.53000, 232.
19.54000, 244.
19.55000, 253.
19.56000, 246.
19.57000, 224.
19.58000, 222.
19.59000, 201.
19.60000, 204.
19.61000, 226.
19.62000, 199.
19.63000, 218.
19.64000, 209.
19.65000, 190.
19.66000, 223.
19.67000, 168.
19.68000, 208.
19.69000, 204.
19.70000, 199.
19.71000, 210.
19.72000, 209.
19.73000, 202.
19.74000, 204.
19.75000, 193.
19.76000, 191.
19.77000, 175.
19.78000, 210.
19.79000, 187.
19.80000, 168.
19.81000, 186.
19.82000, 187.
19.83000, 175.
19.84000, 165.
19.85000, 203.
19.86000, 201.
19.87000, 211.
19.88000, 207.
19.89000, 243.
19.90000, 236.
19.91000, 241.
19.92000, 295.
19.93000, 248.
19.94000, 313.
19.95000, 323.
19.96000, 337.
19.97000, 337.
19.98000, 389.
19.99000, 384.
20.00000, 381.
20.01000, 424.
20.02000, 407.
20.03000, 462.
20.04000, 426.
20.05000, 478.
20.06000, 491.
20.07000, 550.
20.08000, 535.
20.09000, 522.
20.10000, 531.
20.11000, 550.
20.12000, 518.
20.13000, 594.
20.14000, 568.
20.15000, 613.
20.16000, 611.
20.17000, 596.
20.18000, 592.
20.19000, 586.
20.20000, 584.
20.21000, 580.
20.22000, 548.
20.23000, 472.
20.24000, 460.
20.25000, 482.
20.26000, 422.
20.27000, 432.
20.28000, 387.
20.29000, 395.
20.30000, 345.
20.31000, 309.
20.32000, 329.
20.33000, 269.
20.34000, 235.
20.35000, 280.
20.36000, 228.
20.37000, 241.
20.38000, 204.
20.39000, 202.
20.40000, 207.
20.41000, 200.
20.42000, 170.
20.43000, 177.
20.44000, 185.
20.45000, 177.
20.46000, 162.
20.47000, 161.
20.48000, 170.
20.49000, 192.
20.50000, 163.
20.51000, 167.
20.52000, 162.
20.53000, 180.
20.54000, 158.
20.55000, 174.
20.56000, 198.
20.57000, 195.
20.58000, 190.
20.59000, 185.
20.60000, 179.
20.61000, 174.
20.62000, 218.
20.63000, 208.
20.64000, 202.
20.65000, 173.
20.66000, 219.
20.67000, 176.
20.68000, 197.
20.69000, 195.
20.70000, 215.
20.71000, 203.
20.72000, 217.
20.73000, 238.
20.74000, 230.
20.75000, 235.
20.76000, 224.
20.77000, 215.
20.78000, 222.
20.79000, 234.
20.80000, 253.
20.81000, 241.
20.82000, 221.
20.83000, 215.
20.84000, 242.
20.85000, 253.
20.86000, 254.
20.87000, 272.
20.88000, 247.
20.89000, 256.
20.90000, 258.
20.91000, 275.
20.92000, 278.
20.93000, 272.
20.94000, 222.
20.95000, 271.
20.96000, 270.
20.97000, 250.
20.98000, 254.
20.99000, 283.
21.00000, 261.
21.01000, 261.
21.02000, 292.
21.03000, 288.
21.04000, 276.
21.05000, 292.
21.06000, 263.
21.07000, 235.
21.08000, 289.
21.09000, 243.
21.10000, 277.
21.11000, 243.
21.12000, 267.
21.13000, 239.
21.14000, 269.
21.15000, 244.
21.16000, 273.
21.17000, 253.
21.18000, 220.
21.19000, 229.
21.20000, 239.
21.21000, 240.
21.22000, 237.
21.23000, 214.
21.24000, 219.
21.25000, 222.
21.26000, 216.
21.27000, 229.
21.28000, 201.
21.29000, 224.
21.30000, 199.
21.31000, 212.
21.32000, 178.
21.33000, 197.
21.34000, 218.
21.35000, 217.
21.36000, 172.
21.37000, 195.
21.38000, 179.
21.39000, 186.
21.40000, 182.
21.41000, 183.
21.42000, 179.
21.43000, 178.
21.44000, 191.
21.45000, 161.
21.46000, 176.
21.47000, 174.
21.48000, 156.
21.49000, 149.
21.50000, 157.
21.51000, 173.
21.52000, 151.
21.53000, 148.
21.54000, 162.
21.55000, 148.
21.56000, 130.
21.57000, 135.
21.58000, 150.
21.59000, 158.
21.60000, 154.
21.61000, 145.
21.62000, 126.
21.63000, 143.
21.64000, 157.
21.65000, 131.
21.66000, 116.
21.67000, 137.
21.68000, 149.
21.69000, 121.
21.70000, 140.
21.71000, 113.
21.72000, 124.
21.73000, 149.
21.74000, 112.
21.75000, 131.
21.76000, 101.
21.77000, 113.
21.78000, 132.
21.79000, 120.
21.80000, 123.
21.81000, 108.
21.82000, 115.
21.83000, 121.
21.84000, 133.
21.85000, 108.
21.86000, 111.
21.87000, 108.
21.88000, 108.
21.89000, 121.
21.90000, 114.
21.91000, 104.
21.92000, 98.
21.93000, 106.
21.94000, 114.
21.95000, 117.
21.96000, 108.
21.97000, 104.
21.98000, 120.
21.99000, 135.
22.00000, 97.
22.01000, 118.
22.02000, 107.
22.03000, 115.
22.04000, 114.
22.05000, 110.
22.06000, 111.
22.07000, 79.
22.08000, 95.
22.09000, 103.
22.10000, 92.
22.11000, 98.
22.12000, 105.
22.13000, 92.
22.14000, 92.
22.15000, 103.
22.16000, 72.
22.17000, 85.
22.18000, 106.
22.19000, 80.
22.20000, 111.
22.21000, 95.
22.22000, 101.
22.23000, 88.
22.24000, 76.
22.25000, 101.
22.26000, 90.
22.27000, 79.
22.28000, 85.
22.29000, 94.
22.30000, 91.
22.31000, 96.
22.32000, 79.
22.33000, 88.
22.34000, 95.
22.35000, 90.
22.36000, 100.
22.37000, 95.
22.38000, 92.
22.39000, 110.
22.40000, 94.
22.41000, 94.
22.42000, 111.
22.43000, 90.
22.44000, 84.
22.45000, 98.
22.46000, 77.
22.47000, 91.
22.48000, 98.
22.49000, 92.
22.50000, 99.
22.51000, 118.
22.52000, 122.
22.53000, 91.
22.54000, 116.
22.55000, 112.
22.56000, 111.
22.57000, 132.
22.58000, 139.
22.59000, 128.
22.60000, 134.
22.61000, 129.
22.62000, 158.
22.63000, 145.
22.64000, 137.
22.65000, 177.
22.66000, 162.
22.67000, 132.
22.68000, 164.
22.69000, 162.
22.70000, 184.
22.71000, 137.
22.72000, 148.
22.73000, 151.
22.74000, 128.
22.75000, 127.
22.76000, 111.
22.77000, 142.
22.78000, 99.
22.79000, 119.
22.80000, 114.
22.81000, 126.
22.82000, 112.
22.83000, 120.
22.84000, 95.
22.85000, 107.
22.86000, 96.
22.87000, 87.
22.88000, 96.
22.89000, 102.
22.90000, 100.
22.91000, 78.
22.92000, 96.
22.93000, 98.
22.94000, 92.
22.95000, 96.
22.96000, 70.
22.97000, 70.
22.98000, 82.
22.99000, 87.
23.00000, 81.
23.01000, 103.
23.02000, 93.
23.03000, 86.
23.04000, 85.
23.05000, 74.
23.06000, 99.
23.07000, 88.
23.08000, 100.
23.09000, 94.
23.10000, 84.
23.11000, 95.
23.12000, 86.
23.13000, 96.
23.14000, 90.
23.15000, 76.
23.16000, 87.
23.17000, 85.
23.18000, 66.
23.19000, 83.
23.20000, 87.
23.21000, 85.
23.22000, 78.
23.23000, 86.
23.24000, 82.
23.25000, 72.
23.26000, 93.
23.27000, 84.
23.28000, 81.
23.29000, 76.
23.30000, 84.
23.31000, 77.
23.32000, 75.
23.33000, 83.
23.34000, 74.
23.35000, 76.
23.36000, 61.
23.37000, 62.
23.38000, 62.
23.39000, 72.
23.40000, 56.
23.41000, 61.
23.42000, 76.
23.43000, 71.
23.44000, 60.
23.45000, 77.
23.46000, 77.
23.47000, 90.
23.48000, 77.
23.49000, 71.
23.50000, 63.
23.51000, 66.
23.52000, 68.
23.53000, 84.
23.54000, 72.
23.55000, 79.
23.56000, 56.
23.57000, 75.
23.58000, 77.
23.59000, 64.
23.60000, 67.
23.61000, 62.
23.62000, 65.
23.63000, 66.
23.64000, 72.
23.65000, 78.
23.66000, 71.
23.67000, 75.
23.68000, 65.
23.69000, 69.
23.70000, 71.
23.71000, 83.
23.72000, 85.
23.73000, 73.
23.74000, 79.
23.75000, 66.
23.76000, 77.
23.77000, 79.
23.78000, 72.
23.79000, 69.
23.80000, 61.
23.81000, 74.
23.82000, 70.
23.83000, 68.
23.84000, 66.
23.85000, 75.
23.86000, 64.
23.87000, 71.
23.88000, 73.
23.89000, 72.
23.90000, 75.
23.91000, 67.
23.92000, 81.
23.93000, 70.
23.94000, 83.
23.95000, 80.
23.96000, 63.
23.97000, 69.
23.98000, 63.
23.99000, 64.
24.00000, 72.
24.01000, 78.
24.02000, 67.
24.03000, 54.
24.04000, 62.
24.05000, 79.
24.06000, 73.
24.07000, 71.
24.08000, 63.
24.09000, 65.
24.10000, 70.
24.11000, 54.
24.12000, 71.
24.13000, 79.
24.14000, 74.
24.15000, 67.
24.16000, 59.
24.17000, 68.
24.18000, 78.
24.19000, 71.
24.20000, 63.
24.21000, 66.
24.22000, 77.
24.23000, 84.
24.24000, 73.
24.25000, 57.
24.26000, 72.
24.27000, 69.
24.28000, 65.
24.29000, 78.
24.30000, 63.
24.31000, 64.
24.32000, 75.
24.33000, 78.
24.34000, 67.
24.35000, 70.
24.36000, 66.
24.37000, 72.
24.38000, 73.
24.39000, 59.
24.40000, 72.
24.41000, 63.
24.42000, 60.
24.43000, 55.
24.44000, 73.
24.45000, 61.
24.46000, 77.
24.47000, 74.
24.48000, 58.
24.49000, 76.
24.50000, 70.
24.51000, 63.
24.52000, 73.
24.53000, 82.
24.54000, 76.
24.55000, 62.
24.56000, 64.
24.57000, 61.
24.58000, 49.
24.59000, 79.
24.60000, 58.
24.61000, 73.
24.62000, 70.
24.63000, 73.
24.64000, 74.
24.65000, 64.
24.66000, 66.
24.67000, 69.
24.68000, 59.
24.69000, 65.
24.70000, 62.
24.71000, 66.
24.72000, 74.
24.73000, 52.
24.74000, 82.
24.75000, 62.
24.76000, 71.
24.77000, 66.
24.78000, 83.
24.79000, 62.
24.80000, 56.
24.81000, 62.
24.82000, 62.
24.83000, 70.
24.84000, 80.
24.85000, 87.
24.86000, 81.
24.87000, 75.
24.88000, 60.
24.89000, 79.
24.90000, 68.
24.91000, 57.
24.92000, 73.
24.93000, 77.
24.94000, 66.
24.95000, 70.
24.96000, 69.
24.97000, 70.
24.98000, 67.
24.99000, 69.
25.00000, 59.
25.01000, 71.
25.02000, 76.
25.03000, 72.
25.04000, 67.
25.05000, 77.
25.06000, 66.
25.07000, 55.
25.08000, 72.
25.09000, 74.
25.10000, 73.
25.11000, 85.
25.12000, 69.
25.13000, 82.
25.14000, 58.
25.15000, 89.
25.16000, 79.
25.17000, 76.
25.18000, 84.
25.19000, 77.
25.20000, 74.
25.21000, 62.
25.22000, 85.
25.23000, 64.
25.24000, 74.
25.25000, 67.
25.26000, 68.
25.27000, 74.
25.28000, 72.
25.29000, 66.
25.30000, 63.
25.31000, 73.
25.32000, 85.
25.33000, 68.
25.34000, 72.
25.35000, 77.
25.36000, 77.
25.37000, 49.
25.38000, 49.
25.39000, 61.
25.40000, 66.
25.41000, 70.
25.42000, 70.
25.43000, 60.
25.44000, 64.
25.45000, 67.
25.46000, 73.
25.47000, 57.
25.48000, 93.
25.49000, 68.
25.50000, 45.
25.51000, 62.
25.52000, 65.
25.53000, 69.
25.54000, 71.
25.55000, 59.
25.56000, 67.
25.57000, 62.
25.58000, 70.
25.59000, 62.
25.60000, 60.
25.61000, 56.
25.62000, 62.
25.63000, 66.
25.64000, 63.
25.65000, 68.
25.66000, 52.
25.67000, 66.
25.68000, 61.
25.69000, 79.
25.70000, 65.
25.71000, 67.
25.72000, 74.
25.73000, 61.
25.74000, 72.
25.75000, 69.
25.76000, 58.
25.77000, 59.
25.78000, 51.
25.79000, 67.
25.80000, 81.
25.81000, 78.
25.82000, 60.
25.83000, 60.
25.84000, 69.
25.85000, 64.
25.86000, 58.
25.87000, 73.
25.88000, 49.
25.89000, 52.
25.90000, 52.
25.91000, 64.
25.92000, 70.
25.93000, 65.
25.94000, 60.
25.95000, 46.
25.96000, 69.
25.97000, 56.
25.98000, 67.
25.99000, 62.
26.00000, 61.
26.01000, 59.
26.02000, 59.
26.03000, 81.
26.04000, 55.
26.05000, 61.
26.06000, 66.
26.07000, 63.
26.08000, 69.
26.09000, 60.
26.10000, 74.
26.11000, 69.
26.12000, 58.
26.13000, 59.
26.14000, 51.
26.15000, 68.
26.16000, 47.
26.17000, 55.
26.18000, 51.
26.19000, 75.
26.20000, 63.
26.21000, 63.
26.22000, 60.
26.23000, 49.
26.24000, 61.
26.25000, 47.
26.26000, 54.
26.27000, 53.
26.28000, 59.
26.29000, 54.
26.30000, 72.
26.31000, 67.
26.32000, 61.
26.33000, 67.
26.34000, 37.
26.35000, 44.
26.36000, 45.
26.37000, 50.
26.38000, 62.
26.39000, 56.
26.40000, 67.
26.41000, 58.
26.42000, 63.
26.43000, 54.
26.44000, 48.
26.45000, 63.
26.46000, 63.
26.47000, 61.
26.48000, 57.
26.49000, 62.
26.50000, 61.
26.51000, 64.
26.52000, 53.
26.53000, 48.
26.54000, 57.
26.55000, 62.
26.56000, 53.
26.57000, 48.
26.58000, 51.
26.59000, 58.
26.60000, 61.
26.61000, 56.
26.62000, 45.
26.63000, 58.
26.64000, 40.
26.65000, 43.
26.66000, 66.
26.67000, 47.
26.68000, 52.
26.69000, 60.
26.70000, 61.
26.71000, 55.
26.72000, 58.
26.73000, 46.
26.74000, 49.
26.75000, 58.
26.76000, 49.
26.77000, 51.
26.78000, 58.
26.79000, 65.
26.80000, 58.
26.81000, 54.
26.82000, 43.
26.83000, 64.
26.84000, 47.
26.85000, 57.
26.86000, 55.
26.87000, 55.
26.88000, 55.
26.89000, 60.
26.90000, 49.
26.91000, 58.
26.92000, 39.
26.93000, 57.
26.94000, 56.
26.95000, 52.
26.96000, 37.
26.97000, 64.
26.98000, 58.
26.99000, 59.
27.00000, 53.
27.01000, 64.
27.02000, 62.
27.03000, 49.
27.04000, 53.
27.05000, 48.
27.06000, 49.
27.07000, 50.
27.08000, 57.
27.09000, 58.
27.10000, 57.
27.11000, 42.
27.12000, 60.
27.13000, 55.
27.14000, 49.
27.15000, 56.
27.16000, 43.
27.17000, 65.
27.18000, 59.
27.19000, 45.
27.20000, 58.
27.21000, 65.
27.22000, 55.
27.23000, 59.
27.24000, 51.
27.25000, 49.
27.26000, 45.
27.27000, 49.
27.28000, 37.
27.29000, 62.
27.30000, 51.
27.31000, 58.
27.32000, 49.
27.33000, 49.
27.34000, 50.
27.35000, 54.
27.36000, 52.
27.37000, 42.
27.38000, 29.
27.39000, 53.
27.40000, 46.
27.41000, 46.
27.42000, 52.
27.43000, 59.
27.44000, 61.
27.45000, 57.
27.46000, 58.
27.47000, 49.
27.48000, 47.
27.49000, 56.
27.50000, 55.
27.51000, 55.
27.52000, 40.
27.53000, 51.
27.54000, 63.
27.55000, 46.
27.56000, 58.
27.57000, 44.
27.58000, 55.
27.59000, 65.
27.60000, 44.
27.61000, 47.
27.62000, 59.
27.63000, 40.
27.64000, 52.
27.65000, 47.
27.66000, 49.
27.67000, 46.
27.68000, 48.
27.69000, 66.
27.70000, 50.
27.71000, 43.
27.72000, 51.
27.73000, 48.
27.74000, 44.
27.75000, 45.
27.76000, 35.
27.77000, 57.
27.78000, 55.
27.79000, 53.
27.80000, 31.
27.81000, 65.
27.82000, 56.
27.83000, 48.
27.84000, 46.
27.85000, 56.
27.86000, 50.
27.87000, 52.
27.88000, 51.
27.89000, 47.
27.90000, 54.
27.91000, 39.
27.92000, 60.
27.93000, 53.
27.94000, 40.
27.95000, 46.
27.96000, 40.
27.97000, 57.
27.98000, 58.
27.99000, 51.
28.00000, 44.
28.01000, 53.
28.02000, 38.
28.03000, 49.
28.04000, 43.
28.05000, 41.
28.06000, 54.
28.07000, 47.
28.08000, 47.
28.09000, 51.
28.10000, 40.
28.11000, 53.
28.12000, 52.
28.13000, 51.
28.14000, 44.
28.15000, 45.
28.16000, 40.
28.17000, 46.
28.18000, 43.
28.19000, 57.
28.20000, 53.
28.21000, 49.
28.22000, 52.
28.23000, 54.
28.24000, 47.
28.25000, 43.
28.26000, 44.
28.27000, 40.
28.28000, 38.
28.29000, 58.
28.30000, 53.
28.31000, 53.
28.32000, 45.
28.33000, 46.
28.34000, 52.
28.35000, 35.
28.36000, 53.
28.37000, 54.
28.38000, 38.
28.39000, 57.
28.40000, 33.
28.41000, 45.
28.42000, 38.
28.43000, 53.
28.44000, 51.
28.45000, 49.
28.46000, 38.
28.47000, 45.
28.48000, 52.
28.49000, 41.
28.50000, 36.
28.51000, 58.
28.52000, 51.
28.53000, 45.
28.54000, 44.
28.55000, 45.
28.56000, 47.
28.57000, 37.
28.58000, 53.
28.59000, 56.
28.60000, 41.
28.61000, 49.
28.62000, 39.
28.63000, 43.
28.64000, 53.
28.65000, 44.
28.66000, 47.
28.67000, 35.
28.68000, 40.
28.69000, 54.
28.70000, 47.
28.71000, 37.
28.72000, 47.
28.73000, 61.
28.74000, 54.
28.75000, 60.
28.76000, 39.
28.77000, 57.
28.78000, 38.
28.79000, 37.
28.80000, 47.
28.81000, 49.
28.82000, 45.
28.83000, 40.
28.84000, 51.
28.85000, 52.
28.86000, 53.
28.87000, 47.
28.88000, 43.
28.89000, 44.
28.90000, 43.
28.91000, 41.
28.92000, 44.
28.93000, 47.
28.94000, 40.
28.95000, 33.
28.96000, 44.
28.97000, 55.
28.98000, 46.
28.99000, 34.
29.00000, 36.
29.01000, 49.
29.02000, 29.
29.03000, 36.
29.04000, 43.
29.05000, 55.
29.06000, 46.
29.07000, 55.
29.08000, 35.
29.09000, 45.
29.10000, 49.
29.11000, 40.
29.12000, 39.
29.13000, 35.
29.14000, 44.
29.15000, 39.
29.16000, 39.
29.17000, 43.
29.18000, 43.
29.19000, 49.
29.20000, 31.
29.21000, 47.
29.22000, 39.
29.23000, 42.
29.24000, 44.
29.25000, 36.
29.26000, 37.
29.27000, 42.
29.28000, 39.
29.29000, 46.
29.30000, 37.
29.31000, 39.
29.32000, 41.
29.33000, 45.
29.34000, 52.
29.35000, 42.
29.36000, 40.
29.37000, 42.
29.38000, 34.
29.39000, 33.
29.40000, 45.
29.41000, 48.
29.42000, 36.
29.43000, 50.
29.44000, 35.
29.45000, 38.
29.46000, 37.
29.47000, 44.
29.48000, 50.
29.49000, 39.
29.50000, 47.
29.51000, 32.
29.52000, 28.
29.53000, 37.
29.54000, 31.
29.55000, 44.
29.56000, 36.
29.57000, 37.
29.58000, 36.
29.59000, 39.
29.60000, 26.
29.61000, 43.
29.62000, 36.
29.63000, 40.
29.64000, 26.
29.65000, 45.
29.66000, 42.
29.67000, 45.
29.68000, 46.
29.69000, 48.
29.70000, 42.
29.71000, 47.
29.72000, 36.
29.73000, 34.
29.74000, 46.
29.75000, 35.
29.76000, 35.
29.77000, 50.
29.78000, 45.
29.79000, 42.
29.80000, 42.
29.81000, 32.
29.82000, 44.
29.83000, 25.
29.84000, 41.
29.85000, 44.
29.86000, 42.
29.87000, 38.
29.88000, 47.
29.89000, 43.
29.90000, 44.
29.91000, 34.
29.92000, 44.
29.93000, 35.
29.94000, 33.
29.95000, 37.
29.96000, 33.
29.97000, 41.
29.98000, 35.
29.99000, 35.
30.00000, 43.
30.01000, 45.
30.02000, 41.
30.03000, 32.
30.04000, 39.
30.05000, 42.
30.06000, 51.
30.07000, 47.
30.08000, 40.
30.09000, 37.
30.10000, 30.
30.11000, 45.
30.12000, 45.
30.13000, 35.
30.14000, 42.
30.15000, 43.
30.16000, 31.
30.17000, 38.
30.18000, 39.
30.19000, 34.
30.20000, 48.
30.21000, 43.
30.22000, 44.
30.23000, 24.
30.24000, 38.
30.25000, 36.
30.26000, 35.
30.27000, 49.
30.28000, 40.
30.29000, 32.
30.30000, 38.
30.31000, 28.
30.32000, 36.
30.33000, 40.
30.34000, 25.
30.35000, 35.
30.36000, 37.
30.37000, 31.
30.38000, 25.
30.39000, 38.
30.40000, 36.
30.41000, 38.
30.42000, 43.
30.43000, 35.
30.44000, 41.
30.45000, 41.
30.46000, 39.
30.47000, 39.
30.48000, 33.
30.49000, 30.
30.50000, 38.
30.51000, 34.
30.52000, 36.
30.53000, 37.
30.54000, 43.
30.55000, 37.
30.56000, 25.
30.57000, 46.
30.58000, 29.
30.59000, 42.
30.60000, 41.
30.61000, 34.
30.62000, 28.
30.63000, 33.
30.64000, 25.
30.65000, 49.
30.66000, 31.
30.67000, 36.
30.68000, 30.
30.69000, 34.
30.70000, 41.
30.71000, 36.
30.72000, 33.
30.73000, 29.
30.74000, 47.
30.75000, 35.
30.76000, 44.
30.77000, 36.
30.78000, 39.
30.79000, 32.
30.80000, 35.
30.81000, 28.
30.82000, 35.
30.83000, 50.
30.84000, 35.
30.85000, 30.
30.86000, 31.
30.87000, 31.
30.88000, 41.
30.89000, 42.
30.90000, 32.
30.91000, 26.
30.92000, 37.
30.93000, 27.
30.94000, 37.
30.95000, 33.
30.96000, 28.
30.97000, 31.
30.98000, 40.
30.99000, 38.
31.00000, 40.
31.01000, 28.
31.02000, 29.
31.03000, 30.
31.04000, 30.
31.05000, 34.
31.06000, 29.
31.07000, 41.
31.08000, 33.
31.09000, 34.
31.10000, 32.
31.11000, 29.
31.12000, 46.
31.13000, 29.
31.14000, 33.
31.15000, 28.
31.16000, 30.
31.17000, 37.
31.18000, 31.
31.19000, 25.
31.20000, 26.
31.21000, 24.
31.22000, 34.
31.23000, 31.
31.24000, 28.
31.25000, 36.
31.26000, 32.
31.27000, 29.
31.28000, 20.
31.29000, 33.
31.30000, 44.
31.31000, 38.
31.32000, 29.
31.33000, 49.
31.34000, 25.
31.35000, 31.
31.36000, 35.
31.37000, 23.
31.38000, 32.
31.39000, 38.
31.40000, 27.
31.41000, 38.
31.42000, 33.
31.43000, 33.
31.44000, 34.
31.45000, 36.
31.46000, 31.
31.47000, 32.
31.48000, 40.
31.49000, 32.
31.50000, 36.
31.51000, 32.
31.52000, 38.
31.53000, 32.
31.54000, 24.
31.55000, 32.
31.56000, 52.
31.57000, 30.
31.58000, 30.
31.59000, 28.
31.60000, 30.
31.61000, 32.
31.62000, 41.
31.63000, 28.
31.64000, 38.
31.65000, 37.
31.66000, 37.
31.67000, 24.
31.68000, 33.
31.69000, 26.
31.70000, 33.
31.71000, 39.
31.72000, 31.
31.73000, 34.
31.74000, 43.
31.75000, 23.
31.76000, 37.
31.77000, 41.
31.78000, 39.
31.79000, 32.
31.80000, 31.
31.81000, 33.
31.82000, 29.
31.83000, 49.
31.84000, 22.
31.85000, 33.
31.86000, 26.
31.87000, 33.
31.88000, 37.
31.89000, 25.
31.90000, 43.
31.91000, 27.
31.92000, 37.
31.93000, 39.
31.94000, 36.
31.95000, 36.
31.96000, 36.
31.97000, 29.
31.98000, 26.
31.99000, 42.
32.00000, 29.
32.01000, 30.
32.02000, 42.
32.03000, 31.
32.04000, 33.
32.05000, 39.
32.06000, 38.
32.07000, 27.
32.08000, 38.
32.09000, 33.
32.10000, 37.
32.11000, 33.
32.12000, 28.
32.13000, 28.
32.14000, 37.
32.15000, 43.
32.16000, 34.
32.17000, 34.
32.18000, 35.
32.19000, 42.
32.20000, 29.
32.21000, 39.
32.22000, 49.
32.23000, 24.
32.24000, 31.
32.25000, 21.
32.26000, 28.
32.27000, 27.
32.28000, 31.
32.29000, 24.
32.30000, 36.
32.31000, 21.
32.32000, 24.
32.33000, 30.
32.34000, 23.
32.35000, 31.
32.36000, 32.
32.37000, 27.
32.38000, 28.
32.39000, 36.
32.40000, 23.
32.41000, 32.
32.42000, 17.
32.43000, 29.
32.44000, 31.
32.45000, 29.
32.46000, 22.
32.47000, 35.
32.48000, 28.
32.49000, 30.
32.50000, 30.
32.51000, 28.
32.52000, 32.
32.53000, 38.
32.54000, 28.
32.55000, 26.
32.56000, 29.
32.57000, 26.
32.58000, 25.
32.59000, 28.
32.60000, 20.
32.61000, 29.
32.62000, 27.
32.63000, 37.
32.64000, 25.
32.65000, 23.
32.66000, 35.
32.67000, 27.
32.68000, 31.
32.69000, 15.
32.70000, 28.
32.71000, 21.
32.72000, 25.
32.73000, 34.
32.74000, 26.
32.75000, 17.
32.76000, 22.
32.77000, 24.
32.78000, 27.
32.79000, 23.
32.80000, 36.
32.81000, 32.
32.82000, 23.
32.83000, 30.
32.84000, 29.
32.85000, 33.
32.86000, 23.
32.87000, 16.
32.88000, 22.
32.89000, 37.
32.90000, 14.
32.91000, 29.
32.92000, 21.
32.93000, 22.
32.94000, 28.
32.95000, 17.
32.96000, 34.
32.97000, 32.
32.98000, 24.
32.99000, 13.
33.00000, 26.
33.01000, 22.
33.02000, 26.
33.03000, 25.
33.04000, 27.
33.05000, 28.
33.06000, 29.
33.07000, 29.
33.08000, 17.
33.09000, 25.
33.10000, 38.
33.11000, 30.
33.12000, 17.
33.13000, 30.
33.14000, 22.
33.15000, 28.
33.16000, 35.
33.17000, 30.
33.18000, 38.
33.19000, 28.
33.20000, 31.
33.21000, 21.
33.22000, 18.
33.23000, 21.
33.24000, 27.
33.25000, 22.
33.26000, 27.
33.27000, 20.
33.28000, 22.
33.29000, 23.
33.30000, 31.
33.31000, 21.
33.32000, 27.
33.33000, 24.
33.34000, 16.
33.35000, 30.
33.36000, 21.
33.37000, 19.
33.38000, 40.
33.39000, 24.
33.40000, 17.
33.41000, 18.
33.42000, 21.
33.43000, 22.
33.44000, 16.
33.45000, 25.
33.46000, 19.
33.47000, 13.
33.48000, 31.
33.49000, 21.
33.50000, 18.
33.51000, 21.
33.52000, 24.
33.53000, 21.
33.54000, 35.
33.55000, 26.
33.56000, 21.
33.57000, 20.
33.58000, 19.
33.59000, 22.
33.60000, 27.
33.61000, 23.
33.62000, 17.
33.63000, 19.
33.64000, 20.
33.65000, 30.
33.66000, 25.
33.67000, 28.
33.68000, 24.
33.69000, 26.
33.70000, 34.
33.71000, 27.
33.72000, 20.
33.73000, 24.
33.74000, 27.
33.75000, 19.
33.76000, 29.
33.77000, 22.
33.78000, 23.
33.79000, 22.
33.80000, 15.
33.81000, 23.
33.82000, 18.
33.83000, 23.
33.84000, 28.
33.85000, 15.
33.86000, 26.
33.87000, 23.
33.88000, 19.
33.89000, 15.
33.90000, 22.
33.91000, 25.
33.92000, 27.
33.93000, 15.
33.94000, 18.
33.95000, 22.
33.96000, 27.
33.97000, 19.
33.98000, 21.
33.99000, 15.
34.00000, 15.
34.01000, 25.
34.02000, 22.
34.03000, 17.
34.04000, 19.
34.05000, 31.
34.06000, 21.
34.07000, 15.
34.08000, 18.
34.09000, 17.
34.10000, 20.
34.11000, 10.
34.12000, 28.
34.13000, 22.
34.14000, 18.
34.15000, 19.
34.16000, 21.
34.17000, 22.
34.18000, 21.
34.19000, 15.
34.20000, 24.
34.21000, 15.
34.22000, 16.
34.23000, 29.
34.24000, 22.
34.25000, 17.
34.26000, 15.
34.27000, 14.
34.28000, 16.
34.29000, 13.
34.30000, 17.
34.31000, 19.
34.32000, 21.
34.33000, 22.
34.34000, 15.
34.35000, 19.
34.36000, 15.
34.37000, 17.
34.38000, 21.
34.39000, 17.
34.40000, 19.
34.41000, 19.
34.42000, 20.
34.43000, 21.
34.44000, 21.
34.45000, 26.
34.46000, 21.
34.47000, 24.
34.48000, 18.
34.49000, 19.
34.50000, 16.
34.51000, 21.
34.52000, 17.
34.53000, 20.
34.54000, 14.
34.55000, 15.
34.56000, 23.
34.57000, 15.
34.58000, 22.
34.59000, 15.
34.60000, 17.
34.61000, 14.
34.62000, 13.
34.63000, 17.
34.64000, 24.
34.65000, 22.
34.66000, 17.
34.67000, 12.
34.68000, 19.
34.69000, 14.
34.70000, 14.
34.71000, 23.
34.72000, 21.
34.73000, 18.
34.74000, 18.
34.75000, 17.
34.76000, 22.
34.77000, 27.
34.78000, 10.
34.79000, 25.
34.80000, 23.
34.81000, 17.
34.82000, 20.
34.83000, 27.
34.84000, 27.
34.85000, 18.
34.86000, 27.
34.87000, 10.
34.88000, 18.
34.89000, 21.
34.90000, 23.
34.91000, 18.
34.92000, 18.
34.93000, 10.
34.94000, 20.
34.95000, 22.
34.96000, 18.
34.97000, 16.
34.98000, 18.
34.99000, 21.
35.00000, 17.
35.01000, 17.
35.02000, 15.
35.03000, 19.
35.04000, 26.
35.05000, 14.
35.06000, 19.
35.07000, 20.
35.08000, 24.
35.09000, 21.
35.10000, 13.
35.11000, 18.
35.12000, 12.
35.13000, 24.
35.14000, 14.
35.15000, 20.
35.16000, 7.
35.17000, 20.
35.18000, 11.
35.19000, 13.
35.20000, 16.
35.21000, 12.
35.22000, 15.
35.23000, 27.
35.24000, 14.
35.25000, 13.
35.26000, 15.
35.27000, 17.
35.28000, 15.
35.29000, 10.
35.30000, 7.
35.31000, 16.
35.32000, 26.
35.33000, 15.
35.34000, 21.
35.35000, 16.
35.36000, 16.
35.37000, 11.
35.38000, 14.
35.39000, 19.
35.40000, 16.
35.41000, 26.
35.42000, 19.
35.43000, 17.
35.44000, 18.
35.45000, 8.
35.46000, 16.
35.47000, 20.
35.48000, 16.
35.49000, 17.
35.50000, 12.
35.51000, 14.
35.52000, 9.
35.53000, 19.
35.54000, 17.
35.55000, 21.
35.56000, 17.
35.57000, 12.
35.58000, 20.
35.59000, 14.
35.60000, 16.
35.61000, 12.
35.62000, 20.
35.63000, 16.
35.64000, 15.
35.65000, 13.
35.66000, 18.
35.67000, 16.
35.68000, 17.
35.69000, 12.
35.70000, 13.
35.71000, 13.
35.72000, 15.
35.73000, 18.
35.74000, 17.
35.75000, 14.
35.76000, 24.
35.77000, 20.
35.78000, 12.
35.79000, 17.
35.80000, 13.
35.81000, 16.
35.82000, 15.
35.83000, 26.
35.84000, 14.
35.85000, 11.
35.86000, 20.
35.87000, 25.
35.88000, 20.
35.89000, 12.
35.90000, 16.
35.91000, 14.
35.92000, 22.
35.93000, 15.
35.94000, 10.
35.95000, 12.
35.96000, 17.
35.97000, 16.
35.98000, 15.
35.99000, 16.
36.00000, 17.
36.01000, 8.
36.02000, 14.
36.03000, 11.
36.04000, 11.
36.05000, 13.
36.06000, 15.
36.07000, 21.
36.08000, 13.
36.09000, 8.
36.10000, 22.
36.11000, 13.
36.12000, 15.
36.13000, 14.
36.14000, 12.
36.15000, 15.
36.16000, 16.
36.17000, 21.
36.18000, 16.
36.19000, 9.
36.20000, 21.
36.21000, 16.
36.22000, 7.
36.23000, 12.
36.24000, 14.
36.25000, 13.
36.26000, 14.
36.27000, 13.
36.28000, 13.
36.29000, 13.
36.30000, 13.
36.31000, 21.
36.32000, 16.
36.33000, 21.
36.34000, 13.
36.35000, 11.
36.36000, 13.
36.37000, 20.
36.38000, 14.
36.39000, 16.
36.40000, 19.
36.41000, 10.
36.42000, 14.
36.43000, 15.
36.44000, 17.
36.45000, 12.
36.46000, 15.
36.47000, 13.
36.48000, 15.
36.49000, 15.
36.50000, 14.
36.51000, 13.
36.52000, 15.
36.53000, 15.
36.54000, 14.
36.55000, 14.
36.56000, 11.
36.57000, 11.
36.58000, 14.
36.59000, 13.
36.60000, 18.
36.61000, 17.
36.62000, 11.
36.63000, 15.
36.64000, 17.
36.65000, 11.
36.66000, 11.
36.67000, 15.
36.68000, 10.
36.69000, 11.
36.70000, 9.
36.71000, 11.
36.72000, 21.
36.73000, 11.
36.74000, 15.
36.75000, 10.
36.76000, 13.
36.77000, 13.
36.78000, 16.
36.79000, 9.
36.80000, 10.
36.81000, 11.
36.82000, 15.
36.83000, 12.
36.84000, 14.
36.85000, 14.
36.86000, 12.
36.87000, 11.
36.88000, 18.
36.89000, 11.
36.90000, 14.
36.91000, 10.
36.92000, 11.
36.93000, 14.
36.94000, 10.
36.95000, 21.
36.96000, 12.
36.97000, 15.
36.98000, 9.
36.99000, 10.
37.00000, 14.
37.01000, 12.
37.02000, 9.
37.03000, 13.
37.04000, 14.
37.05000, 10.
37.06000, 17.
37.07000, 12.
37.08000, 9.
37.09000, 7.
37.10000, 8.
37.11000, 14.
37.12000, 12.
37.13000, 9.
37.14000, 13.
37.15000, 13.
37.16000, 12.
37.17000, 11.
37.18000, 4.
37.19000, 13.
37.20000, 9.
37.21000, 15.
37.22000, 4.
37.23000, 9.
37.24000, 7.
37.25000, 9.
37.26000, 13.
37.27000, 14.
37.28000, 17.
37.29000, 16.
37.30000, 7.
37.31000, 7.
37.32000, 15.
37.33000, 20.
37.34000, 9.
37.35000, 13.
37.36000, 13.
37.37000, 13.
37.38000, 11.
37.39000, 5.
37.40000, 7.
37.41000, 7.
37.42000, 7.
37.43000, 16.
37.44000, 13.
37.45000, 10.
37.46000, 11.
37.47000, 13.
37.48000, 11.
37.49000, 10.
37.50000, 12.
37.51000, 7.
37.52000, 10.
37.53000, 17.
37.54000, 4.
37.55000, 8.
37.56000, 14.
37.57000, 11.
37.58000, 12.
37.59000, 14.
37.60000, 7.
37.61000, 11.
37.62000, 15.
37.63000, 7.
37.64000, 11.
37.65000, 4.
37.66000, 9.
37.67000, 10.
37.68000, 13.
37.69000, 9.
37.70000, 15.
37.71000, 7.
37.72000, 8.
37.73000, 6.
37.74000, 14.
37.75000, 12.
37.76000, 3.
37.77000, 10.
37.78000, 7.
37.79000, 11.
37.80000, 14.
37.81000, 10.
37.82000, 10.
37.83000, 6.
37.84000, 9.
37.85000, 8.
37.86000, 13.
37.87000, 14.
37.88000, 11.
37.89000, 8.
37.90000, 7.
37.91000, 6.
37.92000, 6.
37.93000, 11.
37.94000, 8.
37.95000, 11.
37.96000, 12.
37.97000, 9.
37.98000, 6.
37.99000, 15.
38.00000, 13.
38.01000, 5.
38.02000, 13.
38.03000, 9.
38.04000, 9.
38.05000, 15.
38.06000, 12.
38.07000, 18.
38.08000, 4.
38.09000, 5.
38.10000, 11.
38.11000, 6.
38.12000, 5.
38.13000, 11.
38.14000, 17.
38.15000, 11.
38.16000, 7.
38.17000, 8.
38.18000, 7.
38.19000, 8.
38.20000, 7.
38.21000, 9.
38.22000, 6.
38.23000, 4.
38.24000, 13.
38.25000, 11.
38.26000, 11.
38.27000, 11.
38.28000, 14.
38.29000, 12.
38.30000, 13.
38.31000, 10.
38.32000, 7.
38.33000, 10.
38.34000, 12.
38.35000, 10.
38.36000, 7.
38.37000, 5.
38.38000, 11.
38.39000, 9.
38.40000, 5.
38.41000, 11.
38.42000, 8.
38.43000, 5.
38.44000, 10.
38.45000, 9.
38.46000, 8.
38.47000, 10.
38.48000, 14.
38.49000, 9.
38.50000, 2.
38.51000, 11.
38.52000, 9.
38.53000, 6.
38.54000, 9.
38.55000, 11.
38.56000, 10.
38.57000, 7.
38.58000, 9.
38.59000, 6.
38.60000, 13.
38.61000, 10.
38.62000, 12.
38.63000, 7.
38.64000, 10.
38.65000, 11.
38.66000, 6.
38.67000, 10.
38.68000, 11.
38.69000, 6.
38.70000, 9.
38.71000, 15.
38.72000, 7.
38.73000, 3.
38.74000, 8.
38.75000, 3.
38.76000, 11.
38.77000, 12.
38.78000, 5.
38.79000, 12.
38.80000, 9.
38.81000, 5.
38.82000, 9.
38.83000, 6.
38.84000, 8.
38.85000, 10.
38.86000, 11.
38.87000, 7.
38.88000, 8.
38.89000, 6.
38.90000, 8.
38.91000, 12.
38.92000, 6.
38.93000, 8.
38.94000, 9.
38.95000, 6.
38.96000, 6.
38.97000, 7.
38.98000, 10.
38.99000, 7.
39.00000, 5.
39.01000, 7.
39.02000, 8.
39.03000, 8.
39.04000, 9.
39.05000, 10.
39.06000, 9.
39.07000, 5.
39.08000, 7.
39.09000, 13.
39.10000, 9.
39.11000, 6.
39.12000, 4.
39.13000, 4.
39.14000, 9.
39.15000, 9.
39.16000, 14.
39.17000, 8.
39.18000, 6.
39.19000, 6.
39.20000, 6.
39.21000, 5.
39.22000, 10.
39.23000, 12.
39.24000, 8.
39.25000, 7.
39.26000, 12.
39.27000, 8.
39.28000, 5.
39.29000, 6.
39.30000, 5.
39.31000, 6.
39.32000, 6.
39.33000, 4.
39.34000, 10.
39.35000, 4.
39.36000, 7.
39.37000, 8.
39.38000, 8.
39.39000, 10.
39.40000, 8.
39.41000, 8.
39.42000, 4.
39.43000, 5.
39.44000, 4.
39.45000, 7.
39.46000, 4.
39.47000, 8.
39.48000, 4.
39.49000, 3.
39.50000, 7.
39.51000, 7.
39.52000, 3.
39.53000, 10.
39.54000, 3.
39.55000, 6.
39.56000, 4.
39.57000, 9.
39.58000, 4.
39.59000, 9.
39.60000, 4.
39.61000, 8.
39.62000, 3.
39.63000, 9.
39.64000, 16.
39.65000, 7.
39.66000, 4.
39.67000, 8.
39.68000, 5.
39.69000, 6.
39.70000, 5.
39.71000, 6.
39.72000, 1.
39.73000, 3.
39.74000, 5.
39.75000, 3.
39.76000, 11.
39.77000, 8.
39.78000, 8.
39.79000, 3.
39.80000, 6.
39.81000, 7.
39.82000, 5.
39.83000, 5.
39.84000, 11.
39.85000, 4.
39.86000, 3.
39.87000, 5.
39.88000, 9.
39.89000, 5.
39.90000, 1.
39.91000, 8.
39.92000, 5.
39.93000, 6.
39.94000, 4.
39.95000, 4.
39.96000, 12.
39.97000, 5.
39.98000, 7.
39.99000, 6.
40.00000, 7.
40.01000, 4.
40.02000, 5.
40.03000, 8.
40.04000, 4.
40.05000, 5.
40.06000, 3.
40.07000, 7.
40.08000, 3.
40.09000, 7.
40.10000, 12.
40.11000, 8.
40.12000, 7.
40.13000, 11.
40.14000, 7.
40.15000, 2.
40.16000, 5.
40.17000, 8.
40.18000, 4.
40.19000, 5.
40.20000, 3.
40.21000, 3.
40.22000, 5.
40.23000, 6.
40.24000, 4.
40.25000, 4.
40.26000, 6.
40.27000, 4.
40.28000, 4.
40.29000, 5.
40.30000, 4.
40.31000, 7.
40.32000, 4.
40.33000, 7.
40.34000, 8.
40.35000, 9.
40.36000, 6.
40.37000, 4.
40.38000, 9.
40.39000, 2.
40.40000, 2.
40.41000, 4.
40.42000, 4.
40.43000, 6.
40.44000, 11.
40.45000, 1.
40.46000, 7.
40.47000, 4.
40.48000, 4.
40.49000, 6.
40.50000, 5.
40.51000, 3.
40.52000, 6.
40.53000, 4.
40.54000, 4.
40.55000, 0.
#ENDOFDATA   : 
