#FORMAT      : EMSA/MAS Spectral Data File
#VERSION     : 1.0
#TITLE       : Spectrum 33
#DATE        : 21-AUG-2025
#TIME        : 15:37
#OWNER       : XGT7200
#NPOINTS     : 4096.
#NCOLUMNS    : 1.
#XUNITS      : keV
#YUNITS      : counts
#DATATYPE    : XY
#XPERCHAN    : 0.0100000
#OFFSET      : -0.400000
#SIGNALTYPE  : EDS
#CHOFFSET    : 40.0000
#LIVETIME    : 30.000000
#REALTIME    : 39.476635
#BEAMKV      : 50.0000
#PROBECUR    : 683000.
#MAGCAM      : 100.000
#XTILTSTGE   : 0.0
#AZIMANGLE   : 0.0
#ELEVANGLE   : 45.0
#XPOSITION mm: 0.0000
#YPOSITION mm: 0.0000
#ZPOSITION mm: 0.0000
##OXINSTPT   : 4
##OXINSTSTROB: 71.83
#SPECTRUM    : Spectral Data Starts Here
-0.40000, 0.
-0.39000, 0.
-0.38000, 0.
-0.37000, 0.
-0.36000, 0.
-0.35000, 0.
-0.34000, 0.
-0.33000, 0.
-0.32000, 0.
-0.31000, 0.
-0.30000, 0.
-0.29000, 0.
-0.28000, 0.
-0.27000, 0.
-0.26000, 0.
-0.25000, 0.
-0.24000, 0.
-0.23000, 0.
-0.22000, 0.
-0.21000, 0.
-0.20000, 0.
-0.19000, 0.
-0.18000, 0.
-0.17000, 0.
-0.16000, 0.
-0.15000, 0.
-0.14000, 0.
-0.13000, 0.
-0.12000, 0.
-0.11000, 0.
-0.10000, 0.
-0.09000, 0.
-0.08000, 0.
-0.07000, 0.
-0.06000, 0.
-0.05000, 0.
-0.04000, 0.
-0.03000, 0.
-0.02000, 0.
-0.01000, 0.
0.00000, 0.
0.01000, 0.
0.02000, 0.
0.03000, 0.
0.04000, 0.
0.05000, 0.
0.06000, 0.
0.07000, 0.
0.08000, 0.
0.09000, 0.
0.10000, 0.
0.11000, 0.
0.12000, 0.
0.13000, 0.
0.14000, 0.
0.15000, 0.
0.16000, 0.
0.17000, 0.
0.18000, 0.
0.19000, 0.
0.20000, 0.
0.21000, 0.
0.22000, 0.
0.23000, 0.
0.24000, 0.
0.25000, 0.
0.26000, 0.
0.27000, 0.
0.28000, 0.
0.29000, 0.
0.30000, 0.
0.31000, 0.
0.32000, 0.
0.33000, 2.
0.34000, 0.
0.35000, 2.
0.36000, 6.
0.37000, 11.
0.38000, 10.
0.39000, 18.
0.40000, 32.
0.41000, 27.
0.42000, 37.
0.43000, 25.
0.44000, 33.
0.45000, 46.
0.46000, 57.
0.47000, 41.
0.48000, 45.
0.49000, 54.
0.50000, 59.
0.51000, 53.
0.52000, 50.
0.53000, 45.
0.54000, 47.
0.55000, 44.
0.56000, 57.
0.57000, 53.
0.58000, 44.
0.59000, 44.
0.60000, 37.
0.61000, 36.
0.62000, 45.
0.63000, 34.
0.64000, 43.
0.65000, 45.
0.66000, 42.
0.67000, 42.
0.68000, 42.
0.69000, 39.
0.70000, 44.
0.71000, 44.
0.72000, 46.
0.73000, 59.
0.74000, 42.
0.75000, 42.
0.76000, 31.
0.77000, 49.
0.78000, 52.
0.79000, 35.
0.80000, 47.
0.81000, 44.
0.82000, 32.
0.83000, 42.
0.84000, 33.
0.85000, 34.
0.86000, 41.
0.87000, 43.
0.88000, 41.
0.89000, 33.
0.90000, 48.
0.91000, 42.
0.92000, 41.
0.93000, 51.
0.94000, 36.
0.95000, 46.
0.96000, 35.
0.97000, 50.
0.98000, 47.
0.99000, 42.
1.00000, 42.
1.01000, 50.
1.02000, 53.
1.03000, 56.
1.04000, 66.
1.05000, 39.
1.06000, 40.
1.07000, 38.
1.08000, 55.
1.09000, 47.
1.10000, 38.
1.11000, 35.
1.12000, 38.
1.13000, 26.
1.14000, 33.
1.15000, 38.
1.16000, 39.
1.17000, 42.
1.18000, 43.
1.19000, 59.
1.20000, 54.
1.21000, 53.
1.22000, 62.
1.23000, 64.
1.24000, 45.
1.25000, 65.
1.26000, 54.
1.27000, 47.
1.28000, 47.
1.29000, 56.
1.30000, 57.
1.31000, 57.
1.32000, 44.
1.33000, 33.
1.34000, 37.
1.35000, 55.
1.36000, 50.
1.37000, 41.
1.38000, 40.
1.39000, 61.
1.40000, 81.
1.41000, 137.
1.42000, 167.
1.43000, 260.
1.44000, 347.
1.45000, 426.
1.46000, 486.
1.47000, 637.
1.48000, 674.
1.49000, 725.
1.50000, 674.
1.51000, 662.
1.52000, 582.
1.53000, 498.
1.54000, 397.
1.55000, 317.
1.56000, 215.
1.57000, 170.
1.58000, 148.
1.59000, 141.
1.60000, 104.
1.61000, 147.
1.62000, 176.
1.63000, 252.
1.64000, 425.
1.65000, 619.
1.66000, 1021.
1.67000, 1544.
1.68000, 2418.
1.69000, 3153.
1.70000, 4329.
1.71000, 5560.
1.72000, 6534.
1.73000, 7433.
1.74000, 7772.
1.75000, 7708.
1.76000, 7617.
1.77000, 6899.
1.78000, 5852.
1.79000, 4632.
1.80000, 3661.
1.81000, 2779.
1.82000, 1952.
1.83000, 1444.
1.84000, 1009.
1.85000, 703.
1.86000, 475.
1.87000, 367.
1.88000, 283.
1.89000, 184.
1.90000, 147.
1.91000, 114.
1.92000, 94.
1.93000, 60.
1.94000, 62.
1.95000, 61.
1.96000, 64.
1.97000, 54.
1.98000, 69.
1.99000, 59.
2.00000, 60.
2.01000, 71.
2.02000, 53.
2.03000, 64.
2.04000, 53.
2.05000, 64.
2.06000, 51.
2.07000, 43.
2.08000, 50.
2.09000, 40.
2.10000, 31.
2.11000, 47.
2.12000, 39.
2.13000, 26.
2.14000, 33.
2.15000, 38.
2.16000, 37.
2.17000, 21.
2.18000, 29.
2.19000, 30.
2.20000, 24.
2.21000, 26.
2.22000, 35.
2.23000, 41.
2.24000, 41.
2.25000, 48.
2.26000, 63.
2.27000, 82.
2.28000, 93.
2.29000, 107.
2.30000, 123.
2.31000, 102.
2.32000, 133.
2.33000, 142.
2.34000, 130.
2.35000, 142.
2.36000, 133.
2.37000, 125.
2.38000, 147.
2.39000, 139.
2.40000, 114.
2.41000, 96.
2.42000, 108.
2.43000, 108.
2.44000, 92.
2.45000, 105.
2.46000, 96.
2.47000, 108.
2.48000, 70.
2.49000, 81.
2.50000, 57.
2.51000, 59.
2.52000, 48.
2.53000, 44.
2.54000, 46.
2.55000, 49.
2.56000, 47.
2.57000, 58.
2.58000, 44.
2.59000, 67.
2.60000, 104.
2.61000, 116.
2.62000, 166.
2.63000, 199.
2.64000, 245.
2.65000, 292.
2.66000, 329.
2.67000, 329.
2.68000, 395.
2.69000, 401.
2.70000, 456.
2.71000, 410.
2.72000, 418.
2.73000, 362.
2.74000, 356.
2.75000, 285.
2.76000, 263.
2.77000, 244.
2.78000, 208.
2.79000, 202.
2.80000, 218.
2.81000, 222.
2.82000, 197.
2.83000, 242.
2.84000, 202.
2.85000, 231.
2.86000, 204.
2.87000, 203.
2.88000, 182.
2.89000, 160.
2.90000, 142.
2.91000, 153.
2.92000, 102.
2.93000, 101.
2.94000, 104.
2.95000, 89.
2.96000, 92.
2.97000, 66.
2.98000, 66.
2.99000, 65.
3.00000, 68.
3.01000, 50.
3.02000, 50.
3.03000, 48.
3.04000, 41.
3.05000, 34.
3.06000, 25.
3.07000, 26.
3.08000, 34.
3.09000, 33.
3.10000, 30.
3.11000, 39.
3.12000, 46.
3.13000, 35.
3.14000, 40.
3.15000, 31.
3.16000, 34.
3.17000, 35.
3.18000, 51.
3.19000, 71.
3.20000, 65.
3.21000, 98.
3.22000, 129.
3.23000, 165.
3.24000, 230.
3.25000, 283.
3.26000, 331.
3.27000, 456.
3.28000, 485.
3.29000, 598.
3.30000, 649.
3.31000, 656.
3.32000, 686.
3.33000, 612.
3.34000, 592.
3.35000, 541.
3.36000, 461.
3.37000, 438.
3.38000, 300.
3.39000, 287.
3.40000, 223.
3.41000, 149.
3.42000, 124.
3.43000, 86.
3.44000, 60.
3.45000, 59.
3.46000, 64.
3.47000, 64.
3.48000, 61.
3.49000, 65.
3.50000, 56.
3.51000, 72.
3.52000, 70.
3.53000, 80.
3.54000, 94.
3.55000, 118.
3.56000, 129.
3.57000, 143.
3.58000, 157.
3.59000, 171.
3.60000, 215.
3.61000, 260.
3.62000, 298.
3.63000, 360.
3.64000, 448.
3.65000, 455.
3.66000, 514.
3.67000, 526.
3.68000, 620.
3.69000, 571.
3.70000, 593.
3.71000, 600.
3.72000, 571.
3.73000, 471.
3.74000, 372.
3.75000, 342.
3.76000, 219.
3.77000, 218.
3.78000, 180.
3.79000, 123.
3.80000, 93.
3.81000, 65.
3.82000, 41.
3.83000, 50.
3.84000, 27.
3.85000, 28.
3.86000, 20.
3.87000, 32.
3.88000, 25.
3.89000, 28.
3.90000, 27.
3.91000, 41.
3.92000, 53.
3.93000, 59.
3.94000, 47.
3.95000, 61.
3.96000, 78.
3.97000, 99.
3.98000, 96.
3.99000, 101.
4.00000, 95.
4.01000, 100.
4.02000, 114.
4.03000, 91.
4.04000, 88.
4.05000, 99.
4.06000, 86.
4.07000, 88.
4.08000, 68.
4.09000, 61.
4.10000, 42.
4.11000, 49.
4.12000, 46.
4.13000, 30.
4.14000, 32.
4.15000, 30.
4.16000, 37.
4.17000, 31.
4.18000, 30.
4.19000, 27.
4.20000, 25.
4.21000, 33.
4.22000, 26.
4.23000, 27.
4.24000, 26.
4.25000, 29.
4.26000, 30.
4.27000, 35.
4.28000, 19.
4.29000, 23.
4.30000, 40.
4.31000, 31.
4.32000, 28.
4.33000, 32.
4.34000, 44.
4.35000, 43.
4.36000, 51.
4.37000, 65.
4.38000, 70.
4.39000, 78.
4.40000, 112.
4.41000, 153.
4.42000, 189.
4.43000, 198.
4.44000, 269.
4.45000, 283.
4.46000, 385.
4.47000, 453.
4.48000, 508.
4.49000, 502.
4.50000, 557.
4.51000, 562.
4.52000, 488.
4.53000, 510.
4.54000, 497.
4.55000, 451.
4.56000, 364.
4.57000, 300.
4.58000, 255.
4.59000, 251.
4.60000, 202.
4.61000, 153.
4.62000, 134.
4.63000, 123.
4.64000, 98.
4.65000, 101.
4.66000, 76.
4.67000, 84.
4.68000, 89.
4.69000, 91.
4.70000, 67.
4.71000, 74.
4.72000, 78.
4.73000, 75.
4.74000, 82.
4.75000, 68.
4.76000, 80.
4.77000, 69.
4.78000, 92.
4.79000, 78.
4.80000, 87.
4.81000, 88.
4.82000, 94.
4.83000, 103.
4.84000, 96.
4.85000, 123.
4.86000, 109.
4.87000, 168.
4.88000, 130.
4.89000, 154.
4.90000, 141.
4.91000, 140.
4.92000, 161.
4.93000, 152.
4.94000, 150.
4.95000, 117.
4.96000, 142.
4.97000, 120.
4.98000, 107.
4.99000, 93.
5.00000, 84.
5.01000, 69.
5.02000, 77.
5.03000, 69.
5.04000, 73.
5.05000, 60.
5.06000, 46.
5.07000, 41.
5.08000, 35.
5.09000, 40.
5.10000, 48.
5.11000, 55.
5.12000, 50.
5.13000, 60.
5.14000, 49.
5.15000, 48.
5.16000, 48.
5.17000, 65.
5.18000, 62.
5.19000, 61.
5.20000, 61.
5.21000, 60.
5.22000, 66.
5.23000, 56.
5.24000, 45.
5.25000, 67.
5.26000, 45.
5.27000, 62.
5.28000, 69.
5.29000, 61.
5.30000, 61.
5.31000, 62.
5.32000, 59.
5.33000, 58.
5.34000, 66.
5.35000, 58.
5.36000, 85.
5.37000, 75.
5.38000, 77.
5.39000, 84.
5.40000, 72.
5.41000, 95.
5.42000, 70.
5.43000, 76.
5.44000, 79.
5.45000, 68.
5.46000, 68.
5.47000, 77.
5.48000, 84.
5.49000, 82.
5.50000, 78.
5.51000, 72.
5.52000, 55.
5.53000, 64.
5.54000, 80.
5.55000, 79.
5.56000, 82.
5.57000, 76.
5.58000, 66.
5.59000, 62.
5.60000, 54.
5.61000, 66.
5.62000, 43.
5.63000, 59.
5.64000, 69.
5.65000, 68.
5.66000, 63.
5.67000, 47.
5.68000, 70.
5.69000, 49.
5.70000, 72.
5.71000, 54.
5.72000, 52.
5.73000, 54.
5.74000, 53.
5.75000, 54.
5.76000, 59.
5.77000, 84.
5.78000, 74.
5.79000, 85.
5.80000, 92.
5.81000, 128.
5.82000, 122.
5.83000, 148.
5.84000, 192.
5.85000, 168.
5.86000, 212.
5.87000, 224.
5.88000, 223.
5.89000, 222.
5.90000, 235.
5.91000, 240.
5.92000, 233.
5.93000, 210.
5.94000, 218.
5.95000, 192.
5.96000, 178.
5.97000, 144.
5.98000, 103.
5.99000, 103.
6.00000, 116.
6.01000, 101.
6.02000, 79.
6.03000, 78.
6.04000, 81.
6.05000, 85.
6.06000, 89.
6.07000, 74.
6.08000, 81.
6.09000, 100.
6.10000, 91.
6.11000, 91.
6.12000, 85.
6.13000, 77.
6.14000, 83.
6.15000, 97.
6.16000, 98.
6.17000, 102.
6.18000, 106.
6.19000, 121.
6.20000, 166.
6.21000, 181.
6.22000, 249.
6.23000, 349.
6.24000, 445.
6.25000, 603.
6.26000, 838.
6.27000, 1191.
6.28000, 1550.
6.29000, 2037.
6.30000, 2674.
6.31000, 3507.
6.32000, 4235.
6.33000, 5369.
6.34000, 6248.
6.35000, 7075.
6.36000, 8125.
6.37000, 8636.
6.38000, 9526.
6.39000, 9920.
6.40000, 9924.
6.41000, 9729.
6.42000, 9307.
6.43000, 8768.
6.44000, 7996.
6.45000, 7143.
6.46000, 6054.
6.47000, 5158.
6.48000, 4270.
6.49000, 3538.
6.50000, 2749.
6.51000, 1970.
6.52000, 1559.
6.53000, 1139.
6.54000, 851.
6.55000, 577.
6.56000, 398.
6.57000, 338.
6.58000, 245.
6.59000, 162.
6.60000, 133.
6.61000, 124.
6.62000, 112.
6.63000, 107.
6.64000, 90.
6.65000, 106.
6.66000, 105.
6.67000, 87.
6.68000, 94.
6.69000, 74.
6.70000, 96.
6.71000, 89.
6.72000, 85.
6.73000, 102.
6.74000, 95.
6.75000, 89.
6.76000, 106.
6.77000, 99.
6.78000, 110.
6.79000, 97.
6.80000, 119.
6.81000, 105.
6.82000, 118.
6.83000, 116.
6.84000, 111.
6.85000, 120.
6.86000, 122.
6.87000, 141.
6.88000, 152.
6.89000, 185.
6.90000, 195.
6.91000, 249.
6.92000, 294.
6.93000, 341.
6.94000, 452.
6.95000, 550.
6.96000, 634.
6.97000, 726.
6.98000, 929.
6.99000, 1107.
7.00000, 1242.
7.01000, 1321.
7.02000, 1443.
7.03000, 1568.
7.04000, 1590.
7.05000, 1600.
7.06000, 1645.
7.07000, 1610.
7.08000, 1508.
7.09000, 1439.
7.10000, 1219.
7.11000, 1119.
7.12000, 979.
7.13000, 857.
7.14000, 704.
7.15000, 636.
7.16000, 492.
7.17000, 388.
7.18000, 326.
7.19000, 263.
7.20000, 173.
7.21000, 187.
7.22000, 148.
7.23000, 117.
7.24000, 98.
7.25000, 111.
7.26000, 69.
7.27000, 78.
7.28000, 68.
7.29000, 73.
7.30000, 72.
7.31000, 68.
7.32000, 86.
7.33000, 80.
7.34000, 76.
7.35000, 86.
7.36000, 77.
7.37000, 83.
7.38000, 83.
7.39000, 81.
7.40000, 90.
7.41000, 83.
7.42000, 77.
7.43000, 95.
7.44000, 85.
7.45000, 93.
7.46000, 78.
7.47000, 91.
7.48000, 84.
7.49000, 78.
7.50000, 92.
7.51000, 97.
7.52000, 84.
7.53000, 89.
7.54000, 74.
7.55000, 75.
7.56000, 70.
7.57000, 76.
7.58000, 86.
7.59000, 74.
7.60000, 88.
7.61000, 94.
7.62000, 75.
7.63000, 79.
7.64000, 83.
7.65000, 61.
7.66000, 84.
7.67000, 81.
7.68000, 66.
7.69000, 82.
7.70000, 78.
7.71000, 67.
7.72000, 100.
7.73000, 89.
7.74000, 80.
7.75000, 82.
7.76000, 78.
7.77000, 83.
7.78000, 73.
7.79000, 87.
7.80000, 80.
7.81000, 92.
7.82000, 87.
7.83000, 97.
7.84000, 116.
7.85000, 106.
7.86000, 87.
7.87000, 106.
7.88000, 101.
7.89000, 114.
7.90000, 119.
7.91000, 137.
7.92000, 127.
7.93000, 155.
7.94000, 123.
7.95000, 172.
7.96000, 150.
7.97000, 195.
7.98000, 173.
7.99000, 187.
8.00000, 181.
8.01000, 213.
8.02000, 224.
8.03000, 210.
8.04000, 238.
8.05000, 221.
8.06000, 185.
8.07000, 236.
8.08000, 243.
8.09000, 214.
8.10000, 212.
8.11000, 169.
8.12000, 208.
8.13000, 165.
8.14000, 169.
8.15000, 186.
8.16000, 151.
8.17000, 164.
8.18000, 168.
8.19000, 126.
8.20000, 125.
8.21000, 125.
8.22000, 124.
8.23000, 138.
8.24000, 124.
8.25000, 123.
8.26000, 127.
8.27000, 125.
8.28000, 130.
8.29000, 117.
8.30000, 88.
8.31000, 99.
8.32000, 119.
8.33000, 97.
8.34000, 108.
8.35000, 123.
8.36000, 121.
8.37000, 104.
8.38000, 101.
8.39000, 107.
8.40000, 131.
8.41000, 110.
8.42000, 121.
8.43000, 124.
8.44000, 122.
8.45000, 110.
8.46000, 142.
8.47000, 117.
8.48000, 152.
8.49000, 152.
8.50000, 139.
8.51000, 167.
8.52000, 177.
8.53000, 203.
8.54000, 219.
8.55000, 206.
8.56000, 269.
8.57000, 280.
8.58000, 273.
8.59000, 318.
8.60000, 308.
8.61000, 343.
8.62000, 322.
8.63000, 324.
8.64000, 355.
8.65000, 341.
8.66000, 325.
8.67000, 323.
8.68000, 288.
8.69000, 298.
8.70000, 243.
8.71000, 259.
8.72000, 219.
8.73000, 194.
8.74000, 183.
8.75000, 169.
8.76000, 159.
8.77000, 158.
8.78000, 148.
8.79000, 146.
8.80000, 122.
8.81000, 136.
8.82000, 134.
8.83000, 136.
8.84000, 152.
8.85000, 143.
8.86000, 130.
8.87000, 118.
8.88000, 129.
8.89000, 114.
8.90000, 157.
8.91000, 140.
8.92000, 133.
8.93000, 147.
8.94000, 137.
8.95000, 136.
8.96000, 118.
8.97000, 145.
8.98000, 140.
8.99000, 127.
9.00000, 134.
9.01000, 139.
9.02000, 110.
9.03000, 132.
9.04000, 143.
9.05000, 127.
9.06000, 116.
9.07000, 123.
9.08000, 145.
9.09000, 141.
9.10000, 161.
9.11000, 158.
9.12000, 182.
9.13000, 172.
9.14000, 179.
9.15000, 199.
9.16000, 177.
9.17000, 203.
9.18000, 215.
9.19000, 177.
9.20000, 200.
9.21000, 180.
9.22000, 181.
9.23000, 178.
9.24000, 207.
9.25000, 173.
9.26000, 168.
9.27000, 154.
9.28000, 206.
9.29000, 147.
9.30000, 151.
9.31000, 139.
9.32000, 156.
9.33000, 136.
9.34000, 149.
9.35000, 164.
9.36000, 149.
9.37000, 156.
9.38000, 159.
9.39000, 120.
9.40000, 148.
9.41000, 154.
9.42000, 150.
9.43000, 164.
9.44000, 167.
9.45000, 142.
9.46000, 134.
9.47000, 152.
9.48000, 164.
9.49000, 146.
9.50000, 143.
9.51000, 169.
9.52000, 154.
9.53000, 190.
9.54000, 181.
9.55000, 169.
9.56000, 181.
9.57000, 205.
9.58000, 171.
9.59000, 177.
9.60000, 172.
9.61000, 169.
9.62000, 167.
9.63000, 177.
9.64000, 161.
9.65000, 168.
9.66000, 167.
9.67000, 159.
9.68000, 159.
9.69000, 146.
9.70000, 163.
9.71000, 162.
9.72000, 114.
9.73000, 120.
9.74000, 151.
9.75000, 145.
9.76000, 143.
9.77000, 132.
9.78000, 127.
9.79000, 117.
9.80000, 136.
9.81000, 132.
9.82000, 128.
9.83000, 140.
9.84000, 133.
9.85000, 133.
9.86000, 152.
9.87000, 136.
9.88000, 146.
9.89000, 166.
9.90000, 121.
9.91000, 133.
9.92000, 167.
9.93000, 145.
9.94000, 140.
9.95000, 131.
9.96000, 148.
9.97000, 147.
9.98000, 144.
9.99000, 142.
10.00000, 156.
10.01000, 142.
10.02000, 139.
10.03000, 163.
10.04000, 145.
10.05000, 147.
10.06000, 152.
10.07000, 127.
10.08000, 138.
10.09000, 137.
10.10000, 146.
10.11000, 148.
10.12000, 150.
10.13000, 142.
10.14000, 123.
10.15000, 151.
10.16000, 159.
10.17000, 139.
10.18000, 130.
10.19000, 138.
10.20000, 157.
10.21000, 146.
10.22000, 157.
10.23000, 167.
10.24000, 170.
10.25000, 150.
10.26000, 169.
10.27000, 141.
10.28000, 171.
10.29000, 173.
10.30000, 195.
10.31000, 190.
10.32000, 197.
10.33000, 226.
10.34000, 226.
10.35000, 259.
10.36000, 264.
10.37000, 326.
10.38000, 346.
10.39000, 391.
10.40000, 410.
10.41000, 473.
10.42000, 538.
10.43000, 611.
10.44000, 666.
10.45000, 770.
10.46000, 869.
10.47000, 979.
10.48000, 1026.
10.49000, 1075.
10.50000, 1242.
10.51000, 1234.
10.52000, 1289.
10.53000, 1286.
10.54000, 1346.
10.55000, 1362.
10.56000, 1300.
10.57000, 1227.
10.58000, 1162.
10.59000, 1066.
10.60000, 1042.
10.61000, 881.
10.62000, 878.
10.63000, 808.
10.64000, 705.
10.65000, 556.
10.66000, 509.
10.67000, 434.
10.68000, 358.
10.69000, 346.
10.70000, 316.
10.71000, 245.
10.72000, 233.
10.73000, 200.
10.74000, 220.
10.75000, 166.
10.76000, 154.
10.77000, 160.
10.78000, 142.
10.79000, 157.
10.80000, 161.
10.81000, 159.
10.82000, 156.
10.83000, 137.
10.84000, 157.
10.85000, 145.
10.86000, 150.
10.87000, 154.
10.88000, 153.
10.89000, 166.
10.90000, 162.
10.91000, 178.
10.92000, 151.
10.93000, 162.
10.94000, 167.
10.95000, 180.
10.96000, 158.
10.97000, 158.
10.98000, 178.
10.99000, 156.
11.00000, 155.
11.01000, 143.
11.02000, 162.
11.03000, 157.
11.04000, 161.
11.05000, 155.
11.06000, 163.
11.07000, 127.
11.08000, 158.
11.09000, 162.
11.10000, 134.
11.11000, 152.
11.12000, 176.
11.13000, 171.
11.14000, 165.
11.15000, 173.
11.16000, 151.
11.17000, 165.
11.18000, 168.
11.19000, 169.
11.20000, 175.
11.21000, 162.
11.22000, 182.
11.23000, 199.
11.24000, 181.
11.25000, 153.
11.26000, 195.
11.27000, 195.
11.28000, 163.
11.29000, 162.
11.30000, 191.
11.31000, 173.
11.32000, 208.
11.33000, 180.
11.34000, 187.
11.35000, 192.
11.36000, 187.
11.37000, 161.
11.38000, 189.
11.39000, 171.
11.40000, 198.
11.41000, 159.
11.42000, 187.
11.43000, 163.
11.44000, 171.
11.45000, 160.
11.46000, 163.
11.47000, 154.
11.48000, 181.
11.49000, 187.
11.50000, 159.
11.51000, 157.
11.52000, 146.
11.53000, 164.
11.54000, 138.
11.55000, 148.
11.56000, 144.
11.57000, 155.
11.58000, 151.
11.59000, 167.
11.60000, 177.
11.61000, 163.
11.62000, 143.
11.63000, 168.
11.64000, 163.
11.65000, 175.
11.66000, 201.
11.67000, 175.
11.68000, 167.
11.69000, 173.
11.70000, 167.
11.71000, 167.
11.72000, 150.
11.73000, 185.
11.74000, 152.
11.75000, 153.
11.76000, 174.
11.77000, 164.
11.78000, 156.
11.79000, 161.
11.80000, 161.
11.81000, 163.
11.82000, 154.
11.83000, 177.
11.84000, 168.
11.85000, 188.
11.86000, 173.
11.87000, 161.
11.88000, 161.
11.89000, 162.
11.90000, 180.
11.91000, 169.
11.92000, 167.
11.93000, 153.
11.94000, 160.
11.95000, 184.
11.96000, 154.
11.97000, 195.
11.98000, 183.
11.99000, 180.
12.00000, 195.
12.01000, 167.
12.02000, 189.
12.03000, 166.
12.04000, 189.
12.05000, 147.
12.06000, 223.
12.07000, 200.
12.08000, 168.
12.09000, 219.
12.10000, 166.
12.11000, 206.
12.12000, 185.
12.13000, 235.
12.14000, 190.
12.15000, 183.
12.16000, 229.
12.17000, 209.
12.18000, 220.
12.19000, 225.
12.20000, 212.
12.21000, 215.
12.22000, 236.
12.23000, 224.
12.24000, 230.
12.25000, 240.
12.26000, 251.
12.27000, 242.
12.28000, 224.
12.29000, 230.
12.30000, 275.
12.31000, 223.
12.32000, 240.
12.33000, 221.
12.34000, 246.
12.35000, 239.
12.36000, 250.
12.37000, 247.
12.38000, 244.
12.39000, 238.
12.40000, 249.
12.41000, 222.
12.42000, 282.
12.43000, 299.
12.44000, 359.
12.45000, 401.
12.46000, 398.
12.47000, 427.
12.48000, 488.
12.49000, 555.
12.50000, 635.
12.51000, 743.
12.52000, 785.
12.53000, 865.
12.54000, 1003.
12.55000, 1035.
12.56000, 1120.
12.57000, 1161.
12.58000, 1153.
12.59000, 1249.
12.60000, 1209.
12.61000, 1295.
12.62000, 1204.
12.63000, 1149.
12.64000, 1211.
12.65000, 1135.
12.66000, 1111.
12.67000, 957.
12.68000, 953.
12.69000, 851.
12.70000, 734.
12.71000, 668.
12.72000, 666.
12.73000, 549.
12.74000, 515.
12.75000, 472.
12.76000, 448.
12.77000, 390.
12.78000, 368.
12.79000, 353.
12.80000, 347.
12.81000, 323.
12.82000, 302.
12.83000, 285.
12.84000, 266.
12.85000, 253.
12.86000, 235.
12.87000, 231.
12.88000, 244.
12.89000, 249.
12.90000, 222.
12.91000, 217.
12.92000, 262.
12.93000, 225.
12.94000, 218.
12.95000, 210.
12.96000, 208.
12.97000, 235.
12.98000, 233.
12.99000, 202.
13.00000, 233.
13.01000, 221.
13.02000, 210.
13.03000, 216.
13.04000, 215.
13.05000, 211.
13.06000, 206.
13.07000, 182.
13.08000, 191.
13.09000, 194.
13.10000, 208.
13.11000, 212.
13.12000, 186.
13.13000, 186.
13.14000, 172.
13.15000, 158.
13.16000, 186.
13.17000, 183.
13.18000, 178.
13.19000, 176.
13.20000, 203.
13.21000, 200.
13.22000, 198.
13.23000, 194.
13.24000, 194.
13.25000, 212.
13.26000, 237.
13.27000, 215.
13.28000, 245.
13.29000, 258.
13.30000, 219.
13.31000, 253.
13.32000, 230.
13.33000, 272.
13.34000, 269.
13.35000, 273.
13.36000, 263.
13.37000, 254.
13.38000, 238.
13.39000, 210.
13.40000, 255.
13.41000, 241.
13.42000, 254.
13.43000, 220.
13.44000, 222.
13.45000, 219.
13.46000, 230.
13.47000, 219.
13.48000, 236.
13.49000, 215.
13.50000, 216.
13.51000, 192.
13.52000, 187.
13.53000, 188.
13.54000, 206.
13.55000, 169.
13.56000, 164.
13.57000, 182.
13.58000, 193.
13.59000, 192.
13.60000, 168.
13.61000, 189.
13.62000, 174.
13.63000, 181.
13.64000, 136.
13.65000, 212.
13.66000, 153.
13.67000, 148.
13.68000, 193.
13.69000, 167.
13.70000, 180.
13.71000, 165.
13.72000, 174.
13.73000, 179.
13.74000, 162.
13.75000, 161.
13.76000, 177.
13.77000, 170.
13.78000, 154.
13.79000, 181.
13.80000, 147.
13.81000, 140.
13.82000, 184.
13.83000, 169.
13.84000, 164.
13.85000, 171.
13.86000, 175.
13.87000, 157.
13.88000, 177.
13.89000, 161.
13.90000, 168.
13.91000, 164.
13.92000, 166.
13.93000, 175.
13.94000, 172.
13.95000, 215.
13.96000, 229.
13.97000, 200.
13.98000, 215.
13.99000, 185.
14.00000, 185.
14.01000, 243.
14.02000, 234.
14.03000, 212.
14.04000, 264.
14.05000, 248.
14.06000, 274.
14.07000, 302.
14.08000, 308.
14.09000, 311.
14.10000, 286.
14.11000, 279.
14.12000, 297.
14.13000, 334.
14.14000, 304.
14.15000, 282.
14.16000, 315.
14.17000, 257.
14.18000, 274.
14.19000, 293.
14.20000, 289.
14.21000, 258.
14.22000, 266.
14.23000, 249.
14.24000, 229.
14.25000, 213.
14.26000, 243.
14.27000, 199.
14.28000, 190.
14.29000, 188.
14.30000, 186.
14.31000, 167.
14.32000, 177.
14.33000, 180.
14.34000, 170.
14.35000, 161.
14.36000, 168.
14.37000, 174.
14.38000, 180.
14.39000, 154.
14.40000, 171.
14.41000, 154.
14.42000, 168.
14.43000, 163.
14.44000, 168.
14.45000, 174.
14.46000, 177.
14.47000, 150.
14.48000, 172.
14.49000, 155.
14.50000, 173.
14.51000, 172.
14.52000, 152.
14.53000, 182.
14.54000, 182.
14.55000, 165.
14.56000, 184.
14.57000, 175.
14.58000, 194.
14.59000, 173.
14.60000, 207.
14.61000, 186.
14.62000, 234.
14.63000, 260.
14.64000, 250.
14.65000, 276.
14.66000, 268.
14.67000, 274.
14.68000, 307.
14.69000, 273.
14.70000, 316.
14.71000, 310.
14.72000, 330.
14.73000, 320.
14.74000, 340.
14.75000, 335.
14.76000, 356.
14.77000, 328.
14.78000, 313.
14.79000, 327.
14.80000, 333.
14.81000, 307.
14.82000, 310.
14.83000, 303.
14.84000, 266.
14.85000, 278.
14.86000, 264.
14.87000, 250.
14.88000, 217.
14.89000, 227.
14.90000, 246.
14.91000, 245.
14.92000, 244.
14.93000, 195.
14.94000, 216.
14.95000, 233.
14.96000, 203.
14.97000, 198.
14.98000, 219.
14.99000, 212.
15.00000, 213.
15.01000, 204.
15.02000, 201.
15.03000, 216.
15.04000, 224.
15.05000, 206.
15.06000, 212.
15.07000, 223.
15.08000, 205.
15.09000, 209.
15.10000, 233.
15.11000, 219.
15.12000, 230.
15.13000, 190.
15.14000, 209.
15.15000, 227.
15.16000, 217.
15.17000, 198.
15.18000, 201.
15.19000, 203.
15.20000, 197.
15.21000, 198.
15.22000, 202.
15.23000, 188.
15.24000, 227.
15.25000, 185.
15.26000, 191.
15.27000, 186.
15.28000, 179.
15.29000, 168.
15.30000, 170.
15.31000, 167.
15.32000, 165.
15.33000, 142.
15.34000, 157.
15.35000, 187.
15.36000, 173.
15.37000, 139.
15.38000, 147.
15.39000, 171.
15.40000, 174.
15.41000, 174.
15.42000, 169.
15.43000, 148.
15.44000, 148.
15.45000, 167.
15.46000, 161.
15.47000, 176.
15.48000, 156.
15.49000, 180.
15.50000, 178.
15.51000, 191.
15.52000, 185.
15.53000, 198.
15.54000, 178.
15.55000, 191.
15.56000, 234.
15.57000, 222.
15.58000, 248.
15.59000, 231.
15.60000, 296.
15.61000, 255.
15.62000, 274.
15.63000, 320.
15.64000, 324.
15.65000, 322.
15.66000, 329.
15.67000, 377.
15.68000, 400.
15.69000, 398.
15.70000, 414.
15.71000, 384.
15.72000, 388.
15.73000, 453.
15.74000, 416.
15.75000, 400.
15.76000, 415.
15.77000, 387.
15.78000, 391.
15.79000, 363.
15.80000, 369.
15.81000, 339.
15.82000, 327.
15.83000, 300.
15.84000, 308.
15.85000, 287.
15.86000, 259.
15.87000, 273.
15.88000, 239.
15.89000, 232.
15.90000, 214.
15.91000, 204.
15.92000, 199.
15.93000, 189.
15.94000, 170.
15.95000, 194.
15.96000, 173.
15.97000, 166.
15.98000, 158.
15.99000, 166.
16.00000, 176.
16.01000, 155.
16.02000, 168.
16.03000, 138.
16.04000, 157.
16.05000, 170.
16.06000, 150.
16.07000, 160.
16.08000, 138.
16.09000, 151.
16.10000, 166.
16.11000, 145.
16.12000, 172.
16.13000, 169.
16.14000, 166.
16.15000, 157.
16.16000, 146.
16.17000, 157.
16.18000, 157.
16.19000, 160.
16.20000, 144.
16.21000, 156.
16.22000, 153.
16.23000, 144.
16.24000, 148.
16.25000, 173.
16.26000, 157.
16.27000, 158.
16.28000, 165.
16.29000, 152.
16.30000, 148.
16.31000, 169.
16.32000, 176.
16.33000, 136.
16.34000, 161.
16.35000, 165.
16.36000, 156.
16.37000, 171.
16.38000, 145.
16.39000, 162.
16.40000, 154.
16.41000, 168.
16.42000, 157.
16.43000, 140.
16.44000, 166.
16.45000, 167.
16.46000, 171.
16.47000, 189.
16.48000, 178.
16.49000, 162.
16.50000, 135.
16.51000, 163.
16.52000, 177.
16.53000, 144.
16.54000, 178.
16.55000, 165.
16.56000, 152.
16.57000, 141.
16.58000, 168.
16.59000, 177.
16.60000, 168.
16.61000, 159.
16.62000, 199.
16.63000, 155.
16.64000, 179.
16.65000, 188.
16.66000, 168.
16.67000, 177.
16.68000, 157.
16.69000, 165.
16.70000, 155.
16.71000, 175.
16.72000, 174.
16.73000, 172.
16.74000, 168.
16.75000, 136.
16.76000, 151.
16.77000, 136.
16.78000, 154.
16.79000, 156.
16.80000, 149.
16.81000, 179.
16.82000, 155.
16.83000, 163.
16.84000, 179.
16.85000, 156.
16.86000, 153.
16.87000, 143.
16.88000, 159.
16.89000, 147.
16.90000, 171.
16.91000, 188.
16.92000, 178.
16.93000, 167.
16.94000, 157.
16.95000, 190.
16.96000, 166.
16.97000, 144.
16.98000, 192.
16.99000, 139.
17.00000, 172.
17.01000, 158.
17.02000, 173.
17.03000, 152.
17.04000, 179.
17.05000, 166.
17.06000, 161.
17.07000, 146.
17.08000, 179.
17.09000, 150.
17.10000, 167.
17.11000, 170.
17.12000, 146.
17.13000, 171.
17.14000, 165.
17.15000, 170.
17.16000, 142.
17.17000, 175.
17.18000, 165.
17.19000, 173.
17.20000, 188.
17.21000, 188.
17.22000, 151.
17.23000, 165.
17.24000, 157.
17.25000, 162.
17.26000, 178.
17.27000, 155.
17.28000, 164.
17.29000, 173.
17.30000, 172.
17.31000, 177.
17.32000, 165.
17.33000, 159.
17.34000, 175.
17.35000, 159.
17.36000, 180.
17.37000, 165.
17.38000, 180.
17.39000, 194.
17.40000, 195.
17.41000, 169.
17.42000, 174.
17.43000, 170.
17.44000, 171.
17.45000, 214.
17.46000, 182.
17.47000, 185.
17.48000, 177.
17.49000, 190.
17.50000, 194.
17.51000, 213.
17.52000, 205.
17.53000, 197.
17.54000, 219.
17.55000, 226.
17.56000, 207.
17.57000, 212.
17.58000, 187.
17.59000, 209.
17.60000, 241.
17.61000, 225.
17.62000, 223.
17.63000, 228.
17.64000, 257.
17.65000, 224.
17.66000, 227.
17.67000, 210.
17.68000, 231.
17.69000, 218.
17.70000, 228.
17.71000, 236.
17.72000, 223.
17.73000, 257.
17.74000, 221.
17.75000, 226.
17.76000, 212.
17.77000, 191.
17.78000, 204.
17.79000, 218.
17.80000, 228.
17.81000, 210.
17.82000, 238.
17.83000, 239.
17.84000, 235.
17.85000, 220.
17.86000, 228.
17.87000, 217.
17.88000, 214.
17.89000, 219.
17.90000, 229.
17.91000, 211.
17.92000, 245.
17.93000, 215.
17.94000, 226.
17.95000, 230.
17.96000, 234.
17.97000, 252.
17.98000, 224.
17.99000, 276.
18.00000, 248.
18.01000, 213.
18.02000, 239.
18.03000, 256.
18.04000, 267.
18.05000, 248.
18.06000, 262.
18.07000, 238.
18.08000, 275.
18.09000, 243.
18.10000, 268.
18.11000, 287.
18.12000, 241.
18.13000, 302.
18.14000, 263.
18.15000, 261.
18.16000, 298.
18.17000, 295.
18.18000, 298.
18.19000, 286.
18.20000, 267.
18.21000, 312.
18.22000, 289.
18.23000, 317.
18.24000, 321.
18.25000, 309.
18.26000, 337.
18.27000, 320.
18.28000, 311.
18.29000, 343.
18.30000, 332.
18.31000, 366.
18.32000, 368.
18.33000, 406.
18.34000, 404.
18.35000, 391.
18.36000, 429.
18.37000, 443.
18.38000, 411.
18.39000, 464.
18.40000, 467.
18.41000, 458.
18.42000, 493.
18.43000, 481.
18.44000, 523.
18.45000, 487.
18.46000, 495.
18.47000, 548.
18.48000, 576.
18.49000, 598.
18.50000, 604.
18.51000, 642.
18.52000, 656.
18.53000, 641.
18.54000, 676.
18.55000, 694.
18.56000, 677.
18.57000, 692.
18.58000, 749.
18.59000, 775.
18.60000, 781.
18.61000, 832.
18.62000, 834.
18.63000, 897.
18.64000, 867.
18.65000, 873.
18.66000, 918.
18.67000, 885.
18.68000, 926.
18.69000, 926.
18.70000, 932.
18.71000, 960.
18.72000, 924.
18.73000, 930.
18.74000, 952.
18.75000, 993.
18.76000, 992.
18.77000, 1017.
18.78000, 946.
18.79000, 1026.
18.80000, 953.
18.81000, 1036.
18.82000, 966.
18.83000, 939.
18.84000, 996.
18.85000, 986.
18.86000, 937.
18.87000, 995.
18.88000, 867.
18.89000, 900.
18.90000, 930.
18.91000, 953.
18.92000, 918.
18.93000, 860.
18.94000, 882.
18.95000, 817.
18.96000, 809.
18.97000, 779.
18.98000, 795.
18.99000, 808.
19.00000, 789.
19.01000, 794.
19.02000, 701.
19.03000, 768.
19.04000, 681.
19.05000, 675.
19.06000, 700.
19.07000, 651.
19.08000, 656.
19.09000, 599.
19.10000, 620.
19.11000, 604.
19.12000, 574.
19.13000, 531.
19.14000, 564.
19.15000, 515.
19.16000, 513.
19.17000, 480.
19.18000, 518.
19.19000, 438.
19.20000, 438.
19.21000, 466.
19.22000, 419.
19.23000, 431.
19.24000, 394.
19.25000, 385.
19.26000, 424.
19.27000, 356.
19.28000, 360.
19.29000, 352.
19.30000, 348.
19.31000, 320.
19.32000, 348.
19.33000, 322.
19.34000, 338.
19.35000, 297.
19.36000, 271.
19.37000, 302.
19.38000, 307.
19.39000, 308.
19.40000, 256.
19.41000, 314.
19.42000, 270.
19.43000, 271.
19.44000, 276.
19.45000, 251.
19.46000, 271.
19.47000, 265.
19.48000, 232.
19.49000, 240.
19.50000, 256.
19.51000, 220.
19.52000, 243.
19.53000, 221.
19.54000, 234.
19.55000, 241.
19.56000, 223.
19.57000, 224.
19.58000, 224.
19.59000, 236.
19.60000, 222.
19.61000, 210.
19.62000, 198.
19.63000, 203.
19.64000, 217.
19.65000, 203.
19.66000, 194.
19.67000, 187.
19.68000, 181.
19.69000, 208.
19.70000, 217.
19.71000, 189.
19.72000, 186.
19.73000, 195.
19.74000, 167.
19.75000, 178.
19.76000, 199.
19.77000, 190.
19.78000, 195.
19.79000, 165.
19.80000, 165.
19.81000, 189.
19.82000, 203.
19.83000, 185.
19.84000, 189.
19.85000, 214.
19.86000, 222.
19.87000, 201.
19.88000, 236.
19.89000, 232.
19.90000, 232.
19.91000, 241.
19.92000, 254.
19.93000, 253.
19.94000, 295.
19.95000, 326.
19.96000, 339.
19.97000, 307.
19.98000, 360.
19.99000, 373.
20.00000, 374.
20.01000, 393.
20.02000, 457.
20.03000, 427.
20.04000, 456.
20.05000, 482.
20.06000, 497.
20.07000, 552.
20.08000, 528.
20.09000, 517.
20.10000, 567.
20.11000, 611.
20.12000, 601.
20.13000, 614.
20.14000, 580.
20.15000, 593.
20.16000, 559.
20.17000, 588.
20.18000, 537.
20.19000, 549.
20.20000, 548.
20.21000, 552.
20.22000, 528.
20.23000, 512.
20.24000, 462.
20.25000, 462.
20.26000, 414.
20.27000, 424.
20.28000, 416.
20.29000, 358.
20.30000, 336.
20.31000, 321.
20.32000, 296.
20.33000, 281.
20.34000, 250.
20.35000, 254.
20.36000, 214.
20.37000, 227.
20.38000, 198.
20.39000, 202.
20.40000, 202.
20.41000, 174.
20.42000, 189.
20.43000, 170.
20.44000, 162.
20.45000, 161.
20.46000, 199.
20.47000, 160.
20.48000, 162.
20.49000, 153.
20.50000, 197.
20.51000, 168.
20.52000, 178.
20.53000, 180.
20.54000, 176.
20.55000, 177.
20.56000, 150.
20.57000, 179.
20.58000, 180.
20.59000, 190.
20.60000, 188.
20.61000, 149.
20.62000, 189.
20.63000, 157.
20.64000, 211.
20.65000, 208.
20.66000, 198.
20.67000, 217.
20.68000, 190.
20.69000, 231.
20.70000, 210.
20.71000, 213.
20.72000, 213.
20.73000, 202.
20.74000, 224.
20.75000, 208.
20.76000, 224.
20.77000, 217.
20.78000, 248.
20.79000, 225.
20.80000, 246.
20.81000, 234.
20.82000, 267.
20.83000, 238.
20.84000, 254.
20.85000, 256.
20.86000, 264.
20.87000, 267.
20.88000, 238.
20.89000, 243.
20.90000, 262.
20.91000, 258.
20.92000, 247.
20.93000, 273.
20.94000, 265.
20.95000, 235.
20.96000, 263.
20.97000, 255.
20.98000, 238.
20.99000, 292.
21.00000, 269.
21.01000, 266.
21.02000, 269.
21.03000, 265.
21.04000, 261.
21.05000, 256.
21.06000, 275.
21.07000, 247.
21.08000, 276.
21.09000, 245.
21.10000, 250.
21.11000, 211.
21.12000, 254.
21.13000, 260.
21.14000, 231.
21.15000, 246.
21.16000, 218.
21.17000, 234.
21.18000, 253.
21.19000, 254.
21.20000, 244.
21.21000, 230.
21.22000, 224.
21.23000, 232.
21.24000, 237.
21.25000, 230.
21.26000, 204.
21.27000, 213.
21.28000, 217.
21.29000, 218.
21.30000, 204.
21.31000, 200.
21.32000, 198.
21.33000, 194.
21.34000, 191.
21.35000, 196.
21.36000, 203.
21.37000, 155.
21.38000, 189.
21.39000, 176.
21.40000, 187.
21.41000, 174.
21.42000, 179.
21.43000, 191.
21.44000, 190.
21.45000, 168.
21.46000, 166.
21.47000, 152.
21.48000, 179.
21.49000, 167.
21.50000, 172.
21.51000, 153.
21.52000, 153.
21.53000, 139.
21.54000, 133.
21.55000, 149.
21.56000, 149.
21.57000, 168.
21.58000, 150.
21.59000, 154.
21.60000, 142.
21.61000, 160.
21.62000, 113.
21.63000, 124.
21.64000, 126.
21.65000, 123.
21.66000, 133.
21.67000, 114.
21.68000, 109.
21.69000, 132.
21.70000, 121.
21.71000, 144.
21.72000, 114.
21.73000, 123.
21.74000, 116.
21.75000, 122.
21.76000, 124.
21.77000, 136.
21.78000, 131.
21.79000, 126.
21.80000, 114.
21.81000, 120.
21.82000, 112.
21.83000, 118.
21.84000, 110.
21.85000, 101.
21.86000, 106.
21.87000, 99.
21.88000, 104.
21.89000, 104.
21.90000, 127.
21.91000, 118.
21.92000, 99.
21.93000, 92.
21.94000, 105.
21.95000, 109.
21.96000, 103.
21.97000, 113.
21.98000, 85.
21.99000, 114.
22.00000, 93.
22.01000, 97.
22.02000, 103.
22.03000, 115.
22.04000, 101.
22.05000, 97.
22.06000, 91.
22.07000, 111.
22.08000, 95.
22.09000, 94.
22.10000, 89.
22.11000, 105.
22.12000, 84.
22.13000, 90.
22.14000, 88.
22.15000, 91.
22.16000, 97.
22.17000, 76.
22.18000, 84.
22.19000, 107.
22.20000, 95.
22.21000, 106.
22.22000, 80.
22.23000, 91.
22.24000, 87.
22.25000, 98.
22.26000, 78.
22.27000, 100.
22.28000, 102.
22.29000, 85.
22.30000, 74.
22.31000, 80.
22.32000, 96.
22.33000, 76.
22.34000, 97.
22.35000, 78.
22.36000, 89.
22.37000, 87.
22.38000, 95.
22.39000, 96.
22.40000, 68.
22.41000, 98.
22.42000, 98.
22.43000, 98.
22.44000, 103.
22.45000, 108.
22.46000, 81.
22.47000, 86.
22.48000, 108.
22.49000, 100.
22.50000, 88.
22.51000, 112.
22.52000, 129.
22.53000, 114.
22.54000, 110.
22.55000, 115.
22.56000, 121.
22.57000, 93.
22.58000, 121.
22.59000, 146.
22.60000, 111.
22.61000, 135.
22.62000, 163.
22.63000, 142.
22.64000, 144.
22.65000, 171.
22.66000, 154.
22.67000, 145.
22.68000, 149.
22.69000, 159.
22.70000, 141.
22.71000, 149.
22.72000, 128.
22.73000, 153.
22.74000, 131.
22.75000, 115.
22.76000, 118.
22.77000, 133.
22.78000, 115.
22.79000, 125.
22.80000, 125.
22.81000, 113.
22.82000, 123.
22.83000, 86.
22.84000, 93.
22.85000, 108.
22.86000, 103.
22.87000, 91.
22.88000, 86.
22.89000, 91.
22.90000, 92.
22.91000, 98.
22.92000, 84.
22.93000, 79.
22.94000, 90.
22.95000, 66.
22.96000, 104.
22.97000, 88.
22.98000, 66.
22.99000, 83.
23.00000, 87.
23.01000, 96.
23.02000, 79.
23.03000, 89.
23.04000, 84.
23.05000, 85.
23.06000, 96.
23.07000, 92.
23.08000, 84.
23.09000, 88.
23.10000, 71.
23.11000, 91.
23.12000, 83.
23.13000, 78.
23.14000, 78.
23.15000, 77.
23.16000, 88.
23.17000, 86.
23.18000, 82.
23.19000, 90.
23.20000, 86.
23.21000, 89.
23.22000, 82.
23.23000, 70.
23.24000, 89.
23.25000, 93.
23.26000, 85.
23.27000, 74.
23.28000, 88.
23.29000, 85.
23.30000, 70.
23.31000, 90.
23.32000, 78.
23.33000, 71.
23.34000, 71.
23.35000, 79.
23.36000, 82.
23.37000, 67.
23.38000, 79.
23.39000, 77.
23.40000, 73.
23.41000, 65.
23.42000, 83.
23.43000, 67.
23.44000, 77.
23.45000, 69.
23.46000, 71.
23.47000, 62.
23.48000, 77.
23.49000, 67.
23.50000, 75.
23.51000, 67.
23.52000, 82.
23.53000, 71.
23.54000, 64.
23.55000, 83.
23.56000, 77.
23.57000, 60.
23.58000, 94.
23.59000, 71.
23.60000, 67.
23.61000, 70.
23.62000, 69.
23.63000, 70.
23.64000, 60.
23.65000, 71.
23.66000, 74.
23.67000, 74.
23.68000, 79.
23.69000, 79.
23.70000, 69.
23.71000, 72.
23.72000, 58.
23.73000, 70.
23.74000, 62.
23.75000, 66.
23.76000, 67.
23.77000, 67.
23.78000, 64.
23.79000, 57.
23.80000, 73.
23.81000, 57.
23.82000, 78.
23.83000, 64.
23.84000, 69.
23.85000, 62.
23.86000, 77.
23.87000, 68.
23.88000, 65.
23.89000, 70.
23.90000, 86.
23.91000, 55.
23.92000, 74.
23.93000, 77.
23.94000, 80.
23.95000, 72.
23.96000, 76.
23.97000, 49.
23.98000, 83.
23.99000, 65.
24.00000, 71.
24.01000, 72.
24.02000, 60.
24.03000, 77.
24.04000, 69.
24.05000, 62.
24.06000, 54.
24.07000, 73.
24.08000, 67.
24.09000, 54.
24.10000, 61.
24.11000, 56.
24.12000, 64.
24.13000, 77.
24.14000, 58.
24.15000, 69.
24.16000, 59.
24.17000, 58.
24.18000, 73.
24.19000, 76.
24.20000, 75.
24.21000, 75.
24.22000, 57.
24.23000, 67.
24.24000, 75.
24.25000, 70.
24.26000, 71.
24.27000, 70.
24.28000, 66.
24.29000, 78.
24.30000, 63.
24.31000, 60.
24.32000, 76.
24.33000, 74.
24.34000, 59.
24.35000, 84.
24.36000, 82.
24.37000, 68.
24.38000, 69.
24.39000, 60.
24.40000, 66.
24.41000, 69.
24.42000, 56.
24.43000, 66.
24.44000, 62.
24.45000, 81.
24.46000, 68.
24.47000, 63.
24.48000, 87.
24.49000, 55.
24.50000, 78.
24.51000, 81.
24.52000, 72.
24.53000, 53.
24.54000, 68.
24.55000, 55.
24.56000, 57.
24.57000, 56.
24.58000, 64.
24.59000, 56.
24.60000, 69.
24.61000, 64.
24.62000, 65.
24.63000, 65.
24.64000, 74.
24.65000, 76.
24.66000, 77.
24.67000, 48.
24.68000, 54.
24.69000, 57.
24.70000, 66.
24.71000, 67.
24.72000, 59.
24.73000, 72.
24.74000, 76.
24.75000, 62.
24.76000, 77.
24.77000, 57.
24.78000, 56.
24.79000, 67.
24.80000, 76.
24.81000, 68.
24.82000, 61.
24.83000, 80.
24.84000, 61.
24.85000, 70.
24.86000, 57.
24.87000, 83.
24.88000, 59.
24.89000, 63.
24.90000, 75.
24.91000, 70.
24.92000, 66.
24.93000, 79.
24.94000, 70.
24.95000, 70.
24.96000, 52.
24.97000, 58.
24.98000, 65.
24.99000, 69.
25.00000, 81.
25.01000, 60.
25.02000, 78.
25.03000, 85.
25.04000, 82.
25.05000, 70.
25.06000, 65.
25.07000, 84.
25.08000, 69.
25.09000, 75.
25.10000, 66.
25.11000, 68.
25.12000, 64.
25.13000, 70.
25.14000, 76.
25.15000, 65.
25.16000, 67.
25.17000, 91.
25.18000, 70.
25.19000, 78.
25.20000, 70.
25.21000, 72.
25.22000, 77.
25.23000, 80.
25.24000, 85.
25.25000, 62.
25.26000, 89.
25.27000, 77.
25.28000, 88.
25.29000, 63.
25.30000, 68.
25.31000, 71.
25.32000, 79.
25.33000, 54.
25.34000, 80.
25.35000, 53.
25.36000, 71.
25.37000, 64.
25.38000, 78.
25.39000, 72.
25.40000, 60.
25.41000, 76.
25.42000, 58.
25.43000, 74.
25.44000, 71.
25.45000, 71.
25.46000, 58.
25.47000, 68.
25.48000, 72.
25.49000, 49.
25.50000, 55.
25.51000, 61.
25.52000, 59.
25.53000, 57.
25.54000, 60.
25.55000, 58.
25.56000, 48.
25.57000, 74.
25.58000, 65.
25.59000, 71.
25.60000, 61.
25.61000, 64.
25.62000, 58.
25.63000, 50.
25.64000, 62.
25.65000, 57.
25.66000, 55.
25.67000, 68.
25.68000, 51.
25.69000, 72.
25.70000, 67.
25.71000, 53.
25.72000, 59.
25.73000, 63.
25.74000, 64.
25.75000, 52.
25.76000, 64.
25.77000, 69.
25.78000, 68.
25.79000, 52.
25.80000, 72.
25.81000, 53.
25.82000, 67.
25.83000, 62.
25.84000, 67.
25.85000, 56.
25.86000, 70.
25.87000, 62.
25.88000, 54.
25.89000, 63.
25.90000, 52.
25.91000, 55.
25.92000, 51.
25.93000, 61.
25.94000, 55.
25.95000, 63.
25.96000, 50.
25.97000, 50.
25.98000, 60.
25.99000, 64.
26.00000, 74.
26.01000, 69.
26.02000, 54.
26.03000, 60.
26.04000, 62.
26.05000, 67.
26.06000, 71.
26.07000, 63.
26.08000, 63.
26.09000, 68.
26.10000, 61.
26.11000, 60.
26.12000, 49.
26.13000, 54.
26.14000, 63.
26.15000, 85.
26.16000, 53.
26.17000, 60.
26.18000, 62.
26.19000, 54.
26.20000, 61.
26.21000, 58.
26.22000, 60.
26.23000, 69.
26.24000, 51.
26.25000, 44.
26.26000, 52.
26.27000, 57.
26.28000, 49.
26.29000, 54.
26.30000, 80.
26.31000, 52.
26.32000, 64.
26.33000, 53.
26.34000, 81.
26.35000, 59.
26.36000, 52.
26.37000, 59.
26.38000, 57.
26.39000, 48.
26.40000, 53.
26.41000, 54.
26.42000, 59.
26.43000, 60.
26.44000, 47.
26.45000, 53.
26.46000, 47.
26.47000, 51.
26.48000, 49.
26.49000, 69.
26.50000, 62.
26.51000, 55.
26.52000, 58.
26.53000, 50.
26.54000, 51.
26.55000, 53.
26.56000, 63.
26.57000, 63.
26.58000, 55.
26.59000, 47.
26.60000, 60.
26.61000, 38.
26.62000, 55.
26.63000, 51.
26.64000, 64.
26.65000, 62.
26.66000, 57.
26.67000, 57.
26.68000, 63.
26.69000, 62.
26.70000, 48.
26.71000, 51.
26.72000, 67.
26.73000, 42.
26.74000, 70.
26.75000, 44.
26.76000, 57.
26.77000, 46.
26.78000, 48.
26.79000, 53.
26.80000, 41.
26.81000, 59.
26.82000, 58.
26.83000, 48.
26.84000, 53.
26.85000, 58.
26.86000, 50.
26.87000, 64.
26.88000, 56.
26.89000, 52.
26.90000, 63.
26.91000, 42.
26.92000, 51.
26.93000, 47.
26.94000, 53.
26.95000, 70.
26.96000, 61.
26.97000, 48.
26.98000, 61.
26.99000, 48.
27.00000, 67.
27.01000, 51.
27.02000, 49.
27.03000, 51.
27.04000, 47.
27.05000, 43.
27.06000, 46.
27.07000, 50.
27.08000, 50.
27.09000, 53.
27.10000, 57.
27.11000, 43.
27.12000, 67.
27.13000, 50.
27.14000, 48.
27.15000, 40.
27.16000, 66.
27.17000, 52.
27.18000, 58.
27.19000, 51.
27.20000, 53.
27.21000, 53.
27.22000, 54.
27.23000, 44.
27.24000, 57.
27.25000, 47.
27.26000, 49.
27.27000, 57.
27.28000, 52.
27.29000, 49.
27.30000, 65.
27.31000, 55.
27.32000, 53.
27.33000, 54.
27.34000, 63.
27.35000, 58.
27.36000, 49.
27.37000, 55.
27.38000, 47.
27.39000, 52.
27.40000, 52.
27.41000, 56.
27.42000, 47.
27.43000, 47.
27.44000, 66.
27.45000, 37.
27.46000, 48.
27.47000, 41.
27.48000, 55.
27.49000, 49.
27.50000, 50.
27.51000, 56.
27.52000, 53.
27.53000, 38.
27.54000, 52.
27.55000, 49.
27.56000, 36.
27.57000, 56.
27.58000, 47.
27.59000, 47.
27.60000, 50.
27.61000, 46.
27.62000, 54.
27.63000, 48.
27.64000, 50.
27.65000, 51.
27.66000, 53.
27.67000, 53.
27.68000, 44.
27.69000, 56.
27.70000, 49.
27.71000, 44.
27.72000, 41.
27.73000, 50.
27.74000, 29.
27.75000, 51.
27.76000, 47.
27.77000, 45.
27.78000, 56.
27.79000, 44.
27.80000, 53.
27.81000, 50.
27.82000, 41.
27.83000, 52.
27.84000, 51.
27.85000, 41.
27.86000, 47.
27.87000, 49.
27.88000, 46.
27.89000, 58.
27.90000, 42.
27.91000, 44.
27.92000, 36.
27.93000, 49.
27.94000, 55.
27.95000, 38.
27.96000, 49.
27.97000, 38.
27.98000, 51.
27.99000, 45.
28.00000, 43.
28.01000, 48.
28.02000, 55.
28.03000, 47.
28.04000, 33.
28.05000, 53.
28.06000, 47.
28.07000, 41.
28.08000, 59.
28.09000, 30.
28.10000, 44.
28.11000, 33.
28.12000, 58.
28.13000, 54.
28.14000, 45.
28.15000, 43.
28.16000, 54.
28.17000, 38.
28.18000, 48.
28.19000, 59.
28.20000, 36.
28.21000, 46.
28.22000, 47.
28.23000, 37.
28.24000, 33.
28.25000, 38.
28.26000, 41.
28.27000, 54.
28.28000, 42.
28.29000, 47.
28.30000, 50.
28.31000, 41.
28.32000, 51.
28.33000, 57.
28.34000, 44.
28.35000, 48.
28.36000, 46.
28.37000, 52.
28.38000, 58.
28.39000, 37.
28.40000, 45.
28.41000, 58.
28.42000, 39.
28.43000, 35.
28.44000, 50.
28.45000, 50.
28.46000, 57.
28.47000, 41.
28.48000, 47.
28.49000, 52.
28.50000, 49.
28.51000, 45.
28.52000, 51.
28.53000, 43.
28.54000, 64.
28.55000, 41.
28.56000, 42.
28.57000, 39.
28.58000, 32.
28.59000, 31.
28.60000, 45.
28.61000, 44.
28.62000, 29.
28.63000, 57.
28.64000, 34.
28.65000, 44.
28.66000, 30.
28.67000, 47.
28.68000, 42.
28.69000, 47.
28.70000, 34.
28.71000, 39.
28.72000, 43.
28.73000, 61.
28.74000, 43.
28.75000, 41.
28.76000, 48.
28.77000, 41.
28.78000, 47.
28.79000, 54.
28.80000, 37.
28.81000, 54.
28.82000, 42.
28.83000, 44.
28.84000, 36.
28.85000, 36.
28.86000, 47.
28.87000, 37.
28.88000, 50.
28.89000, 44.
28.90000, 45.
28.91000, 48.
28.92000, 43.
28.93000, 40.
28.94000, 32.
28.95000, 51.
28.96000, 40.
28.97000, 47.
28.98000, 43.
28.99000, 60.
29.00000, 57.
29.01000, 36.
29.02000, 41.
29.03000, 47.
29.04000, 43.
29.05000, 45.
29.06000, 36.
29.07000, 27.
29.08000, 46.
29.09000, 53.
29.10000, 44.
29.11000, 42.
29.12000, 57.
29.13000, 40.
29.14000, 52.
29.15000, 50.
29.16000, 35.
29.17000, 40.
29.18000, 34.
29.19000, 27.
29.20000, 50.
29.21000, 41.
29.22000, 34.
29.23000, 35.
29.24000, 51.
29.25000, 39.
29.26000, 33.
29.27000, 34.
29.28000, 42.
29.29000, 39.
29.30000, 48.
29.31000, 39.
29.32000, 39.
29.33000, 44.
29.34000, 42.
29.35000, 47.
29.36000, 46.
29.37000, 45.
29.38000, 35.
29.39000, 48.
29.40000, 44.
29.41000, 39.
29.42000, 39.
29.43000, 45.
29.44000, 35.
29.45000, 46.
29.46000, 36.
29.47000, 42.
29.48000, 33.
29.49000, 42.
29.50000, 46.
29.51000, 29.
29.52000, 36.
29.53000, 32.
29.54000, 34.
29.55000, 43.
29.56000, 42.
29.57000, 36.
29.58000, 44.
29.59000, 47.
29.60000, 37.
29.61000, 42.
29.62000, 39.
29.63000, 41.
29.64000, 35.
29.65000, 33.
29.66000, 32.
29.67000, 46.
29.68000, 33.
29.69000, 30.
29.70000, 45.
29.71000, 36.
29.72000, 38.
29.73000, 42.
29.74000, 42.
29.75000, 46.
29.76000, 33.
29.77000, 35.
29.78000, 31.
29.79000, 49.
29.80000, 27.
29.81000, 40.
29.82000, 47.
29.83000, 28.
29.84000, 32.
29.85000, 32.
29.86000, 35.
29.87000, 43.
29.88000, 41.
29.89000, 43.
29.90000, 53.
29.91000, 45.
29.92000, 35.
29.93000, 38.
29.94000, 38.
29.95000, 42.
29.96000, 38.
29.97000, 35.
29.98000, 38.
29.99000, 33.
30.00000, 41.
30.01000, 38.
30.02000, 29.
30.03000, 37.
30.04000, 44.
30.05000, 28.
30.06000, 38.
30.07000, 28.
30.08000, 32.
30.09000, 27.
30.10000, 37.
30.11000, 26.
30.12000, 31.
30.13000, 32.
30.14000, 42.
30.15000, 38.
30.16000, 35.
30.17000, 38.
30.18000, 35.
30.19000, 41.
30.20000, 42.
30.21000, 29.
30.22000, 35.
30.23000, 26.
30.24000, 42.
30.25000, 37.
30.26000, 23.
30.27000, 41.
30.28000, 27.
30.29000, 31.
30.30000, 36.
30.31000, 30.
30.32000, 28.
30.33000, 36.
30.34000, 32.
30.35000, 28.
30.36000, 29.
30.37000, 35.
30.38000, 37.
30.39000, 40.
30.40000, 33.
30.41000, 38.
30.42000, 38.
30.43000, 39.
30.44000, 26.
30.45000, 36.
30.46000, 29.
30.47000, 30.
30.48000, 31.
30.49000, 34.
30.50000, 34.
30.51000, 36.
30.52000, 32.
30.53000, 35.
30.54000, 22.
30.55000, 30.
30.56000, 28.
30.57000, 42.
30.58000, 33.
30.59000, 35.
30.60000, 28.
30.61000, 37.
30.62000, 36.
30.63000, 24.
30.64000, 45.
30.65000, 32.
30.66000, 32.
30.67000, 35.
30.68000, 36.
30.69000, 41.
30.70000, 30.
30.71000, 39.
30.72000, 28.
30.73000, 28.
30.74000, 33.
30.75000, 26.
30.76000, 24.
30.77000, 43.
30.78000, 37.
30.79000, 36.
30.80000, 35.
30.81000, 42.
30.82000, 39.
30.83000, 43.
30.84000, 24.
30.85000, 35.
30.86000, 25.
30.87000, 36.
30.88000, 38.
30.89000, 26.
30.90000, 36.
30.91000, 39.
30.92000, 38.
30.93000, 40.
30.94000, 30.
30.95000, 23.
30.96000, 44.
30.97000, 33.
30.98000, 37.
30.99000, 39.
31.00000, 29.
31.01000, 33.
31.02000, 38.
31.03000, 35.
31.04000, 24.
31.05000, 37.
31.06000, 33.
31.07000, 30.
31.08000, 37.
31.09000, 38.
31.10000, 43.
31.11000, 36.
31.12000, 38.
31.13000, 25.
31.14000, 35.
31.15000, 30.
31.16000, 30.
31.17000, 30.
31.18000, 31.
31.19000, 51.
31.20000, 35.
31.21000, 33.
31.22000, 27.
31.23000, 34.
31.24000, 32.
31.25000, 40.
31.26000, 25.
31.27000, 37.
31.28000, 40.
31.29000, 31.
31.30000, 31.
31.31000, 40.
31.32000, 31.
31.33000, 34.
31.34000, 34.
31.35000, 29.
31.36000, 33.
31.37000, 22.
31.38000, 28.
31.39000, 29.
31.40000, 26.
31.41000, 23.
31.42000, 35.
31.43000, 23.
31.44000, 33.
31.45000, 26.
31.46000, 38.
31.47000, 40.
31.48000, 43.
31.49000, 29.
31.50000, 35.
31.51000, 26.
31.52000, 29.
31.53000, 31.
31.54000, 31.
31.55000, 27.
31.56000, 39.
31.57000, 34.
31.58000, 32.
31.59000, 40.
31.60000, 26.
31.61000, 31.
31.62000, 30.
31.63000, 26.
31.64000, 32.
31.65000, 23.
31.66000, 40.
31.67000, 25.
31.68000, 38.
31.69000, 33.
31.70000, 30.
31.71000, 24.
31.72000, 39.
31.73000, 49.
31.74000, 43.
31.75000, 28.
31.76000, 39.
31.77000, 31.
31.78000, 33.
31.79000, 30.
31.80000, 33.
31.81000, 30.
31.82000, 37.
31.83000, 32.
31.84000, 35.
31.85000, 32.
31.86000, 45.
31.87000, 32.
31.88000, 32.
31.89000, 40.
31.90000, 31.
31.91000, 34.
31.92000, 37.
31.93000, 28.
31.94000, 41.
31.95000, 37.
31.96000, 25.
31.97000, 34.
31.98000, 43.
31.99000, 28.
32.00000, 33.
32.01000, 37.
32.02000, 37.
32.03000, 38.
32.04000, 29.
32.05000, 30.
32.06000, 34.
32.07000, 32.
32.08000, 36.
32.09000, 34.
32.10000, 41.
32.11000, 31.
32.12000, 33.
32.13000, 22.
32.14000, 34.
32.15000, 29.
32.16000, 37.
32.17000, 29.
32.18000, 31.
32.19000, 29.
32.20000, 31.
32.21000, 34.
32.22000, 28.
32.23000, 40.
32.24000, 42.
32.25000, 31.
32.26000, 28.
32.27000, 33.
32.28000, 32.
32.29000, 30.
32.30000, 28.
32.31000, 38.
32.32000, 34.
32.33000, 35.
32.34000, 38.
32.35000, 24.
32.36000, 25.
32.37000, 20.
32.38000, 28.
32.39000, 34.
32.40000, 28.
32.41000, 32.
32.42000, 30.
32.43000, 26.
32.44000, 32.
32.45000, 19.
32.46000, 34.
32.47000, 26.
32.48000, 28.
32.49000, 32.
32.50000, 24.
32.51000, 22.
32.52000, 17.
32.53000, 21.
32.54000, 21.
32.55000, 18.
32.56000, 29.
32.57000, 24.
32.58000, 24.
32.59000, 22.
32.60000, 31.
32.61000, 23.
32.62000, 25.
32.63000, 27.
32.64000, 25.
32.65000, 17.
32.66000, 28.
32.67000, 21.
32.68000, 26.
32.69000, 28.
32.70000, 23.
32.71000, 21.
32.72000, 27.
32.73000, 24.
32.74000, 23.
32.75000, 26.
32.76000, 20.
32.77000, 23.
32.78000, 24.
32.79000, 26.
32.80000, 25.
32.81000, 26.
32.82000, 28.
32.83000, 25.
32.84000, 30.
32.85000, 43.
32.86000, 24.
32.87000, 28.
32.88000, 30.
32.89000, 25.
32.90000, 16.
32.91000, 27.
32.92000, 36.
32.93000, 24.
32.94000, 31.
32.95000, 23.
32.96000, 23.
32.97000, 18.
32.98000, 23.
32.99000, 21.
33.00000, 31.
33.01000, 22.
33.02000, 29.
33.03000, 31.
33.04000, 23.
33.05000, 30.
33.06000, 23.
33.07000, 26.
33.08000, 20.
33.09000, 24.
33.10000, 29.
33.11000, 24.
33.12000, 21.
33.13000, 27.
33.14000, 30.
33.15000, 24.
33.16000, 20.
33.17000, 29.
33.18000, 35.
33.19000, 24.
33.20000, 28.
33.21000, 25.
33.22000, 16.
33.23000, 27.
33.24000, 25.
33.25000, 19.
33.26000, 24.
33.27000, 21.
33.28000, 23.
33.29000, 23.
33.30000, 18.
33.31000, 24.
33.32000, 20.
33.33000, 18.
33.34000, 28.
33.35000, 27.
33.36000, 22.
33.37000, 31.
33.38000, 22.
33.39000, 21.
33.40000, 29.
33.41000, 25.
33.42000, 31.
33.43000, 19.
33.44000, 16.
33.45000, 30.
33.46000, 20.
33.47000, 29.
33.48000, 17.
33.49000, 32.
33.50000, 15.
33.51000, 21.
33.52000, 27.
33.53000, 16.
33.54000, 23.
33.55000, 21.
33.56000, 15.
33.57000, 24.
33.58000, 19.
33.59000, 26.
33.60000, 20.
33.61000, 26.
33.62000, 25.
33.63000, 16.
33.64000, 13.
33.65000, 23.
33.66000, 18.
33.67000, 28.
33.68000, 17.
33.69000, 23.
33.70000, 25.
33.71000, 21.
33.72000, 23.
33.73000, 25.
33.74000, 15.
33.75000, 27.
33.76000, 21.
33.77000, 19.
33.78000, 24.
33.79000, 19.
33.80000, 23.
33.81000, 21.
33.82000, 22.
33.83000, 25.
33.84000, 24.
33.85000, 24.
33.86000, 19.
33.87000, 23.
33.88000, 21.
33.89000, 17.
33.90000, 20.
33.91000, 23.
33.92000, 20.
33.93000, 28.
33.94000, 17.
33.95000, 19.
33.96000, 24.
33.97000, 20.
33.98000, 24.
33.99000, 32.
34.00000, 21.
34.01000, 18.
34.02000, 21.
34.03000, 19.
34.04000, 18.
34.05000, 25.
34.06000, 26.
34.07000, 15.
34.08000, 26.
34.09000, 16.
34.10000, 16.
34.11000, 16.
34.12000, 24.
34.13000, 24.
34.14000, 23.
34.15000, 25.
34.16000, 22.
34.17000, 31.
34.18000, 23.
34.19000, 14.
34.20000, 9.
34.21000, 16.
34.22000, 14.
34.23000, 28.
34.24000, 21.
34.25000, 21.
34.26000, 31.
34.27000, 21.
34.28000, 20.
34.29000, 21.
34.30000, 18.
34.31000, 22.
34.32000, 28.
34.33000, 17.
34.34000, 26.
34.35000, 20.
34.36000, 15.
34.37000, 19.
34.38000, 16.
34.39000, 19.
34.40000, 28.
34.41000, 18.
34.42000, 11.
34.43000, 21.
34.44000, 22.
34.45000, 22.
34.46000, 24.
34.47000, 23.
34.48000, 17.
34.49000, 17.
34.50000, 19.
34.51000, 11.
34.52000, 15.
34.53000, 18.
34.54000, 27.
34.55000, 16.
34.56000, 12.
34.57000, 20.
34.58000, 18.
34.59000, 19.
34.60000, 13.
34.61000, 24.
34.62000, 14.
34.63000, 27.
34.64000, 24.
34.65000, 23.
34.66000, 19.
34.67000, 24.
34.68000, 17.
34.69000, 23.
34.70000, 22.
34.71000, 19.
34.72000, 19.
34.73000, 17.
34.74000, 13.
34.75000, 16.
34.76000, 25.
34.77000, 16.
34.78000, 22.
34.79000, 16.
34.80000, 26.
34.81000, 20.
34.82000, 14.
34.83000, 22.
34.84000, 27.
34.85000, 11.
34.86000, 17.
34.87000, 20.
34.88000, 18.
34.89000, 21.
34.90000, 17.
34.91000, 15.
34.92000, 18.
34.93000, 19.
34.94000, 17.
34.95000, 15.
34.96000, 14.
34.97000, 20.
34.98000, 17.
34.99000, 16.
35.00000, 16.
35.01000, 20.
35.02000, 22.
35.03000, 18.
35.04000, 13.
35.05000, 21.
35.06000, 21.
35.07000, 14.
35.08000, 15.
35.09000, 12.
35.10000, 23.
35.11000, 25.
35.12000, 14.
35.13000, 19.
35.14000, 11.
35.15000, 20.
35.16000, 6.
35.17000, 10.
35.18000, 9.
35.19000, 19.
35.20000, 19.
35.21000, 23.
35.22000, 16.
35.23000, 14.
35.24000, 22.
35.25000, 21.
35.26000, 16.
35.27000, 21.
35.28000, 12.
35.29000, 12.
35.30000, 23.
35.31000, 17.
35.32000, 17.
35.33000, 14.
35.34000, 13.
35.35000, 16.
35.36000, 15.
35.37000, 18.
35.38000, 14.
35.39000, 18.
35.40000, 11.
35.41000, 9.
35.42000, 17.
35.43000, 12.
35.44000, 17.
35.45000, 16.
35.46000, 21.
35.47000, 14.
35.48000, 17.
35.49000, 11.
35.50000, 15.
35.51000, 15.
35.52000, 14.
35.53000, 14.
35.54000, 13.
35.55000, 14.
35.56000, 18.
35.57000, 21.
35.58000, 16.
35.59000, 12.
35.60000, 12.
35.61000, 10.
35.62000, 18.
35.63000, 15.
35.64000, 19.
35.65000, 18.
35.66000, 12.
35.67000, 15.
35.68000, 14.
35.69000, 17.
35.70000, 10.
35.71000, 25.
35.72000, 10.
35.73000, 13.
35.74000, 8.
35.75000, 19.
35.76000, 25.
35.77000, 9.
35.78000, 11.
35.79000, 21.
35.80000, 13.
35.81000, 17.
35.82000, 15.
35.83000, 16.
35.84000, 16.
35.85000, 16.
35.86000, 10.
35.87000, 11.
35.88000, 14.
35.89000, 18.
35.90000, 5.
35.91000, 13.
35.92000, 10.
35.93000, 15.
35.94000, 15.
35.95000, 12.
35.96000, 18.
35.97000, 12.
35.98000, 18.
35.99000, 7.
36.00000, 19.
36.01000, 23.
36.02000, 16.
36.03000, 11.
36.04000, 14.
36.05000, 12.
36.06000, 11.
36.07000, 14.
36.08000, 19.
36.09000, 14.
36.10000, 11.
36.11000, 12.
36.12000, 8.
36.13000, 11.
36.14000, 15.
36.15000, 22.
36.16000, 15.
36.17000, 20.
36.18000, 10.
36.19000, 19.
36.20000, 13.
36.21000, 16.
36.22000, 13.
36.23000, 19.
36.24000, 15.
36.25000, 15.
36.26000, 15.
36.27000, 10.
36.28000, 19.
36.29000, 10.
36.30000, 18.
36.31000, 9.
36.32000, 18.
36.33000, 18.
36.34000, 17.
36.35000, 13.
36.36000, 15.
36.37000, 13.
36.38000, 14.
36.39000, 9.
36.40000, 15.
36.41000, 12.
36.42000, 18.
36.43000, 16.
36.44000, 19.
36.45000, 12.
36.46000, 13.
36.47000, 18.
36.48000, 10.
36.49000, 13.
36.50000, 17.
36.51000, 11.
36.52000, 12.
36.53000, 11.
36.54000, 6.
36.55000, 5.
36.56000, 13.
36.57000, 18.
36.58000, 10.
36.59000, 16.
36.60000, 13.
36.61000, 12.
36.62000, 12.
36.63000, 13.
36.64000, 10.
36.65000, 11.
36.66000, 11.
36.67000, 11.
36.68000, 14.
36.69000, 11.
36.70000, 8.
36.71000, 13.
36.72000, 14.
36.73000, 14.
36.74000, 18.
36.75000, 13.
36.76000, 11.
36.77000, 10.
36.78000, 11.
36.79000, 10.
36.80000, 14.
36.81000, 11.
36.82000, 12.
36.83000, 10.
36.84000, 16.
36.85000, 12.
36.86000, 13.
36.87000, 15.
36.88000, 15.
36.89000, 11.
36.90000, 5.
36.91000, 12.
36.92000, 10.
36.93000, 11.
36.94000, 11.
36.95000, 16.
36.96000, 17.
36.97000, 18.
36.98000, 6.
36.99000, 11.
37.00000, 16.
37.01000, 15.
37.02000, 19.
37.03000, 12.
37.04000, 8.
37.05000, 15.
37.06000, 13.
37.07000, 17.
37.08000, 12.
37.09000, 16.
37.10000, 10.
37.11000, 15.
37.12000, 13.
37.13000, 14.
37.14000, 9.
37.15000, 11.
37.16000, 15.
37.17000, 18.
37.18000, 14.
37.19000, 18.
37.20000, 13.
37.21000, 12.
37.22000, 12.
37.23000, 10.
37.24000, 5.
37.25000, 18.
37.26000, 10.
37.27000, 16.
37.28000, 7.
37.29000, 15.
37.30000, 14.
37.31000, 14.
37.32000, 5.
37.33000, 13.
37.34000, 10.
37.35000, 12.
37.36000, 12.
37.37000, 15.
37.38000, 8.
37.39000, 20.
37.40000, 8.
37.41000, 16.
37.42000, 12.
37.43000, 7.
37.44000, 8.
37.45000, 19.
37.46000, 12.
37.47000, 15.
37.48000, 11.
37.49000, 11.
37.50000, 6.
37.51000, 13.
37.52000, 13.
37.53000, 9.
37.54000, 7.
37.55000, 13.
37.56000, 11.
37.57000, 14.
37.58000, 15.
37.59000, 9.
37.60000, 9.
37.61000, 5.
37.62000, 11.
37.63000, 19.
37.64000, 15.
37.65000, 10.
37.66000, 10.
37.67000, 9.
37.68000, 12.
37.69000, 10.
37.70000, 9.
37.71000, 10.
37.72000, 9.
37.73000, 4.
37.74000, 9.
37.75000, 9.
37.76000, 6.
37.77000, 8.
37.78000, 8.
37.79000, 11.
37.80000, 5.
37.81000, 12.
37.82000, 14.
37.83000, 13.
37.84000, 5.
37.85000, 4.
37.86000, 6.
37.87000, 14.
37.88000, 4.
37.89000, 10.
37.90000, 13.
37.91000, 11.
37.92000, 15.
37.93000, 10.
37.94000, 12.
37.95000, 13.
37.96000, 7.
37.97000, 10.
37.98000, 6.
37.99000, 9.
38.00000, 7.
38.01000, 15.
38.02000, 10.
38.03000, 11.
38.04000, 11.
38.05000, 12.
38.06000, 8.
38.07000, 11.
38.08000, 13.
38.09000, 12.
38.10000, 7.
38.11000, 9.
38.12000, 9.
38.13000, 11.
38.14000, 7.
38.15000, 14.
38.16000, 10.
38.17000, 9.
38.18000, 7.
38.19000, 7.
38.20000, 10.
38.21000, 9.
38.22000, 11.
38.23000, 11.
38.24000, 9.
38.25000, 6.
38.26000, 3.
38.27000, 10.
38.28000, 8.
38.29000, 6.
38.30000, 12.
38.31000, 12.
38.32000, 8.
38.33000, 9.
38.34000, 9.
38.35000, 7.
38.36000, 10.
38.37000, 7.
38.38000, 10.
38.39000, 13.
38.40000, 7.
38.41000, 7.
38.42000, 10.
38.43000, 14.
38.44000, 6.
38.45000, 8.
38.46000, 7.
38.47000, 11.
38.48000, 6.
38.49000, 7.
38.50000, 7.
38.51000, 4.
38.52000, 7.
38.53000, 12.
38.54000, 7.
38.55000, 6.
38.56000, 6.
38.57000, 4.
38.58000, 5.
38.59000, 9.
38.60000, 12.
38.61000, 9.
38.62000, 7.
38.63000, 3.
38.64000, 6.
38.65000, 13.
38.66000, 7.
38.67000, 13.
38.68000, 8.
38.69000, 11.
38.70000, 9.
38.71000, 8.
38.72000, 6.
38.73000, 8.
38.74000, 7.
38.75000, 8.
38.76000, 8.
38.77000, 7.
38.78000, 8.
38.79000, 6.
38.80000, 8.
38.81000, 9.
38.82000, 10.
38.83000, 6.
38.84000, 9.
38.85000, 3.
38.86000, 5.
38.87000, 5.
38.88000, 9.
38.89000, 8.
38.90000, 6.
38.91000, 8.
38.92000, 10.
38.93000, 7.
38.94000, 14.
38.95000, 9.
38.96000, 7.
38.97000, 8.
38.98000, 6.
38.99000, 4.
39.00000, 12.
39.01000, 8.
39.02000, 9.
39.03000, 11.
39.04000, 6.
39.05000, 7.
39.06000, 14.
39.07000, 9.
39.08000, 14.
39.09000, 7.
39.10000, 6.
39.11000, 6.
39.12000, 7.
39.13000, 2.
39.14000, 6.
39.15000, 13.
39.16000, 6.
39.17000, 12.
39.18000, 9.
39.19000, 5.
39.20000, 6.
39.21000, 10.
39.22000, 7.
39.23000, 6.
39.24000, 10.
39.25000, 6.
39.26000, 7.
39.27000, 6.
39.28000, 6.
39.29000, 9.
39.30000, 11.
39.31000, 3.
39.32000, 7.
39.33000, 8.
39.34000, 4.
39.35000, 3.
39.36000, 3.
39.37000, 5.
39.38000, 5.
39.39000, 9.
39.40000, 5.
39.41000, 7.
39.42000, 6.
39.43000, 8.
39.44000, 7.
39.45000, 5.
39.46000, 5.
39.47000, 6.
39.48000, 4.
39.49000, 5.
39.50000, 4.
39.51000, 7.
39.52000, 7.
39.53000, 10.
39.54000, 2.
39.55000, 12.
39.56000, 9.
39.57000, 7.
39.58000, 0.
39.59000, 8.
39.60000, 2.
39.61000, 14.
39.62000, 6.
39.63000, 6.
39.64000, 4.
39.65000, 6.
39.66000, 10.
39.67000, 12.
39.68000, 11.
39.69000, 7.
39.70000, 6.
39.71000, 6.
39.72000, 8.
39.73000, 6.
39.74000, 6.
39.75000, 4.
39.76000, 7.
39.77000, 10.
39.78000, 6.
39.79000, 7.
39.80000, 6.
39.81000, 8.
39.82000, 4.
39.83000, 8.
39.84000, 3.
39.85000, 5.
39.86000, 8.
39.87000, 4.
39.88000, 6.
39.89000, 12.
39.90000, 7.
39.91000, 2.
39.92000, 8.
39.93000, 4.
39.94000, 4.
39.95000, 7.
39.96000, 4.
39.97000, 6.
39.98000, 3.
39.99000, 5.
40.00000, 5.
40.01000, 1.
40.02000, 5.
40.03000, 5.
40.04000, 2.
40.05000, 4.
40.06000, 4.
40.07000, 7.
40.08000, 6.
40.09000, 8.
40.10000, 6.
40.11000, 8.
40.12000, 5.
40.13000, 10.
40.14000, 8.
40.15000, 2.
40.16000, 10.
40.17000, 4.
40.18000, 3.
40.19000, 4.
40.20000, 4.
40.21000, 8.
40.22000, 6.
40.23000, 6.
40.24000, 7.
40.25000, 5.
40.26000, 2.
40.27000, 2.
40.28000, 10.
40.29000, 8.
40.30000, 11.
40.31000, 5.
40.32000, 2.
40.33000, 3.
40.34000, 5.
40.35000, 8.
40.36000, 5.
40.37000, 5.
40.38000, 4.
40.39000, 6.
40.40000, 5.
40.41000, 5.
40.42000, 5.
40.43000, 8.
40.44000, 4.
40.45000, 4.
40.46000, 3.
40.47000, 6.
40.48000, 3.
40.49000, 7.
40.50000, 5.
40.51000, 5.
40.52000, 3.
40.53000, 5.
40.54000, 4.
40.55000, 0.
#ENDOFDATA   : 
