#FORMAT      : EMSA/MAS Spectral Data File
#VERSION     : 1.0
#TITLE       : Spectrum 36
#DATE        : 21-AUG-2025
#TIME        : 15:40
#OWNER       : XGT7200
#NPOINTS     : 4096.
#NCOLUMNS    : 1.
#XUNITS      : keV
#YUNITS      : counts
#DATATYPE    : XY
#XPERCHAN    : 0.0100000
#OFFSET      : -0.400000
#SIGNALTYPE  : EDS
#CHOFFSET    : 40.0000
#LIVETIME    : 30.000000
#REALTIME    : 39.801174
#BEAMKV      : 50.0000
#PROBECUR    : 677000.
#MAGCAM      : 100.000
#XTILTSTGE   : 0.0
#AZIMANGLE   : 0.0
#ELEVANGLE   : 45.0
#XPOSITION mm: 0.0000
#YPOSITION mm: 0.0000
#ZPOSITION mm: 0.0000
##OXINSTPT   : 4
##OXINSTSTROB: 71.96
#SPECTRUM    : Spectral Data Starts Here
-0.40000, 0.
-0.39000, 0.
-0.38000, 0.
-0.37000, 0.
-0.36000, 0.
-0.35000, 0.
-0.34000, 0.
-0.33000, 0.
-0.32000, 0.
-0.31000, 0.
-0.30000, 0.
-0.29000, 0.
-0.28000, 0.
-0.27000, 0.
-0.26000, 0.
-0.25000, 0.
-0.24000, 0.
-0.23000, 0.
-0.22000, 0.
-0.21000, 0.
-0.20000, 0.
-0.19000, 0.
-0.18000, 0.
-0.17000, 0.
-0.16000, 0.
-0.15000, 0.
-0.14000, 0.
-0.13000, 0.
-0.12000, 0.
-0.11000, 0.
-0.10000, 0.
-0.09000, 0.
-0.08000, 0.
-0.07000, 0.
-0.06000, 0.
-0.05000, 0.
-0.04000, 0.
-0.03000, 0.
-0.02000, 0.
-0.01000, 0.
0.00000, 0.
0.01000, 0.
0.02000, 0.
0.03000, 0.
0.04000, 0.
0.05000, 0.
0.06000, 0.
0.07000, 0.
0.08000, 0.
0.09000, 0.
0.10000, 0.
0.11000, 0.
0.12000, 0.
0.13000, 0.
0.14000, 0.
0.15000, 0.
0.16000, 0.
0.17000, 0.
0.18000, 0.
0.19000, 0.
0.20000, 0.
0.21000, 0.
0.22000, 0.
0.23000, 0.
0.24000, 0.
0.25000, 0.
0.26000, 0.
0.27000, 0.
0.28000, 0.
0.29000, 0.
0.30000, 0.
0.31000, 0.
0.32000, 0.
0.33000, 0.
0.34000, 0.
0.35000, 2.
0.36000, 2.
0.37000, 13.
0.38000, 11.
0.39000, 15.
0.40000, 21.
0.41000, 24.
0.42000, 33.
0.43000, 36.
0.44000, 49.
0.45000, 60.
0.46000, 48.
0.47000, 45.
0.48000, 56.
0.49000, 41.
0.50000, 44.
0.51000, 60.
0.52000, 50.
0.53000, 47.
0.54000, 52.
0.55000, 44.
0.56000, 46.
0.57000, 41.
0.58000, 45.
0.59000, 38.
0.60000, 55.
0.61000, 53.
0.62000, 39.
0.63000, 47.
0.64000, 40.
0.65000, 46.
0.66000, 33.
0.67000, 49.
0.68000, 38.
0.69000, 48.
0.70000, 44.
0.71000, 44.
0.72000, 51.
0.73000, 39.
0.74000, 42.
0.75000, 46.
0.76000, 40.
0.77000, 46.
0.78000, 34.
0.79000, 46.
0.80000, 41.
0.81000, 34.
0.82000, 33.
0.83000, 41.
0.84000, 46.
0.85000, 36.
0.86000, 40.
0.87000, 29.
0.88000, 38.
0.89000, 40.
0.90000, 43.
0.91000, 26.
0.92000, 33.
0.93000, 42.
0.94000, 40.
0.95000, 37.
0.96000, 47.
0.97000, 56.
0.98000, 49.
0.99000, 50.
1.00000, 58.
1.01000, 38.
1.02000, 40.
1.03000, 58.
1.04000, 41.
1.05000, 52.
1.06000, 42.
1.07000, 51.
1.08000, 43.
1.09000, 38.
1.10000, 43.
1.11000, 39.
1.12000, 44.
1.13000, 47.
1.14000, 49.
1.15000, 41.
1.16000, 42.
1.17000, 38.
1.18000, 53.
1.19000, 40.
1.20000, 31.
1.21000, 45.
1.22000, 49.
1.23000, 49.
1.24000, 59.
1.25000, 66.
1.26000, 63.
1.27000, 78.
1.28000, 68.
1.29000, 69.
1.30000, 49.
1.31000, 43.
1.32000, 54.
1.33000, 51.
1.34000, 35.
1.35000, 48.
1.36000, 39.
1.37000, 35.
1.38000, 53.
1.39000, 76.
1.40000, 96.
1.41000, 116.
1.42000, 186.
1.43000, 244.
1.44000, 381.
1.45000, 440.
1.46000, 573.
1.47000, 668.
1.48000, 718.
1.49000, 734.
1.50000, 694.
1.51000, 685.
1.52000, 647.
1.53000, 544.
1.54000, 440.
1.55000, 328.
1.56000, 231.
1.57000, 177.
1.58000, 133.
1.59000, 106.
1.60000, 105.
1.61000, 129.
1.62000, 165.
1.63000, 273.
1.64000, 396.
1.65000, 624.
1.66000, 994.
1.67000, 1574.
1.68000, 2338.
1.69000, 3304.
1.70000, 4300.
1.71000, 5433.
1.72000, 6583.
1.73000, 7081.
1.74000, 7705.
1.75000, 7921.
1.76000, 7538.
1.77000, 6686.
1.78000, 5762.
1.79000, 4670.
1.80000, 3605.
1.81000, 2639.
1.82000, 1983.
1.83000, 1451.
1.84000, 992.
1.85000, 645.
1.86000, 504.
1.87000, 399.
1.88000, 337.
1.89000, 200.
1.90000, 140.
1.91000, 109.
1.92000, 98.
1.93000, 64.
1.94000, 69.
1.95000, 74.
1.96000, 56.
1.97000, 64.
1.98000, 73.
1.99000, 75.
2.00000, 66.
2.01000, 78.
2.02000, 76.
2.03000, 83.
2.04000, 74.
2.05000, 69.
2.06000, 47.
2.07000, 40.
2.08000, 53.
2.09000, 52.
2.10000, 43.
2.11000, 31.
2.12000, 34.
2.13000, 41.
2.14000, 23.
2.15000, 33.
2.16000, 34.
2.17000, 41.
2.18000, 28.
2.19000, 33.
2.20000, 35.
2.21000, 28.
2.22000, 34.
2.23000, 33.
2.24000, 46.
2.25000, 49.
2.26000, 65.
2.27000, 63.
2.28000, 83.
2.29000, 108.
2.30000, 100.
2.31000, 109.
2.32000, 115.
2.33000, 137.
2.34000, 124.
2.35000, 133.
2.36000, 140.
2.37000, 124.
2.38000, 120.
2.39000, 116.
2.40000, 110.
2.41000, 106.
2.42000, 97.
2.43000, 112.
2.44000, 103.
2.45000, 103.
2.46000, 72.
2.47000, 79.
2.48000, 70.
2.49000, 74.
2.50000, 58.
2.51000, 58.
2.52000, 55.
2.53000, 45.
2.54000, 48.
2.55000, 51.
2.56000, 58.
2.57000, 62.
2.58000, 55.
2.59000, 59.
2.60000, 85.
2.61000, 115.
2.62000, 149.
2.63000, 173.
2.64000, 215.
2.65000, 253.
2.66000, 317.
2.67000, 389.
2.68000, 386.
2.69000, 410.
2.70000, 460.
2.71000, 434.
2.72000, 410.
2.73000, 341.
2.74000, 357.
2.75000, 332.
2.76000, 266.
2.77000, 266.
2.78000, 214.
2.79000, 210.
2.80000, 244.
2.81000, 226.
2.82000, 251.
2.83000, 257.
2.84000, 283.
2.85000, 248.
2.86000, 279.
2.87000, 226.
2.88000, 196.
2.89000, 182.
2.90000, 166.
2.91000, 161.
2.92000, 150.
2.93000, 122.
2.94000, 110.
2.95000, 79.
2.96000, 92.
2.97000, 83.
2.98000, 68.
2.99000, 52.
3.00000, 59.
3.01000, 50.
3.02000, 52.
3.03000, 52.
3.04000, 48.
3.05000, 48.
3.06000, 28.
3.07000, 39.
3.08000, 34.
3.09000, 34.
3.10000, 30.
3.11000, 27.
3.12000, 26.
3.13000, 31.
3.14000, 36.
3.15000, 37.
3.16000, 30.
3.17000, 37.
3.18000, 43.
3.19000, 66.
3.20000, 79.
3.21000, 78.
3.22000, 106.
3.23000, 154.
3.24000, 232.
3.25000, 288.
3.26000, 344.
3.27000, 488.
3.28000, 522.
3.29000, 618.
3.30000, 636.
3.31000, 671.
3.32000, 663.
3.33000, 704.
3.34000, 675.
3.35000, 588.
3.36000, 457.
3.37000, 452.
3.38000, 345.
3.39000, 241.
3.40000, 185.
3.41000, 156.
3.42000, 110.
3.43000, 79.
3.44000, 66.
3.45000, 69.
3.46000, 59.
3.47000, 65.
3.48000, 57.
3.49000, 63.
3.50000, 65.
3.51000, 83.
3.52000, 68.
3.53000, 88.
3.54000, 94.
3.55000, 96.
3.56000, 127.
3.57000, 157.
3.58000, 177.
3.59000, 191.
3.60000, 218.
3.61000, 259.
3.62000, 359.
3.63000, 370.
3.64000, 461.
3.65000, 463.
3.66000, 526.
3.67000, 596.
3.68000, 622.
3.69000, 689.
3.70000, 700.
3.71000, 653.
3.72000, 586.
3.73000, 563.
3.74000, 417.
3.75000, 390.
3.76000, 309.
3.77000, 243.
3.78000, 179.
3.79000, 139.
3.80000, 86.
3.81000, 69.
3.82000, 54.
3.83000, 49.
3.84000, 36.
3.85000, 23.
3.86000, 22.
3.87000, 25.
3.88000, 20.
3.89000, 27.
3.90000, 32.
3.91000, 45.
3.92000, 43.
3.93000, 45.
3.94000, 52.
3.95000, 72.
3.96000, 73.
3.97000, 88.
3.98000, 91.
3.99000, 97.
4.00000, 115.
4.01000, 103.
4.02000, 126.
4.03000, 118.
4.04000, 106.
4.05000, 101.
4.06000, 89.
4.07000, 67.
4.08000, 68.
4.09000, 69.
4.10000, 61.
4.11000, 52.
4.12000, 32.
4.13000, 34.
4.14000, 35.
4.15000, 28.
4.16000, 27.
4.17000, 25.
4.18000, 31.
4.19000, 33.
4.20000, 20.
4.21000, 24.
4.22000, 29.
4.23000, 22.
4.24000, 24.
4.25000, 26.
4.26000, 22.
4.27000, 35.
4.28000, 37.
4.29000, 23.
4.30000, 29.
4.31000, 24.
4.32000, 38.
4.33000, 31.
4.34000, 39.
4.35000, 36.
4.36000, 45.
4.37000, 54.
4.38000, 59.
4.39000, 70.
4.40000, 104.
4.41000, 100.
4.42000, 153.
4.43000, 180.
4.44000, 250.
4.45000, 254.
4.46000, 327.
4.47000, 375.
4.48000, 449.
4.49000, 484.
4.50000, 511.
4.51000, 524.
4.52000, 492.
4.53000, 452.
4.54000, 403.
4.55000, 391.
4.56000, 335.
4.57000, 286.
4.58000, 270.
4.59000, 213.
4.60000, 192.
4.61000, 136.
4.62000, 125.
4.63000, 100.
4.64000, 97.
4.65000, 89.
4.66000, 109.
4.67000, 72.
4.68000, 76.
4.69000, 78.
4.70000, 87.
4.71000, 69.
4.72000, 66.
4.73000, 77.
4.74000, 66.
4.75000, 61.
4.76000, 66.
4.77000, 67.
4.78000, 80.
4.79000, 74.
4.80000, 68.
4.81000, 76.
4.82000, 89.
4.83000, 95.
4.84000, 91.
4.85000, 82.
4.86000, 113.
4.87000, 114.
4.88000, 121.
4.89000, 123.
4.90000, 127.
4.91000, 134.
4.92000, 149.
4.93000, 144.
4.94000, 159.
4.95000, 126.
4.96000, 146.
4.97000, 110.
4.98000, 117.
4.99000, 121.
5.00000, 99.
5.01000, 74.
5.02000, 79.
5.03000, 85.
5.04000, 57.
5.05000, 54.
5.06000, 49.
5.07000, 53.
5.08000, 59.
5.09000, 43.
5.10000, 52.
5.11000, 49.
5.12000, 51.
5.13000, 48.
5.14000, 51.
5.15000, 54.
5.16000, 41.
5.17000, 49.
5.18000, 44.
5.19000, 54.
5.20000, 45.
5.21000, 59.
5.22000, 37.
5.23000, 61.
5.24000, 57.
5.25000, 57.
5.26000, 55.
5.27000, 60.
5.28000, 64.
5.29000, 54.
5.30000, 61.
5.31000, 69.
5.32000, 70.
5.33000, 67.
5.34000, 77.
5.35000, 72.
5.36000, 74.
5.37000, 66.
5.38000, 98.
5.39000, 78.
5.40000, 88.
5.41000, 80.
5.42000, 85.
5.43000, 94.
5.44000, 83.
5.45000, 81.
5.46000, 82.
5.47000, 87.
5.48000, 71.
5.49000, 81.
5.50000, 71.
5.51000, 60.
5.52000, 72.
5.53000, 70.
5.54000, 78.
5.55000, 64.
5.56000, 60.
5.57000, 64.
5.58000, 63.
5.59000, 65.
5.60000, 62.
5.61000, 55.
5.62000, 58.
5.63000, 57.
5.64000, 51.
5.65000, 55.
5.66000, 59.
5.67000, 54.
5.68000, 81.
5.69000, 64.
5.70000, 83.
5.71000, 59.
5.72000, 66.
5.73000, 48.
5.74000, 62.
5.75000, 53.
5.76000, 78.
5.77000, 81.
5.78000, 80.
5.79000, 102.
5.80000, 97.
5.81000, 126.
5.82000, 127.
5.83000, 158.
5.84000, 182.
5.85000, 197.
5.86000, 201.
5.87000, 235.
5.88000, 257.
5.89000, 268.
5.90000, 264.
5.91000, 254.
5.92000, 201.
5.93000, 218.
5.94000, 202.
5.95000, 208.
5.96000, 175.
5.97000, 157.
5.98000, 153.
5.99000, 117.
6.00000, 120.
6.01000, 76.
6.02000, 79.
6.03000, 93.
6.04000, 66.
6.05000, 85.
6.06000, 75.
6.07000, 75.
6.08000, 70.
6.09000, 93.
6.10000, 83.
6.11000, 77.
6.12000, 83.
6.13000, 84.
6.14000, 71.
6.15000, 89.
6.16000, 110.
6.17000, 123.
6.18000, 158.
6.19000, 144.
6.20000, 160.
6.21000, 197.
6.22000, 268.
6.23000, 376.
6.24000, 507.
6.25000, 698.
6.26000, 906.
6.27000, 1368.
6.28000, 1787.
6.29000, 2292.
6.30000, 3066.
6.31000, 3934.
6.32000, 4825.
6.33000, 5973.
6.34000, 6978.
6.35000, 8074.
6.36000, 9117.
6.37000, 10070.
6.38000, 10696.
6.39000, 11060.
6.40000, 11225.
6.41000, 10974.
6.42000, 10580.
6.43000, 9760.
6.44000, 9079.
6.45000, 7954.
6.46000, 6954.
6.47000, 5836.
6.48000, 4823.
6.49000, 3995.
6.50000, 2980.
6.51000, 2284.
6.52000, 1743.
6.53000, 1281.
6.54000, 967.
6.55000, 618.
6.56000, 463.
6.57000, 346.
6.58000, 257.
6.59000, 220.
6.60000, 152.
6.61000, 144.
6.62000, 132.
6.63000, 113.
6.64000, 97.
6.65000, 110.
6.66000, 98.
6.67000, 95.
6.68000, 96.
6.69000, 98.
6.70000, 96.
6.71000, 100.
6.72000, 102.
6.73000, 103.
6.74000, 85.
6.75000, 89.
6.76000, 84.
6.77000, 89.
6.78000, 98.
6.79000, 102.
6.80000, 93.
6.81000, 123.
6.82000, 108.
6.83000, 132.
6.84000, 126.
6.85000, 142.
6.86000, 117.
6.87000, 152.
6.88000, 169.
6.89000, 218.
6.90000, 235.
6.91000, 282.
6.92000, 337.
6.93000, 401.
6.94000, 475.
6.95000, 550.
6.96000, 735.
6.97000, 828.
6.98000, 1033.
6.99000, 1162.
7.00000, 1310.
7.01000, 1462.
7.02000, 1573.
7.03000, 1744.
7.04000, 1753.
7.05000, 1760.
7.06000, 1810.
7.07000, 1762.
7.08000, 1685.
7.09000, 1493.
7.10000, 1442.
7.11000, 1269.
7.12000, 1156.
7.13000, 951.
7.14000, 783.
7.15000, 643.
7.16000, 554.
7.17000, 406.
7.18000, 325.
7.19000, 250.
7.20000, 191.
7.21000, 168.
7.22000, 153.
7.23000, 126.
7.24000, 117.
7.25000, 98.
7.26000, 87.
7.27000, 83.
7.28000, 80.
7.29000, 81.
7.30000, 79.
7.31000, 87.
7.32000, 75.
7.33000, 94.
7.34000, 85.
7.35000, 105.
7.36000, 101.
7.37000, 85.
7.38000, 97.
7.39000, 96.
7.40000, 98.
7.41000, 69.
7.42000, 84.
7.43000, 85.
7.44000, 73.
7.45000, 79.
7.46000, 94.
7.47000, 95.
7.48000, 98.
7.49000, 94.
7.50000, 72.
7.51000, 78.
7.52000, 81.
7.53000, 74.
7.54000, 85.
7.55000, 85.
7.56000, 78.
7.57000, 89.
7.58000, 69.
7.59000, 89.
7.60000, 90.
7.61000, 69.
7.62000, 69.
7.63000, 65.
7.64000, 56.
7.65000, 78.
7.66000, 71.
7.67000, 91.
7.68000, 78.
7.69000, 69.
7.70000, 66.
7.71000, 80.
7.72000, 66.
7.73000, 83.
7.74000, 77.
7.75000, 88.
7.76000, 83.
7.77000, 87.
7.78000, 84.
7.79000, 95.
7.80000, 81.
7.81000, 92.
7.82000, 85.
7.83000, 79.
7.84000, 108.
7.85000, 92.
7.86000, 95.
7.87000, 92.
7.88000, 111.
7.89000, 134.
7.90000, 141.
7.91000, 137.
7.92000, 136.
7.93000, 136.
7.94000, 123.
7.95000, 155.
7.96000, 169.
7.97000, 161.
7.98000, 173.
7.99000, 205.
8.00000, 191.
8.01000, 205.
8.02000, 213.
8.03000, 225.
8.04000, 218.
8.05000, 236.
8.06000, 255.
8.07000, 229.
8.08000, 205.
8.09000, 221.
8.10000, 191.
8.11000, 157.
8.12000, 189.
8.13000, 192.
8.14000, 178.
8.15000, 164.
8.16000, 150.
8.17000, 130.
8.18000, 149.
8.19000, 153.
8.20000, 159.
8.21000, 128.
8.22000, 125.
8.23000, 129.
8.24000, 119.
8.25000, 125.
8.26000, 114.
8.27000, 131.
8.28000, 111.
8.29000, 100.
8.30000, 114.
8.31000, 107.
8.32000, 118.
8.33000, 111.
8.34000, 116.
8.35000, 123.
8.36000, 115.
8.37000, 120.
8.38000, 115.
8.39000, 99.
8.40000, 117.
8.41000, 108.
8.42000, 97.
8.43000, 114.
8.44000, 145.
8.45000, 109.
8.46000, 109.
8.47000, 124.
8.48000, 156.
8.49000, 156.
8.50000, 163.
8.51000, 181.
8.52000, 192.
8.53000, 212.
8.54000, 218.
8.55000, 222.
8.56000, 248.
8.57000, 272.
8.58000, 271.
8.59000, 351.
8.60000, 336.
8.61000, 268.
8.62000, 376.
8.63000, 328.
8.64000, 327.
8.65000, 352.
8.66000, 343.
8.67000, 301.
8.68000, 292.
8.69000, 247.
8.70000, 206.
8.71000, 242.
8.72000, 217.
8.73000, 202.
8.74000, 194.
8.75000, 173.
8.76000, 141.
8.77000, 165.
8.78000, 158.
8.79000, 106.
8.80000, 126.
8.81000, 120.
8.82000, 139.
8.83000, 140.
8.84000, 139.
8.85000, 116.
8.86000, 124.
8.87000, 139.
8.88000, 140.
8.89000, 140.
8.90000, 127.
8.91000, 132.
8.92000, 154.
8.93000, 156.
8.94000, 145.
8.95000, 123.
8.96000, 137.
8.97000, 150.
8.98000, 131.
8.99000, 140.
9.00000, 121.
9.01000, 133.
9.02000, 139.
9.03000, 134.
9.04000, 136.
9.05000, 166.
9.06000, 140.
9.07000, 133.
9.08000, 142.
9.09000, 145.
9.10000, 173.
9.11000, 170.
9.12000, 166.
9.13000, 192.
9.14000, 195.
9.15000, 171.
9.16000, 200.
9.17000, 165.
9.18000, 163.
9.19000, 180.
9.20000, 182.
9.21000, 199.
9.22000, 195.
9.23000, 172.
9.24000, 171.
9.25000, 172.
9.26000, 178.
9.27000, 171.
9.28000, 166.
9.29000, 157.
9.30000, 156.
9.31000, 136.
9.32000, 141.
9.33000, 148.
9.34000, 170.
9.35000, 151.
9.36000, 157.
9.37000, 121.
9.38000, 132.
9.39000, 141.
9.40000, 141.
9.41000, 135.
9.42000, 154.
9.43000, 145.
9.44000, 154.
9.45000, 151.
9.46000, 140.
9.47000, 162.
9.48000, 154.
9.49000, 170.
9.50000, 164.
9.51000, 169.
9.52000, 190.
9.53000, 187.
9.54000, 162.
9.55000, 160.
9.56000, 157.
9.57000, 183.
9.58000, 168.
9.59000, 196.
9.60000, 155.
9.61000, 166.
9.62000, 150.
9.63000, 174.
9.64000, 166.
9.65000, 179.
9.66000, 172.
9.67000, 154.
9.68000, 147.
9.69000, 145.
9.70000, 151.
9.71000, 154.
9.72000, 143.
9.73000, 126.
9.74000, 155.
9.75000, 133.
9.76000, 146.
9.77000, 131.
9.78000, 148.
9.79000, 128.
9.80000, 142.
9.81000, 138.
9.82000, 130.
9.83000, 141.
9.84000, 141.
9.85000, 120.
9.86000, 151.
9.87000, 154.
9.88000, 138.
9.89000, 158.
9.90000, 124.
9.91000, 149.
9.92000, 153.
9.93000, 151.
9.94000, 150.
9.95000, 156.
9.96000, 150.
9.97000, 148.
9.98000, 153.
9.99000, 143.
10.00000, 127.
10.01000, 134.
10.02000, 154.
10.03000, 138.
10.04000, 159.
10.05000, 139.
10.06000, 130.
10.07000, 131.
10.08000, 167.
10.09000, 148.
10.10000, 142.
10.11000, 139.
10.12000, 127.
10.13000, 159.
10.14000, 159.
10.15000, 134.
10.16000, 135.
10.17000, 120.
10.18000, 130.
10.19000, 135.
10.20000, 148.
10.21000, 143.
10.22000, 167.
10.23000, 155.
10.24000, 176.
10.25000, 157.
10.26000, 136.
10.27000, 156.
10.28000, 170.
10.29000, 127.
10.30000, 174.
10.31000, 208.
10.32000, 187.
10.33000, 226.
10.34000, 246.
10.35000, 251.
10.36000, 278.
10.37000, 313.
10.38000, 360.
10.39000, 409.
10.40000, 476.
10.41000, 497.
10.42000, 589.
10.43000, 686.
10.44000, 751.
10.45000, 807.
10.46000, 950.
10.47000, 970.
10.48000, 1093.
10.49000, 1172.
10.50000, 1239.
10.51000, 1345.
10.52000, 1404.
10.53000, 1412.
10.54000, 1389.
10.55000, 1499.
10.56000, 1378.
10.57000, 1299.
10.58000, 1248.
10.59000, 1200.
10.60000, 1092.
10.61000, 1026.
10.62000, 944.
10.63000, 789.
10.64000, 695.
10.65000, 594.
10.66000, 539.
10.67000, 502.
10.68000, 386.
10.69000, 354.
10.70000, 323.
10.71000, 275.
10.72000, 231.
10.73000, 244.
10.74000, 204.
10.75000, 185.
10.76000, 190.
10.77000, 173.
10.78000, 161.
10.79000, 161.
10.80000, 186.
10.81000, 158.
10.82000, 165.
10.83000, 160.
10.84000, 160.
10.85000, 144.
10.86000, 138.
10.87000, 171.
10.88000, 158.
10.89000, 145.
10.90000, 146.
10.91000, 161.
10.92000, 144.
10.93000, 159.
10.94000, 148.
10.95000, 169.
10.96000, 145.
10.97000, 165.
10.98000, 157.
10.99000, 157.
11.00000, 156.
11.01000, 147.
11.02000, 144.
11.03000, 155.
11.04000, 147.
11.05000, 155.
11.06000, 162.
11.07000, 142.
11.08000, 159.
11.09000, 154.
11.10000, 162.
11.11000, 154.
11.12000, 164.
11.13000, 137.
11.14000, 146.
11.15000, 137.
11.16000, 172.
11.17000, 145.
11.18000, 144.
11.19000, 148.
11.20000, 155.
11.21000, 156.
11.22000, 192.
11.23000, 167.
11.24000, 165.
11.25000, 172.
11.26000, 168.
11.27000, 160.
11.28000, 177.
11.29000, 168.
11.30000, 170.
11.31000, 169.
11.32000, 171.
11.33000, 153.
11.34000, 177.
11.35000, 199.
11.36000, 190.
11.37000, 178.
11.38000, 163.
11.39000, 175.
11.40000, 160.
11.41000, 155.
11.42000, 202.
11.43000, 173.
11.44000, 173.
11.45000, 175.
11.46000, 158.
11.47000, 190.
11.48000, 166.
11.49000, 191.
11.50000, 149.
11.51000, 174.
11.52000, 154.
11.53000, 159.
11.54000, 165.
11.55000, 159.
11.56000, 148.
11.57000, 167.
11.58000, 155.
11.59000, 200.
11.60000, 145.
11.61000, 138.
11.62000, 161.
11.63000, 174.
11.64000, 167.
11.65000, 164.
11.66000, 134.
11.67000, 161.
11.68000, 134.
11.69000, 177.
11.70000, 134.
11.71000, 156.
11.72000, 149.
11.73000, 163.
11.74000, 145.
11.75000, 156.
11.76000, 163.
11.77000, 168.
11.78000, 160.
11.79000, 174.
11.80000, 158.
11.81000, 175.
11.82000, 143.
11.83000, 168.
11.84000, 147.
11.85000, 183.
11.86000, 184.
11.87000, 166.
11.88000, 160.
11.89000, 181.
11.90000, 151.
11.91000, 161.
11.92000, 191.
11.93000, 162.
11.94000, 183.
11.95000, 167.
11.96000, 188.
11.97000, 153.
11.98000, 199.
11.99000, 167.
12.00000, 179.
12.01000, 160.
12.02000, 163.
12.03000, 199.
12.04000, 184.
12.05000, 180.
12.06000, 172.
12.07000, 190.
12.08000, 186.
12.09000, 199.
12.10000, 187.
12.11000, 207.
12.12000, 210.
12.13000, 210.
12.14000, 197.
12.15000, 229.
12.16000, 230.
12.17000, 219.
12.18000, 169.
12.19000, 224.
12.20000, 227.
12.21000, 211.
12.22000, 193.
12.23000, 232.
12.24000, 250.
12.25000, 216.
12.26000, 232.
12.27000, 250.
12.28000, 246.
12.29000, 243.
12.30000, 227.
12.31000, 224.
12.32000, 235.
12.33000, 258.
12.34000, 242.
12.35000, 223.
12.36000, 203.
12.37000, 227.
12.38000, 242.
12.39000, 277.
12.40000, 272.
12.41000, 283.
12.42000, 272.
12.43000, 304.
12.44000, 377.
12.45000, 345.
12.46000, 399.
12.47000, 509.
12.48000, 524.
12.49000, 634.
12.50000, 653.
12.51000, 757.
12.52000, 903.
12.53000, 889.
12.54000, 1007.
12.55000, 1023.
12.56000, 1165.
12.57000, 1183.
12.58000, 1218.
12.59000, 1182.
12.60000, 1309.
12.61000, 1321.
12.62000, 1280.
12.63000, 1213.
12.64000, 1232.
12.65000, 1129.
12.66000, 1048.
12.67000, 1127.
12.68000, 1014.
12.69000, 889.
12.70000, 807.
12.71000, 753.
12.72000, 683.
12.73000, 573.
12.74000, 506.
12.75000, 479.
12.76000, 459.
12.77000, 417.
12.78000, 387.
12.79000, 357.
12.80000, 368.
12.81000, 321.
12.82000, 298.
12.83000, 278.
12.84000, 285.
12.85000, 295.
12.86000, 274.
12.87000, 248.
12.88000, 233.
12.89000, 235.
12.90000, 208.
12.91000, 224.
12.92000, 229.
12.93000, 217.
12.94000, 235.
12.95000, 210.
12.96000, 236.
12.97000, 219.
12.98000, 217.
12.99000, 213.
13.00000, 235.
13.01000, 235.
13.02000, 208.
13.03000, 240.
13.04000, 240.
13.05000, 197.
13.06000, 222.
13.07000, 189.
13.08000, 228.
13.09000, 216.
13.10000, 213.
13.11000, 180.
13.12000, 179.
13.13000, 170.
13.14000, 178.
13.15000, 190.
13.16000, 196.
13.17000, 184.
13.18000, 192.
13.19000, 208.
13.20000, 200.
13.21000, 191.
13.22000, 182.
13.23000, 190.
13.24000, 196.
13.25000, 187.
13.26000, 193.
13.27000, 236.
13.28000, 230.
13.29000, 232.
13.30000, 233.
13.31000, 219.
13.32000, 235.
13.33000, 241.
13.34000, 268.
13.35000, 267.
13.36000, 303.
13.37000, 259.
13.38000, 222.
13.39000, 240.
13.40000, 229.
13.41000, 250.
13.42000, 241.
13.43000, 219.
13.44000, 221.
13.45000, 203.
13.46000, 200.
13.47000, 213.
13.48000, 182.
13.49000, 196.
13.50000, 206.
13.51000, 202.
13.52000, 173.
13.53000, 191.
13.54000, 173.
13.55000, 185.
13.56000, 156.
13.57000, 164.
13.58000, 181.
13.59000, 186.
13.60000, 171.
13.61000, 176.
13.62000, 173.
13.63000, 159.
13.64000, 158.
13.65000, 171.
13.66000, 160.
13.67000, 166.
13.68000, 166.
13.69000, 162.
13.70000, 182.
13.71000, 159.
13.72000, 172.
13.73000, 146.
13.74000, 155.
13.75000, 170.
13.76000, 167.
13.77000, 160.
13.78000, 172.
13.79000, 185.
13.80000, 194.
13.81000, 162.
13.82000, 175.
13.83000, 188.
13.84000, 186.
13.85000, 182.
13.86000, 175.
13.87000, 159.
13.88000, 176.
13.89000, 165.
13.90000, 174.
13.91000, 164.
13.92000, 164.
13.93000, 198.
13.94000, 165.
13.95000, 161.
13.96000, 183.
13.97000, 169.
13.98000, 203.
13.99000, 219.
14.00000, 207.
14.01000, 206.
14.02000, 216.
14.03000, 236.
14.04000, 233.
14.05000, 272.
14.06000, 276.
14.07000, 294.
14.08000, 281.
14.09000, 304.
14.10000, 294.
14.11000, 308.
14.12000, 320.
14.13000, 298.
14.14000, 301.
14.15000, 304.
14.16000, 305.
14.17000, 285.
14.18000, 291.
14.19000, 322.
14.20000, 275.
14.21000, 257.
14.22000, 239.
14.23000, 229.
14.24000, 230.
14.25000, 188.
14.26000, 219.
14.27000, 215.
14.28000, 230.
14.29000, 201.
14.30000, 152.
14.31000, 206.
14.32000, 186.
14.33000, 186.
14.34000, 185.
14.35000, 188.
14.36000, 160.
14.37000, 174.
14.38000, 160.
14.39000, 175.
14.40000, 160.
14.41000, 162.
14.42000, 168.
14.43000, 171.
14.44000, 172.
14.45000, 156.
14.46000, 155.
14.47000, 149.
14.48000, 156.
14.49000, 172.
14.50000, 171.
14.51000, 176.
14.52000, 150.
14.53000, 178.
14.54000, 185.
14.55000, 166.
14.56000, 211.
14.57000, 202.
14.58000, 201.
14.59000, 180.
14.60000, 200.
14.61000, 219.
14.62000, 224.
14.63000, 219.
14.64000, 224.
14.65000, 281.
14.66000, 247.
14.67000, 256.
14.68000, 307.
14.69000, 311.
14.70000, 335.
14.71000, 348.
14.72000, 306.
14.73000, 314.
14.74000, 339.
14.75000, 355.
14.76000, 370.
14.77000, 320.
14.78000, 333.
14.79000, 300.
14.80000, 332.
14.81000, 329.
14.82000, 306.
14.83000, 277.
14.84000, 288.
14.85000, 259.
14.86000, 272.
14.87000, 271.
14.88000, 237.
14.89000, 250.
14.90000, 234.
14.91000, 240.
14.92000, 225.
14.93000, 256.
14.94000, 237.
14.95000, 237.
14.96000, 208.
14.97000, 213.
14.98000, 210.
14.99000, 245.
15.00000, 223.
15.01000, 222.
15.02000, 221.
15.03000, 217.
15.04000, 219.
15.05000, 205.
15.06000, 221.
15.07000, 194.
15.08000, 233.
15.09000, 220.
15.10000, 235.
15.11000, 188.
15.12000, 218.
15.13000, 210.
15.14000, 213.
15.15000, 202.
15.16000, 216.
15.17000, 240.
15.18000, 211.
15.19000, 223.
15.20000, 205.
15.21000, 182.
15.22000, 184.
15.23000, 187.
15.24000, 194.
15.25000, 175.
15.26000, 217.
15.27000, 178.
15.28000, 179.
15.29000, 159.
15.30000, 177.
15.31000, 181.
15.32000, 173.
15.33000, 185.
15.34000, 159.
15.35000, 170.
15.36000, 156.
15.37000, 148.
15.38000, 156.
15.39000, 167.
15.40000, 161.
15.41000, 146.
15.42000, 157.
15.43000, 153.
15.44000, 190.
15.45000, 179.
15.46000, 160.
15.47000, 161.
15.48000, 175.
15.49000, 180.
15.50000, 184.
15.51000, 211.
15.52000, 149.
15.53000, 190.
15.54000, 199.
15.55000, 204.
15.56000, 214.
15.57000, 230.
15.58000, 270.
15.59000, 270.
15.60000, 284.
15.61000, 304.
15.62000, 322.
15.63000, 309.
15.64000, 358.
15.65000, 364.
15.66000, 378.
15.67000, 390.
15.68000, 376.
15.69000, 426.
15.70000, 436.
15.71000, 479.
15.72000, 464.
15.73000, 459.
15.74000, 440.
15.75000, 439.
15.76000, 473.
15.77000, 430.
15.78000, 401.
15.79000, 405.
15.80000, 390.
15.81000, 376.
15.82000, 327.
15.83000, 381.
15.84000, 353.
15.85000, 302.
15.86000, 292.
15.87000, 273.
15.88000, 245.
15.89000, 228.
15.90000, 215.
15.91000, 219.
15.92000, 211.
15.93000, 190.
15.94000, 191.
15.95000, 178.
15.96000, 189.
15.97000, 167.
15.98000, 163.
15.99000, 183.
16.00000, 162.
16.01000, 159.
16.02000, 178.
16.03000, 158.
16.04000, 168.
16.05000, 169.
16.06000, 164.
16.07000, 185.
16.08000, 187.
16.09000, 175.
16.10000, 166.
16.11000, 166.
16.12000, 147.
16.13000, 156.
16.14000, 138.
16.15000, 171.
16.16000, 178.
16.17000, 153.
16.18000, 138.
16.19000, 160.
16.20000, 158.
16.21000, 168.
16.22000, 161.
16.23000, 147.
16.24000, 162.
16.25000, 168.
16.26000, 160.
16.27000, 150.
16.28000, 161.
16.29000, 176.
16.30000, 139.
16.31000, 160.
16.32000, 159.
16.33000, 171.
16.34000, 150.
16.35000, 158.
16.36000, 162.
16.37000, 162.
16.38000, 148.
16.39000, 156.
16.40000, 164.
16.41000, 194.
16.42000, 140.
16.43000, 174.
16.44000, 180.
16.45000, 158.
16.46000, 170.
16.47000, 139.
16.48000, 153.
16.49000, 166.
16.50000, 173.
16.51000, 175.
16.52000, 186.
16.53000, 180.
16.54000, 197.
16.55000, 172.
16.56000, 178.
16.57000, 171.
16.58000, 186.
16.59000, 170.
16.60000, 170.
16.61000, 173.
16.62000, 149.
16.63000, 166.
16.64000, 166.
16.65000, 199.
16.66000, 175.
16.67000, 171.
16.68000, 158.
16.69000, 169.
16.70000, 157.
16.71000, 176.
16.72000, 163.
16.73000, 173.
16.74000, 197.
16.75000, 171.
16.76000, 145.
16.77000, 162.
16.78000, 154.
16.79000, 155.
16.80000, 160.
16.81000, 158.
16.82000, 164.
16.83000, 160.
16.84000, 153.
16.85000, 162.
16.86000, 163.
16.87000, 154.
16.88000, 166.
16.89000, 168.
16.90000, 164.
16.91000, 166.
16.92000, 161.
16.93000, 141.
16.94000, 144.
16.95000, 158.
16.96000, 128.
16.97000, 162.
16.98000, 153.
16.99000, 148.
17.00000, 171.
17.01000, 153.
17.02000, 150.
17.03000, 156.
17.04000, 157.
17.05000, 171.
17.06000, 173.
17.07000, 143.
17.08000, 179.
17.09000, 166.
17.10000, 179.
17.11000, 156.
17.12000, 159.
17.13000, 145.
17.14000, 156.
17.15000, 161.
17.16000, 167.
17.17000, 141.
17.18000, 175.
17.19000, 161.
17.20000, 174.
17.21000, 144.
17.22000, 183.
17.23000, 165.
17.24000, 199.
17.25000, 141.
17.26000, 162.
17.27000, 166.
17.28000, 166.
17.29000, 169.
17.30000, 171.
17.31000, 176.
17.32000, 178.
17.33000, 148.
17.34000, 183.
17.35000, 154.
17.36000, 177.
17.37000, 166.
17.38000, 207.
17.39000, 180.
17.40000, 152.
17.41000, 170.
17.42000, 177.
17.43000, 190.
17.44000, 197.
17.45000, 189.
17.46000, 167.
17.47000, 178.
17.48000, 201.
17.49000, 196.
17.50000, 215.
17.51000, 201.
17.52000, 206.
17.53000, 207.
17.54000, 217.
17.55000, 186.
17.56000, 215.
17.57000, 201.
17.58000, 217.
17.59000, 239.
17.60000, 222.
17.61000, 237.
17.62000, 228.
17.63000, 262.
17.64000, 233.
17.65000, 211.
17.66000, 224.
17.67000, 250.
17.68000, 224.
17.69000, 230.
17.70000, 201.
17.71000, 241.
17.72000, 222.
17.73000, 238.
17.74000, 218.
17.75000, 202.
17.76000, 215.
17.77000, 208.
17.78000, 217.
17.79000, 210.
17.80000, 229.
17.81000, 220.
17.82000, 194.
17.83000, 246.
17.84000, 208.
17.85000, 218.
17.86000, 237.
17.87000, 214.
17.88000, 222.
17.89000, 218.
17.90000, 201.
17.91000, 208.
17.92000, 238.
17.93000, 249.
17.94000, 238.
17.95000, 223.
17.96000, 211.
17.97000, 237.
17.98000, 274.
17.99000, 215.
18.00000, 239.
18.01000, 268.
18.02000, 235.
18.03000, 250.
18.04000, 261.
18.05000, 233.
18.06000, 253.
18.07000, 255.
18.08000, 240.
18.09000, 254.
18.10000, 245.
18.11000, 250.
18.12000, 232.
18.13000, 282.
18.14000, 296.
18.15000, 290.
18.16000, 273.
18.17000, 277.
18.18000, 287.
18.19000, 279.
18.20000, 306.
18.21000, 292.
18.22000, 270.
18.23000, 291.
18.24000, 322.
18.25000, 301.
18.26000, 354.
18.27000, 330.
18.28000, 328.
18.29000, 362.
18.30000, 352.
18.31000, 378.
18.32000, 352.
18.33000, 358.
18.34000, 353.
18.35000, 417.
18.36000, 405.
18.37000, 420.
18.38000, 414.
18.39000, 423.
18.40000, 450.
18.41000, 458.
18.42000, 480.
18.43000, 518.
18.44000, 522.
18.45000, 498.
18.46000, 558.
18.47000, 560.
18.48000, 553.
18.49000, 597.
18.50000, 590.
18.51000, 607.
18.52000, 635.
18.53000, 683.
18.54000, 662.
18.55000, 639.
18.56000, 698.
18.57000, 732.
18.58000, 723.
18.59000, 794.
18.60000, 710.
18.61000, 775.
18.62000, 835.
18.63000, 830.
18.64000, 839.
18.65000, 824.
18.66000, 881.
18.67000, 845.
18.68000, 932.
18.69000, 885.
18.70000, 926.
18.71000, 936.
18.72000, 876.
18.73000, 957.
18.74000, 961.
18.75000, 935.
18.76000, 946.
18.77000, 924.
18.78000, 967.
18.79000, 991.
18.80000, 986.
18.81000, 934.
18.82000, 1021.
18.83000, 1011.
18.84000, 980.
18.85000, 919.
18.86000, 903.
18.87000, 940.
18.88000, 913.
18.89000, 919.
18.90000, 873.
18.91000, 846.
18.92000, 903.
18.93000, 858.
18.94000, 860.
18.95000, 827.
18.96000, 847.
18.97000, 809.
18.98000, 797.
18.99000, 800.
19.00000, 780.
19.01000, 688.
19.02000, 715.
19.03000, 673.
19.04000, 676.
19.05000, 689.
19.06000, 695.
19.07000, 621.
19.08000, 646.
19.09000, 619.
19.10000, 566.
19.11000, 570.
19.12000, 593.
19.13000, 528.
19.14000, 560.
19.15000, 531.
19.16000, 505.
19.17000, 510.
19.18000, 455.
19.19000, 474.
19.20000, 480.
19.21000, 461.
19.22000, 447.
19.23000, 406.
19.24000, 386.
19.25000, 391.
19.26000, 388.
19.27000, 384.
19.28000, 367.
19.29000, 364.
19.30000, 352.
19.31000, 343.
19.32000, 329.
19.33000, 317.
19.34000, 331.
19.35000, 292.
19.36000, 354.
19.37000, 297.
19.38000, 304.
19.39000, 280.
19.40000, 265.
19.41000, 260.
19.42000, 261.
19.43000, 278.
19.44000, 238.
19.45000, 256.
19.46000, 248.
19.47000, 254.
19.48000, 230.
19.49000, 262.
19.50000, 253.
19.51000, 229.
19.52000, 237.
19.53000, 244.
19.54000, 224.
19.55000, 242.
19.56000, 226.
19.57000, 223.
19.58000, 206.
19.59000, 225.
19.60000, 221.
19.61000, 212.
19.62000, 212.
19.63000, 186.
19.64000, 193.
19.65000, 202.
19.66000, 205.
19.67000, 197.
19.68000, 183.
19.69000, 192.
19.70000, 205.
19.71000, 179.
19.72000, 196.
19.73000, 184.
19.74000, 219.
19.75000, 209.
19.76000, 196.
19.77000, 202.
19.78000, 190.
19.79000, 191.
19.80000, 167.
19.81000, 203.
19.82000, 182.
19.83000, 178.
19.84000, 185.
19.85000, 205.
19.86000, 216.
19.87000, 196.
19.88000, 222.
19.89000, 249.
19.90000, 269.
19.91000, 244.
19.92000, 263.
19.93000, 270.
19.94000, 270.
19.95000, 286.
19.96000, 327.
19.97000, 321.
19.98000, 359.
19.99000, 354.
20.00000, 356.
20.01000, 423.
20.02000, 429.
20.03000, 432.
20.04000, 451.
20.05000, 508.
20.06000, 489.
20.07000, 531.
20.08000, 532.
20.09000, 590.
20.10000, 562.
20.11000, 541.
20.12000, 545.
20.13000, 568.
20.14000, 588.
20.15000, 587.
20.16000, 617.
20.17000, 544.
20.18000, 572.
20.19000, 606.
20.20000, 563.
20.21000, 532.
20.22000, 516.
20.23000, 487.
20.24000, 436.
20.25000, 455.
20.26000, 404.
20.27000, 397.
20.28000, 382.
20.29000, 344.
20.30000, 317.
20.31000, 309.
20.32000, 302.
20.33000, 278.
20.34000, 262.
20.35000, 249.
20.36000, 250.
20.37000, 222.
20.38000, 209.
20.39000, 190.
20.40000, 176.
20.41000, 178.
20.42000, 201.
20.43000, 172.
20.44000, 221.
20.45000, 164.
20.46000, 160.
20.47000, 166.
20.48000, 182.
20.49000, 164.
20.50000, 161.
20.51000, 171.
20.52000, 168.
20.53000, 169.
20.54000, 183.
20.55000, 165.
20.56000, 163.
20.57000, 155.
20.58000, 182.
20.59000, 153.
20.60000, 190.
20.61000, 181.
20.62000, 177.
20.63000, 200.
20.64000, 212.
20.65000, 188.
20.66000, 202.
20.67000, 192.
20.68000, 204.
20.69000, 207.
20.70000, 202.
20.71000, 202.
20.72000, 201.
20.73000, 224.
20.74000, 216.
20.75000, 234.
20.76000, 211.
20.77000, 216.
20.78000, 214.
20.79000, 242.
20.80000, 251.
20.81000, 233.
20.82000, 263.
20.83000, 250.
20.84000, 236.
20.85000, 213.
20.86000, 254.
20.87000, 260.
20.88000, 247.
20.89000, 226.
20.90000, 262.
20.91000, 255.
20.92000, 257.
20.93000, 273.
20.94000, 242.
20.95000, 269.
20.96000, 263.
20.97000, 245.
20.98000, 246.
20.99000, 233.
21.00000, 258.
21.01000, 264.
21.02000, 258.
21.03000, 241.
21.04000, 268.
21.05000, 250.
21.06000, 248.
21.07000, 244.
21.08000, 253.
21.09000, 253.
21.10000, 260.
21.11000, 228.
21.12000, 240.
21.13000, 247.
21.14000, 234.
21.15000, 256.
21.16000, 244.
21.17000, 262.
21.18000, 207.
21.19000, 230.
21.20000, 198.
21.21000, 219.
21.22000, 246.
21.23000, 226.
21.24000, 269.
21.25000, 235.
21.26000, 202.
21.27000, 226.
21.28000, 205.
21.29000, 189.
21.30000, 209.
21.31000, 204.
21.32000, 200.
21.33000, 205.
21.34000, 203.
21.35000, 192.
21.36000, 202.
21.37000, 187.
21.38000, 173.
21.39000, 177.
21.40000, 172.
21.41000, 168.
21.42000, 172.
21.43000, 176.
21.44000, 184.
21.45000, 165.
21.46000, 190.
21.47000, 154.
21.48000, 153.
21.49000, 163.
21.50000, 157.
21.51000, 127.
21.52000, 147.
21.53000, 152.
21.54000, 155.
21.55000, 146.
21.56000, 120.
21.57000, 151.
21.58000, 152.
21.59000, 136.
21.60000, 139.
21.61000, 122.
21.62000, 145.
21.63000, 126.
21.64000, 147.
21.65000, 127.
21.66000, 138.
21.67000, 131.
21.68000, 122.
21.69000, 120.
21.70000, 122.
21.71000, 118.
21.72000, 144.
21.73000, 127.
21.74000, 125.
21.75000, 115.
21.76000, 112.
21.77000, 112.
21.78000, 116.
21.79000, 110.
21.80000, 125.
21.81000, 125.
21.82000, 132.
21.83000, 109.
21.84000, 116.
21.85000, 107.
21.86000, 123.
21.87000, 113.
21.88000, 106.
21.89000, 99.
21.90000, 106.
21.91000, 99.
21.92000, 124.
21.93000, 90.
21.94000, 121.
21.95000, 105.
21.96000, 83.
21.97000, 94.
21.98000, 101.
21.99000, 94.
22.00000, 128.
22.01000, 110.
22.02000, 97.
22.03000, 106.
22.04000, 87.
22.05000, 95.
22.06000, 101.
22.07000, 106.
22.08000, 96.
22.09000, 100.
22.10000, 105.
22.11000, 93.
22.12000, 89.
22.13000, 98.
22.14000, 105.
22.15000, 85.
22.16000, 101.
22.17000, 102.
22.18000, 97.
22.19000, 90.
22.20000, 91.
22.21000, 99.
22.22000, 87.
22.23000, 98.
22.24000, 76.
22.25000, 91.
22.26000, 81.
22.27000, 82.
22.28000, 89.
22.29000, 115.
22.30000, 83.
22.31000, 72.
22.32000, 79.
22.33000, 92.
22.34000, 80.
22.35000, 93.
22.36000, 93.
22.37000, 85.
22.38000, 87.
22.39000, 89.
22.40000, 80.
22.41000, 101.
22.42000, 79.
22.43000, 89.
22.44000, 81.
22.45000, 92.
22.46000, 95.
22.47000, 92.
22.48000, 101.
22.49000, 94.
22.50000, 110.
22.51000, 97.
22.52000, 105.
22.53000, 123.
22.54000, 104.
22.55000, 113.
22.56000, 105.
22.57000, 127.
22.58000, 134.
22.59000, 129.
22.60000, 128.
22.61000, 136.
22.62000, 140.
22.63000, 140.
22.64000, 138.
22.65000, 140.
22.66000, 148.
22.67000, 128.
22.68000, 149.
22.69000, 161.
22.70000, 129.
22.71000, 141.
22.72000, 139.
22.73000, 138.
22.74000, 141.
22.75000, 134.
22.76000, 120.
22.77000, 120.
22.78000, 126.
22.79000, 124.
22.80000, 118.
22.81000, 124.
22.82000, 114.
22.83000, 97.
22.84000, 101.
22.85000, 100.
22.86000, 108.
22.87000, 80.
22.88000, 99.
22.89000, 71.
22.90000, 98.
22.91000, 103.
22.92000, 80.
22.93000, 108.
22.94000, 76.
22.95000, 83.
22.96000, 95.
22.97000, 85.
22.98000, 98.
22.99000, 92.
23.00000, 74.
23.01000, 91.
23.02000, 78.
23.03000, 82.
23.04000, 79.
23.05000, 95.
23.06000, 78.
23.07000, 94.
23.08000, 94.
23.09000, 91.
23.10000, 87.
23.11000, 94.
23.12000, 80.
23.13000, 92.
23.14000, 91.
23.15000, 89.
23.16000, 70.
23.17000, 94.
23.18000, 77.
23.19000, 88.
23.20000, 81.
23.21000, 74.
23.22000, 83.
23.23000, 105.
23.24000, 76.
23.25000, 69.
23.26000, 107.
23.27000, 68.
23.28000, 87.
23.29000, 72.
23.30000, 88.
23.31000, 82.
23.32000, 83.
23.33000, 72.
23.34000, 85.
23.35000, 58.
23.36000, 73.
23.37000, 73.
23.38000, 78.
23.39000, 70.
23.40000, 78.
23.41000, 70.
23.42000, 82.
23.43000, 80.
23.44000, 88.
23.45000, 87.
23.46000, 75.
23.47000, 67.
23.48000, 60.
23.49000, 85.
23.50000, 65.
23.51000, 72.
23.52000, 81.
23.53000, 74.
23.54000, 67.
23.55000, 77.
23.56000, 94.
23.57000, 66.
23.58000, 72.
23.59000, 78.
23.60000, 75.
23.61000, 72.
23.62000, 78.
23.63000, 72.
23.64000, 62.
23.65000, 68.
23.66000, 94.
23.67000, 67.
23.68000, 85.
23.69000, 76.
23.70000, 73.
23.71000, 86.
23.72000, 62.
23.73000, 77.
23.74000, 62.
23.75000, 50.
23.76000, 81.
23.77000, 57.
23.78000, 64.
23.79000, 83.
23.80000, 72.
23.81000, 64.
23.82000, 82.
23.83000, 86.
23.84000, 79.
23.85000, 84.
23.86000, 74.
23.87000, 63.
23.88000, 62.
23.89000, 73.
23.90000, 80.
23.91000, 77.
23.92000, 69.
23.93000, 63.
23.94000, 83.
23.95000, 70.
23.96000, 71.
23.97000, 71.
23.98000, 68.
23.99000, 74.
24.00000, 69.
24.01000, 69.
24.02000, 62.
24.03000, 69.
24.04000, 58.
24.05000, 67.
24.06000, 61.
24.07000, 61.
24.08000, 56.
24.09000, 69.
24.10000, 67.
24.11000, 64.
24.12000, 64.
24.13000, 64.
24.14000, 65.
24.15000, 55.
24.16000, 81.
24.17000, 73.
24.18000, 65.
24.19000, 66.
24.20000, 78.
24.21000, 64.
24.22000, 62.
24.23000, 83.
24.24000, 51.
24.25000, 69.
24.26000, 85.
24.27000, 71.
24.28000, 73.
24.29000, 74.
24.30000, 62.
24.31000, 64.
24.32000, 71.
24.33000, 75.
24.34000, 76.
24.35000, 65.
24.36000, 59.
24.37000, 71.
24.38000, 67.
24.39000, 60.
24.40000, 64.
24.41000, 70.
24.42000, 54.
24.43000, 71.
24.44000, 63.
24.45000, 53.
24.46000, 94.
24.47000, 64.
24.48000, 84.
24.49000, 75.
24.50000, 67.
24.51000, 67.
24.52000, 79.
24.53000, 77.
24.54000, 64.
24.55000, 67.
24.56000, 64.
24.57000, 81.
24.58000, 70.
24.59000, 76.
24.60000, 68.
24.61000, 59.
24.62000, 66.
24.63000, 64.
24.64000, 77.
24.65000, 63.
24.66000, 58.
24.67000, 69.
24.68000, 70.
24.69000, 79.
24.70000, 54.
24.71000, 68.
24.72000, 60.
24.73000, 56.
24.74000, 65.
24.75000, 58.
24.76000, 59.
24.77000, 59.
24.78000, 58.
24.79000, 68.
24.80000, 73.
24.81000, 79.
24.82000, 54.
24.83000, 49.
24.84000, 71.
24.85000, 78.
24.86000, 63.
24.87000, 73.
24.88000, 72.
24.89000, 60.
24.90000, 72.
24.91000, 64.
24.92000, 77.
24.93000, 76.
24.94000, 64.
24.95000, 70.
24.96000, 68.
24.97000, 63.
24.98000, 83.
24.99000, 74.
25.00000, 76.
25.01000, 66.
25.02000, 78.
25.03000, 66.
25.04000, 85.
25.05000, 73.
25.06000, 72.
25.07000, 77.
25.08000, 60.
25.09000, 84.
25.10000, 85.
25.11000, 58.
25.12000, 70.
25.13000, 78.
25.14000, 70.
25.15000, 64.
25.16000, 83.
25.17000, 80.
25.18000, 80.
25.19000, 72.
25.20000, 65.
25.21000, 61.
25.22000, 69.
25.23000, 76.
25.24000, 75.
25.25000, 70.
25.26000, 73.
25.27000, 61.
25.28000, 81.
25.29000, 65.
25.30000, 73.
25.31000, 83.
25.32000, 70.
25.33000, 77.
25.34000, 56.
25.35000, 56.
25.36000, 86.
25.37000, 68.
25.38000, 89.
25.39000, 69.
25.40000, 73.
25.41000, 65.
25.42000, 66.
25.43000, 60.
25.44000, 76.
25.45000, 77.
25.46000, 63.
25.47000, 72.
25.48000, 65.
25.49000, 67.
25.50000, 73.
25.51000, 63.
25.52000, 66.
25.53000, 58.
25.54000, 67.
25.55000, 70.
25.56000, 71.
25.57000, 58.
25.58000, 69.
25.59000, 70.
25.60000, 46.
25.61000, 50.
25.62000, 53.
25.63000, 60.
25.64000, 68.
25.65000, 84.
25.66000, 76.
25.67000, 81.
25.68000, 56.
25.69000, 66.
25.70000, 75.
25.71000, 55.
25.72000, 44.
25.73000, 69.
25.74000, 60.
25.75000, 59.
25.76000, 54.
25.77000, 66.
25.78000, 76.
25.79000, 65.
25.80000, 58.
25.81000, 50.
25.82000, 65.
25.83000, 69.
25.84000, 59.
25.85000, 65.
25.86000, 64.
25.87000, 67.
25.88000, 57.
25.89000, 57.
25.90000, 65.
25.91000, 72.
25.92000, 65.
25.93000, 71.
25.94000, 63.
25.95000, 80.
25.96000, 54.
25.97000, 64.
25.98000, 52.
25.99000, 52.
26.00000, 57.
26.01000, 54.
26.02000, 47.
26.03000, 51.
26.04000, 52.
26.05000, 48.
26.06000, 50.
26.07000, 56.
26.08000, 67.
26.09000, 52.
26.10000, 58.
26.11000, 62.
26.12000, 54.
26.13000, 49.
26.14000, 46.
26.15000, 68.
26.16000, 59.
26.17000, 55.
26.18000, 52.
26.19000, 51.
26.20000, 64.
26.21000, 51.
26.22000, 45.
26.23000, 49.
26.24000, 66.
26.25000, 56.
26.26000, 58.
26.27000, 61.
26.28000, 65.
26.29000, 58.
26.30000, 55.
26.31000, 52.
26.32000, 64.
26.33000, 59.
26.34000, 51.
26.35000, 60.
26.36000, 56.
26.37000, 63.
26.38000, 46.
26.39000, 56.
26.40000, 68.
26.41000, 66.
26.42000, 60.
26.43000, 52.
26.44000, 51.
26.45000, 53.
26.46000, 64.
26.47000, 58.
26.48000, 77.
26.49000, 53.
26.50000, 56.
26.51000, 58.
26.52000, 62.
26.53000, 74.
26.54000, 55.
26.55000, 56.
26.56000, 62.
26.57000, 74.
26.58000, 61.
26.59000, 51.
26.60000, 50.
26.61000, 66.
26.62000, 57.
26.63000, 56.
26.64000, 45.
26.65000, 53.
26.66000, 53.
26.67000, 50.
26.68000, 54.
26.69000, 54.
26.70000, 47.
26.71000, 57.
26.72000, 66.
26.73000, 51.
26.74000, 56.
26.75000, 56.
26.76000, 39.
26.77000, 54.
26.78000, 46.
26.79000, 50.
26.80000, 62.
26.81000, 54.
26.82000, 49.
26.83000, 59.
26.84000, 51.
26.85000, 55.
26.86000, 46.
26.87000, 52.
26.88000, 51.
26.89000, 54.
26.90000, 55.
26.91000, 46.
26.92000, 64.
26.93000, 53.
26.94000, 53.
26.95000, 50.
26.96000, 62.
26.97000, 53.
26.98000, 54.
26.99000, 41.
27.00000, 55.
27.01000, 67.
27.02000, 60.
27.03000, 54.
27.04000, 53.
27.05000, 59.
27.06000, 59.
27.07000, 58.
27.08000, 51.
27.09000, 50.
27.10000, 58.
27.11000, 50.
27.12000, 58.
27.13000, 49.
27.14000, 60.
27.15000, 50.
27.16000, 48.
27.17000, 48.
27.18000, 55.
27.19000, 43.
27.20000, 67.
27.21000, 54.
27.22000, 55.
27.23000, 51.
27.24000, 44.
27.25000, 54.
27.26000, 59.
27.27000, 58.
27.28000, 42.
27.29000, 33.
27.30000, 44.
27.31000, 47.
27.32000, 58.
27.33000, 55.
27.34000, 50.
27.35000, 54.
27.36000, 46.
27.37000, 52.
27.38000, 53.
27.39000, 32.
27.40000, 57.
27.41000, 55.
27.42000, 61.
27.43000, 55.
27.44000, 55.
27.45000, 60.
27.46000, 53.
27.47000, 57.
27.48000, 64.
27.49000, 54.
27.50000, 60.
27.51000, 51.
27.52000, 51.
27.53000, 48.
27.54000, 44.
27.55000, 49.
27.56000, 42.
27.57000, 52.
27.58000, 49.
27.59000, 57.
27.60000, 53.
27.61000, 50.
27.62000, 48.
27.63000, 53.
27.64000, 40.
27.65000, 47.
27.66000, 60.
27.67000, 46.
27.68000, 44.
27.69000, 48.
27.70000, 55.
27.71000, 55.
27.72000, 49.
27.73000, 51.
27.74000, 47.
27.75000, 40.
27.76000, 52.
27.77000, 41.
27.78000, 42.
27.79000, 50.
27.80000, 58.
27.81000, 41.
27.82000, 43.
27.83000, 41.
27.84000, 49.
27.85000, 41.
27.86000, 45.
27.87000, 46.
27.88000, 48.
27.89000, 43.
27.90000, 48.
27.91000, 51.
27.92000, 40.
27.93000, 44.
27.94000, 46.
27.95000, 45.
27.96000, 43.
27.97000, 37.
27.98000, 39.
27.99000, 52.
28.00000, 44.
28.01000, 38.
28.02000, 47.
28.03000, 42.
28.04000, 52.
28.05000, 52.
28.06000, 57.
28.07000, 41.
28.08000, 36.
28.09000, 35.
28.10000, 42.
28.11000, 49.
28.12000, 42.
28.13000, 52.
28.14000, 43.
28.15000, 46.
28.16000, 46.
28.17000, 53.
28.18000, 46.
28.19000, 47.
28.20000, 52.
28.21000, 42.
28.22000, 53.
28.23000, 41.
28.24000, 49.
28.25000, 37.
28.26000, 52.
28.27000, 36.
28.28000, 47.
28.29000, 44.
28.30000, 52.
28.31000, 47.
28.32000, 43.
28.33000, 52.
28.34000, 45.
28.35000, 34.
28.36000, 46.
28.37000, 45.
28.38000, 48.
28.39000, 53.
28.40000, 44.
28.41000, 51.
28.42000, 41.
28.43000, 43.
28.44000, 47.
28.45000, 56.
28.46000, 35.
28.47000, 49.
28.48000, 39.
28.49000, 52.
28.50000, 52.
28.51000, 49.
28.52000, 60.
28.53000, 41.
28.54000, 36.
28.55000, 41.
28.56000, 50.
28.57000, 55.
28.58000, 39.
28.59000, 50.
28.60000, 31.
28.61000, 45.
28.62000, 42.
28.63000, 59.
28.64000, 46.
28.65000, 52.
28.66000, 45.
28.67000, 39.
28.68000, 38.
28.69000, 43.
28.70000, 48.
28.71000, 47.
28.72000, 44.
28.73000, 53.
28.74000, 42.
28.75000, 43.
28.76000, 38.
28.77000, 63.
28.78000, 54.
28.79000, 49.
28.80000, 34.
28.81000, 47.
28.82000, 43.
28.83000, 41.
28.84000, 43.
28.85000, 35.
28.86000, 38.
28.87000, 43.
28.88000, 52.
28.89000, 39.
28.90000, 46.
28.91000, 41.
28.92000, 45.
28.93000, 40.
28.94000, 50.
28.95000, 39.
28.96000, 36.
28.97000, 36.
28.98000, 53.
28.99000, 48.
29.00000, 65.
29.01000, 45.
29.02000, 40.
29.03000, 41.
29.04000, 42.
29.05000, 40.
29.06000, 37.
29.07000, 38.
29.08000, 47.
29.09000, 36.
29.10000, 42.
29.11000, 32.
29.12000, 38.
29.13000, 37.
29.14000, 37.
29.15000, 42.
29.16000, 42.
29.17000, 38.
29.18000, 47.
29.19000, 38.
29.20000, 33.
29.21000, 39.
29.22000, 43.
29.23000, 42.
29.24000, 38.
29.25000, 30.
29.26000, 39.
29.27000, 43.
29.28000, 43.
29.29000, 40.
29.30000, 51.
29.31000, 36.
29.32000, 40.
29.33000, 46.
29.34000, 46.
29.35000, 50.
29.36000, 33.
29.37000, 39.
29.38000, 35.
29.39000, 35.
29.40000, 32.
29.41000, 38.
29.42000, 35.
29.43000, 33.
29.44000, 46.
29.45000, 44.
29.46000, 36.
29.47000, 33.
29.48000, 38.
29.49000, 32.
29.50000, 35.
29.51000, 56.
29.52000, 32.
29.53000, 34.
29.54000, 44.
29.55000, 36.
29.56000, 49.
29.57000, 34.
29.58000, 45.
29.59000, 29.
29.60000, 46.
29.61000, 37.
29.62000, 41.
29.63000, 29.
29.64000, 41.
29.65000, 36.
29.66000, 38.
29.67000, 47.
29.68000, 54.
29.69000, 42.
29.70000, 42.
29.71000, 31.
29.72000, 34.
29.73000, 43.
29.74000, 34.
29.75000, 39.
29.76000, 36.
29.77000, 41.
29.78000, 37.
29.79000, 37.
29.80000, 43.
29.81000, 32.
29.82000, 31.
29.83000, 47.
29.84000, 34.
29.85000, 34.
29.86000, 53.
29.87000, 29.
29.88000, 38.
29.89000, 32.
29.90000, 44.
29.91000, 37.
29.92000, 42.
29.93000, 45.
29.94000, 30.
29.95000, 40.
29.96000, 31.
29.97000, 34.
29.98000, 34.
29.99000, 40.
30.00000, 31.
30.01000, 30.
30.02000, 39.
30.03000, 41.
30.04000, 49.
30.05000, 36.
30.06000, 35.
30.07000, 38.
30.08000, 35.
30.09000, 40.
30.10000, 39.
30.11000, 49.
30.12000, 38.
30.13000, 42.
30.14000, 44.
30.15000, 37.
30.16000, 36.
30.17000, 29.
30.18000, 32.
30.19000, 40.
30.20000, 42.
30.21000, 45.
30.22000, 34.
30.23000, 29.
30.24000, 42.
30.25000, 40.
30.26000, 28.
30.27000, 30.
30.28000, 31.
30.29000, 50.
30.30000, 39.
30.31000, 34.
30.32000, 46.
30.33000, 38.
30.34000, 34.
30.35000, 35.
30.36000, 23.
30.37000, 36.
30.38000, 38.
30.39000, 28.
30.40000, 33.
30.41000, 37.
30.42000, 38.
30.43000, 39.
30.44000, 22.
30.45000, 40.
30.46000, 34.
30.47000, 36.
30.48000, 30.
30.49000, 43.
30.50000, 42.
30.51000, 34.
30.52000, 31.
30.53000, 40.
30.54000, 35.
30.55000, 32.
30.56000, 29.
30.57000, 34.
30.58000, 34.
30.59000, 39.
30.60000, 32.
30.61000, 39.
30.62000, 28.
30.63000, 38.
30.64000, 38.
30.65000, 41.
30.66000, 38.
30.67000, 31.
30.68000, 38.
30.69000, 31.
30.70000, 33.
30.71000, 42.
30.72000, 32.
30.73000, 32.
30.74000, 37.
30.75000, 35.
30.76000, 43.
30.77000, 29.
30.78000, 51.
30.79000, 33.
30.80000, 26.
30.81000, 27.
30.82000, 37.
30.83000, 30.
30.84000, 30.
30.85000, 34.
30.86000, 31.
30.87000, 39.
30.88000, 37.
30.89000, 25.
30.90000, 29.
30.91000, 21.
30.92000, 39.
30.93000, 38.
30.94000, 29.
30.95000, 30.
30.96000, 35.
30.97000, 37.
30.98000, 30.
30.99000, 26.
31.00000, 29.
31.01000, 36.
31.02000, 26.
31.03000, 29.
31.04000, 30.
31.05000, 28.
31.06000, 30.
31.07000, 37.
31.08000, 28.
31.09000, 35.
31.10000, 25.
31.11000, 27.
31.12000, 35.
31.13000, 30.
31.14000, 37.
31.15000, 36.
31.16000, 32.
31.17000, 32.
31.18000, 32.
31.19000, 28.
31.20000, 37.
31.21000, 36.
31.22000, 21.
31.23000, 23.
31.24000, 24.
31.25000, 37.
31.26000, 31.
31.27000, 31.
31.28000, 34.
31.29000, 24.
31.30000, 33.
31.31000, 40.
31.32000, 32.
31.33000, 25.
31.34000, 27.
31.35000, 34.
31.36000, 28.
31.37000, 33.
31.38000, 19.
31.39000, 25.
31.40000, 41.
31.41000, 44.
31.42000, 33.
31.43000, 33.
31.44000, 31.
31.45000, 31.
31.46000, 21.
31.47000, 44.
31.48000, 47.
31.49000, 31.
31.50000, 32.
31.51000, 37.
31.52000, 21.
31.53000, 29.
31.54000, 32.
31.55000, 34.
31.56000, 34.
31.57000, 33.
31.58000, 31.
31.59000, 38.
31.60000, 34.
31.61000, 31.
31.62000, 30.
31.63000, 34.
31.64000, 46.
31.65000, 25.
31.66000, 33.
31.67000, 28.
31.68000, 39.
31.69000, 32.
31.70000, 37.
31.71000, 40.
31.72000, 31.
31.73000, 34.
31.74000, 35.
31.75000, 30.
31.76000, 32.
31.77000, 25.
31.78000, 34.
31.79000, 41.
31.80000, 27.
31.81000, 31.
31.82000, 32.
31.83000, 37.
31.84000, 34.
31.85000, 34.
31.86000, 29.
31.87000, 26.
31.88000, 32.
31.89000, 35.
31.90000, 30.
31.91000, 34.
31.92000, 37.
31.93000, 28.
31.94000, 29.
31.95000, 38.
31.96000, 27.
31.97000, 30.
31.98000, 32.
31.99000, 30.
32.00000, 33.
32.01000, 36.
32.02000, 31.
32.03000, 36.
32.04000, 22.
32.05000, 28.
32.06000, 34.
32.07000, 31.
32.08000, 46.
32.09000, 44.
32.10000, 34.
32.11000, 36.
32.12000, 32.
32.13000, 29.
32.14000, 30.
32.15000, 28.
32.16000, 54.
32.17000, 30.
32.18000, 32.
32.19000, 31.
32.20000, 32.
32.21000, 37.
32.22000, 33.
32.23000, 39.
32.24000, 42.
32.25000, 30.
32.26000, 35.
32.27000, 25.
32.28000, 22.
32.29000, 20.
32.30000, 29.
32.31000, 24.
32.32000, 38.
32.33000, 25.
32.34000, 26.
32.35000, 27.
32.36000, 26.
32.37000, 26.
32.38000, 30.
32.39000, 24.
32.40000, 18.
32.41000, 29.
32.42000, 25.
32.43000, 26.
32.44000, 24.
32.45000, 30.
32.46000, 34.
32.47000, 28.
32.48000, 18.
32.49000, 20.
32.50000, 35.
32.51000, 34.
32.52000, 22.
32.53000, 21.
32.54000, 25.
32.55000, 34.
32.56000, 34.
32.57000, 31.
32.58000, 23.
32.59000, 35.
32.60000, 24.
32.61000, 26.
32.62000, 23.
32.63000, 25.
32.64000, 21.
32.65000, 30.
32.66000, 30.
32.67000, 24.
32.68000, 26.
32.69000, 30.
32.70000, 22.
32.71000, 25.
32.72000, 26.
32.73000, 25.
32.74000, 21.
32.75000, 17.
32.76000, 29.
32.77000, 22.
32.78000, 27.
32.79000, 26.
32.80000, 23.
32.81000, 26.
32.82000, 28.
32.83000, 25.
32.84000, 22.
32.85000, 27.
32.86000, 19.
32.87000, 34.
32.88000, 30.
32.89000, 29.
32.90000, 18.
32.91000, 25.
32.92000, 28.
32.93000, 22.
32.94000, 28.
32.95000, 32.
32.96000, 22.
32.97000, 29.
32.98000, 34.
32.99000, 17.
33.00000, 18.
33.01000, 27.
33.02000, 26.
33.03000, 23.
33.04000, 22.
33.05000, 34.
33.06000, 31.
33.07000, 21.
33.08000, 23.
33.09000, 28.
33.10000, 30.
33.11000, 25.
33.12000, 25.
33.13000, 17.
33.14000, 25.
33.15000, 17.
33.16000, 25.
33.17000, 24.
33.18000, 26.
33.19000, 20.
33.20000, 22.
33.21000, 28.
33.22000, 29.
33.23000, 28.
33.24000, 19.
33.25000, 32.
33.26000, 25.
33.27000, 20.
33.28000, 26.
33.29000, 21.
33.30000, 25.
33.31000, 26.
33.32000, 25.
33.33000, 14.
33.34000, 19.
33.35000, 23.
33.36000, 18.
33.37000, 24.
33.38000, 19.
33.39000, 16.
33.40000, 22.
33.41000, 21.
33.42000, 17.
33.43000, 23.
33.44000, 20.
33.45000, 21.
33.46000, 20.
33.47000, 20.
33.48000, 23.
33.49000, 16.
33.50000, 27.
33.51000, 28.
33.52000, 18.
33.53000, 18.
33.54000, 19.
33.55000, 33.
33.56000, 18.
33.57000, 16.
33.58000, 16.
33.59000, 30.
33.60000, 30.
33.61000, 26.
33.62000, 22.
33.63000, 23.
33.64000, 25.
33.65000, 27.
33.66000, 22.
33.67000, 26.
33.68000, 29.
33.69000, 24.
33.70000, 14.
33.71000, 23.
33.72000, 26.
33.73000, 18.
33.74000, 26.
33.75000, 30.
33.76000, 16.
33.77000, 24.
33.78000, 21.
33.79000, 18.
33.80000, 19.
33.81000, 25.
33.82000, 23.
33.83000, 18.
33.84000, 19.
33.85000, 22.
33.86000, 28.
33.87000, 27.
33.88000, 17.
33.89000, 14.
33.90000, 25.
33.91000, 24.
33.92000, 23.
33.93000, 22.
33.94000, 22.
33.95000, 18.
33.96000, 14.
33.97000, 28.
33.98000, 24.
33.99000, 24.
34.00000, 23.
34.01000, 18.
34.02000, 23.
34.03000, 19.
34.04000, 24.
34.05000, 19.
34.06000, 17.
34.07000, 16.
34.08000, 27.
34.09000, 16.
34.10000, 22.
34.11000, 17.
34.12000, 13.
34.13000, 18.
34.14000, 11.
34.15000, 24.
34.16000, 25.
34.17000, 16.
34.18000, 21.
34.19000, 22.
34.20000, 17.
34.21000, 15.
34.22000, 20.
34.23000, 18.
34.24000, 18.
34.25000, 25.
34.26000, 27.
34.27000, 14.
34.28000, 26.
34.29000, 25.
34.30000, 18.
34.31000, 11.
34.32000, 18.
34.33000, 19.
34.34000, 20.
34.35000, 15.
34.36000, 24.
34.37000, 20.
34.38000, 14.
34.39000, 17.
34.40000, 16.
34.41000, 14.
34.42000, 25.
34.43000, 18.
34.44000, 20.
34.45000, 14.
34.46000, 17.
34.47000, 19.
34.48000, 18.
34.49000, 16.
34.50000, 17.
34.51000, 19.
34.52000, 20.
34.53000, 21.
34.54000, 26.
34.55000, 20.
34.56000, 17.
34.57000, 15.
34.58000, 16.
34.59000, 17.
34.60000, 14.
34.61000, 21.
34.62000, 31.
34.63000, 15.
34.64000, 15.
34.65000, 29.
34.66000, 19.
34.67000, 17.
34.68000, 16.
34.69000, 16.
34.70000, 19.
34.71000, 12.
34.72000, 17.
34.73000, 17.
34.74000, 21.
34.75000, 18.
34.76000, 18.
34.77000, 11.
34.78000, 19.
34.79000, 20.
34.80000, 19.
34.81000, 16.
34.82000, 19.
34.83000, 17.
34.84000, 22.
34.85000, 20.
34.86000, 19.
34.87000, 26.
34.88000, 18.
34.89000, 16.
34.90000, 20.
34.91000, 18.
34.92000, 16.
34.93000, 13.
34.94000, 19.
34.95000, 14.
34.96000, 18.
34.97000, 13.
34.98000, 19.
34.99000, 18.
35.00000, 14.
35.01000, 23.
35.02000, 18.
35.03000, 12.
35.04000, 16.
35.05000, 15.
35.06000, 17.
35.07000, 18.
35.08000, 21.
35.09000, 23.
35.10000, 11.
35.11000, 22.
35.12000, 16.
35.13000, 19.
35.14000, 12.
35.15000, 19.
35.16000, 11.
35.17000, 21.
35.18000, 12.
35.19000, 24.
35.20000, 16.
35.21000, 16.
35.22000, 22.
35.23000, 17.
35.24000, 12.
35.25000, 11.
35.26000, 19.
35.27000, 20.
35.28000, 16.
35.29000, 6.
35.30000, 12.
35.31000, 13.
35.32000, 9.
35.33000, 14.
35.34000, 17.
35.35000, 10.
35.36000, 17.
35.37000, 19.
35.38000, 14.
35.39000, 19.
35.40000, 24.
35.41000, 18.
35.42000, 11.
35.43000, 19.
35.44000, 14.
35.45000, 11.
35.46000, 17.
35.47000, 22.
35.48000, 15.
35.49000, 14.
35.50000, 11.
35.51000, 19.
35.52000, 10.
35.53000, 16.
35.54000, 11.
35.55000, 15.
35.56000, 21.
35.57000, 12.
35.58000, 22.
35.59000, 19.
35.60000, 19.
35.61000, 18.
35.62000, 24.
35.63000, 8.
35.64000, 16.
35.65000, 10.
35.66000, 16.
35.67000, 14.
35.68000, 19.
35.69000, 12.
35.70000, 16.
35.71000, 17.
35.72000, 20.
35.73000, 14.
35.74000, 16.
35.75000, 13.
35.76000, 16.
35.77000, 17.
35.78000, 12.
35.79000, 12.
35.80000, 15.
35.81000, 14.
35.82000, 21.
35.83000, 13.
35.84000, 16.
35.85000, 20.
35.86000, 15.
35.87000, 16.
35.88000, 10.
35.89000, 16.
35.90000, 18.
35.91000, 11.
35.92000, 18.
35.93000, 14.
35.94000, 18.
35.95000, 9.
35.96000, 19.
35.97000, 14.
35.98000, 15.
35.99000, 15.
36.00000, 16.
36.01000, 11.
36.02000, 15.
36.03000, 26.
36.04000, 16.
36.05000, 19.
36.06000, 11.
36.07000, 10.
36.08000, 6.
36.09000, 16.
36.10000, 17.
36.11000, 20.
36.12000, 18.
36.13000, 15.
36.14000, 15.
36.15000, 18.
36.16000, 11.
36.17000, 14.
36.18000, 17.
36.19000, 12.
36.20000, 16.
36.21000, 14.
36.22000, 20.
36.23000, 13.
36.24000, 14.
36.25000, 17.
36.26000, 16.
36.27000, 18.
36.28000, 23.
36.29000, 11.
36.30000, 17.
36.31000, 20.
36.32000, 14.
36.33000, 12.
36.34000, 20.
36.35000, 11.
36.36000, 10.
36.37000, 15.
36.38000, 13.
36.39000, 14.
36.40000, 15.
36.41000, 12.
36.42000, 8.
36.43000, 8.
36.44000, 14.
36.45000, 18.
36.46000, 17.
36.47000, 18.
36.48000, 15.
36.49000, 15.
36.50000, 14.
36.51000, 19.
36.52000, 17.
36.53000, 12.
36.54000, 14.
36.55000, 12.
36.56000, 12.
36.57000, 6.
36.58000, 18.
36.59000, 17.
36.60000, 12.
36.61000, 16.
36.62000, 18.
36.63000, 14.
36.64000, 10.
36.65000, 18.
36.66000, 13.
36.67000, 15.
36.68000, 20.
36.69000, 15.
36.70000, 20.
36.71000, 16.
36.72000, 7.
36.73000, 17.
36.74000, 8.
36.75000, 11.
36.76000, 9.
36.77000, 9.
36.78000, 13.
36.79000, 15.
36.80000, 18.
36.81000, 11.
36.82000, 9.
36.83000, 11.
36.84000, 10.
36.85000, 18.
36.86000, 12.
36.87000, 11.
36.88000, 11.
36.89000, 14.
36.90000, 9.
36.91000, 6.
36.92000, 13.
36.93000, 9.
36.94000, 9.
36.95000, 14.
36.96000, 13.
36.97000, 16.
36.98000, 7.
36.99000, 11.
37.00000, 14.
37.01000, 11.
37.02000, 12.
37.03000, 12.
37.04000, 8.
37.05000, 18.
37.06000, 13.
37.07000, 14.
37.08000, 12.
37.09000, 18.
37.10000, 7.
37.11000, 9.
37.12000, 11.
37.13000, 16.
37.14000, 12.
37.15000, 12.
37.16000, 13.
37.17000, 13.
37.18000, 16.
37.19000, 11.
37.20000, 17.
37.21000, 13.
37.22000, 7.
37.23000, 10.
37.24000, 12.
37.25000, 19.
37.26000, 15.
37.27000, 15.
37.28000, 10.
37.29000, 15.
37.30000, 12.
37.31000, 9.
37.32000, 15.
37.33000, 10.
37.34000, 18.
37.35000, 6.
37.36000, 9.
37.37000, 14.
37.38000, 17.
37.39000, 13.
37.40000, 10.
37.41000, 8.
37.42000, 14.
37.43000, 11.
37.44000, 8.
37.45000, 8.
37.46000, 11.
37.47000, 11.
37.48000, 9.
37.49000, 7.
37.50000, 11.
37.51000, 12.
37.52000, 11.
37.53000, 18.
37.54000, 8.
37.55000, 15.
37.56000, 11.
37.57000, 10.
37.58000, 13.
37.59000, 15.
37.60000, 12.
37.61000, 8.
37.62000, 12.
37.63000, 7.
37.64000, 16.
37.65000, 9.
37.66000, 9.
37.67000, 12.
37.68000, 12.
37.69000, 13.
37.70000, 10.
37.71000, 19.
37.72000, 7.
37.73000, 7.
37.74000, 13.
37.75000, 13.
37.76000, 9.
37.77000, 8.
37.78000, 6.
37.79000, 15.
37.80000, 9.
37.81000, 11.
37.82000, 11.
37.83000, 14.
37.84000, 11.
37.85000, 8.
37.86000, 5.
37.87000, 6.
37.88000, 10.
37.89000, 7.
37.90000, 7.
37.91000, 13.
37.92000, 5.
37.93000, 11.
37.94000, 7.
37.95000, 1.
37.96000, 11.
37.97000, 13.
37.98000, 11.
37.99000, 9.
38.00000, 15.
38.01000, 11.
38.02000, 9.
38.03000, 10.
38.04000, 11.
38.05000, 10.
38.06000, 12.
38.07000, 13.
38.08000, 12.
38.09000, 10.
38.10000, 7.
38.11000, 12.
38.12000, 6.
38.13000, 11.
38.14000, 7.
38.15000, 6.
38.16000, 13.
38.17000, 13.
38.18000, 6.
38.19000, 10.
38.20000, 12.
38.21000, 10.
38.22000, 10.
38.23000, 11.
38.24000, 7.
38.25000, 9.
38.26000, 7.
38.27000, 9.
38.28000, 5.
38.29000, 10.
38.30000, 7.
38.31000, 7.
38.32000, 8.
38.33000, 4.
38.34000, 10.
38.35000, 6.
38.36000, 14.
38.37000, 6.
38.38000, 12.
38.39000, 8.
38.40000, 10.
38.41000, 8.
38.42000, 11.
38.43000, 10.
38.44000, 12.
38.45000, 11.
38.46000, 6.
38.47000, 8.
38.48000, 8.
38.49000, 8.
38.50000, 2.
38.51000, 8.
38.52000, 10.
38.53000, 8.
38.54000, 9.
38.55000, 9.
38.56000, 7.
38.57000, 10.
38.58000, 9.
38.59000, 10.
38.60000, 9.
38.61000, 8.
38.62000, 10.
38.63000, 5.
38.64000, 11.
38.65000, 11.
38.66000, 10.
38.67000, 2.
38.68000, 12.
38.69000, 7.
38.70000, 7.
38.71000, 4.
38.72000, 10.
38.73000, 5.
38.74000, 5.
38.75000, 12.
38.76000, 7.
38.77000, 9.
38.78000, 6.
38.79000, 10.
38.80000, 8.
38.81000, 11.
38.82000, 10.
38.83000, 6.
38.84000, 8.
38.85000, 7.
38.86000, 6.
38.87000, 6.
38.88000, 9.
38.89000, 8.
38.90000, 5.
38.91000, 10.
38.92000, 2.
38.93000, 8.
38.94000, 9.
38.95000, 9.
38.96000, 8.
38.97000, 10.
38.98000, 9.
38.99000, 10.
39.00000, 5.
39.01000, 16.
39.02000, 12.
39.03000, 8.
39.04000, 2.
39.05000, 5.
39.06000, 9.
39.07000, 10.
39.08000, 11.
39.09000, 7.
39.10000, 6.
39.11000, 5.
39.12000, 9.
39.13000, 6.
39.14000, 6.
39.15000, 10.
39.16000, 8.
39.17000, 5.
39.18000, 9.
39.19000, 11.
39.20000, 7.
39.21000, 10.
39.22000, 5.
39.23000, 7.
39.24000, 6.
39.25000, 7.
39.26000, 4.
39.27000, 6.
39.28000, 4.
39.29000, 8.
39.30000, 8.
39.31000, 5.
39.32000, 9.
39.33000, 8.
39.34000, 9.
39.35000, 8.
39.36000, 6.
39.37000, 7.
39.38000, 6.
39.39000, 5.
39.40000, 6.
39.41000, 10.
39.42000, 5.
39.43000, 11.
39.44000, 5.
39.45000, 8.
39.46000, 9.
39.47000, 8.
39.48000, 9.
39.49000, 4.
39.50000, 7.
39.51000, 5.
39.52000, 4.
39.53000, 6.
39.54000, 9.
39.55000, 7.
39.56000, 9.
39.57000, 1.
39.58000, 8.
39.59000, 7.
39.60000, 5.
39.61000, 8.
39.62000, 11.
39.63000, 3.
39.64000, 4.
39.65000, 6.
39.66000, 10.
39.67000, 8.
39.68000, 3.
39.69000, 8.
39.70000, 5.
39.71000, 11.
39.72000, 4.
39.73000, 4.
39.74000, 5.
39.75000, 6.
39.76000, 3.
39.77000, 4.
39.78000, 6.
39.79000, 9.
39.80000, 6.
39.81000, 9.
39.82000, 4.
39.83000, 10.
39.84000, 10.
39.85000, 3.
39.86000, 3.
39.87000, 3.
39.88000, 8.
39.89000, 2.
39.90000, 5.
39.91000, 5.
39.92000, 8.
39.93000, 2.
39.94000, 10.
39.95000, 7.
39.96000, 5.
39.97000, 7.
39.98000, 6.
39.99000, 3.
40.00000, 9.
40.01000, 6.
40.02000, 9.
40.03000, 3.
40.04000, 6.
40.05000, 3.
40.06000, 5.
40.07000, 8.
40.08000, 6.
40.09000, 2.
40.10000, 3.
40.11000, 6.
40.12000, 2.
40.13000, 4.
40.14000, 2.
40.15000, 5.
40.16000, 4.
40.17000, 8.
40.18000, 8.
40.19000, 8.
40.20000, 2.
40.21000, 7.
40.22000, 3.
40.23000, 0.
40.24000, 2.
40.25000, 6.
40.26000, 6.
40.27000, 4.
40.28000, 1.
40.29000, 5.
40.30000, 1.
40.31000, 4.
40.32000, 3.
40.33000, 2.
40.34000, 3.
40.35000, 5.
40.36000, 4.
40.37000, 5.
40.38000, 3.
40.39000, 4.
40.40000, 3.
40.41000, 6.
40.42000, 4.
40.43000, 5.
40.44000, 6.
40.45000, 3.
40.46000, 6.
40.47000, 2.
40.48000, 7.
40.49000, 6.
40.50000, 2.
40.51000, 4.
40.52000, 2.
40.53000, 3.
40.54000, 3.
40.55000, 0.
#ENDOFDATA   : 
