#FORMAT      : EMSA/MAS Spectral Data File
#VERSION     : 1.0
#TITLE       : Spectrum 34
#DATE        : 21-AUG-2025
#TIME        : 15:38
#OWNER       : XGT7200
#NPOINTS     : 4096.
#NCOLUMNS    : 1.
#XUNITS      : keV
#YUNITS      : counts
#DATATYPE    : XY
#XPERCHAN    : 0.0100000
#OFFSET      : -0.400000
#SIGNALTYPE  : EDS
#CHOFFSET    : 40.0000
#LIVETIME    : 30.000000
#REALTIME    : 39.745906
#BEAMKV      : 50.0000
#PROBECUR    : 688000.
#MAGCAM      : 100.000
#XTILTSTGE   : 0.0
#AZIMANGLE   : 0.0
#ELEVANGLE   : 45.0
#XPOSITION mm: 0.0000
#YPOSITION mm: 0.0000
#ZPOSITION mm: 0.0000
##OXINSTPT   : 4
##OXINSTSTROB: 72.11
#SPECTRUM    : Spectral Data Starts Here
-0.40000, 0.
-0.39000, 0.
-0.38000, 0.
-0.37000, 0.
-0.36000, 0.
-0.35000, 0.
-0.34000, 0.
-0.33000, 0.
-0.32000, 0.
-0.31000, 0.
-0.30000, 0.
-0.29000, 0.
-0.28000, 0.
-0.27000, 0.
-0.26000, 0.
-0.25000, 0.
-0.24000, 0.
-0.23000, 0.
-0.22000, 0.
-0.21000, 0.
-0.20000, 0.
-0.19000, 0.
-0.18000, 0.
-0.17000, 0.
-0.16000, 0.
-0.15000, 0.
-0.14000, 0.
-0.13000, 0.
-0.12000, 0.
-0.11000, 0.
-0.10000, 0.
-0.09000, 0.
-0.08000, 0.
-0.07000, 0.
-0.06000, 0.
-0.05000, 0.
-0.04000, 0.
-0.03000, 0.
-0.02000, 0.
-0.01000, 0.
0.00000, 0.
0.01000, 0.
0.02000, 0.
0.03000, 0.
0.04000, 0.
0.05000, 0.
0.06000, 0.
0.07000, 0.
0.08000, 0.
0.09000, 0.
0.10000, 0.
0.11000, 0.
0.12000, 0.
0.13000, 0.
0.14000, 0.
0.15000, 0.
0.16000, 0.
0.17000, 0.
0.18000, 0.
0.19000, 0.
0.20000, 0.
0.21000, 0.
0.22000, 0.
0.23000, 0.
0.24000, 0.
0.25000, 0.
0.26000, 0.
0.27000, 0.
0.28000, 0.
0.29000, 0.
0.30000, 0.
0.31000, 0.
0.32000, 0.
0.33000, 2.
0.34000, 2.
0.35000, 4.
0.36000, 6.
0.37000, 8.
0.38000, 10.
0.39000, 15.
0.40000, 19.
0.41000, 24.
0.42000, 25.
0.43000, 34.
0.44000, 49.
0.45000, 35.
0.46000, 47.
0.47000, 54.
0.48000, 55.
0.49000, 54.
0.50000, 40.
0.51000, 47.
0.52000, 55.
0.53000, 50.
0.54000, 52.
0.55000, 50.
0.56000, 62.
0.57000, 52.
0.58000, 58.
0.59000, 45.
0.60000, 31.
0.61000, 50.
0.62000, 45.
0.63000, 45.
0.64000, 38.
0.65000, 48.
0.66000, 45.
0.67000, 44.
0.68000, 42.
0.69000, 52.
0.70000, 45.
0.71000, 40.
0.72000, 60.
0.73000, 43.
0.74000, 37.
0.75000, 44.
0.76000, 33.
0.77000, 38.
0.78000, 36.
0.79000, 35.
0.80000, 43.
0.81000, 41.
0.82000, 31.
0.83000, 45.
0.84000, 47.
0.85000, 48.
0.86000, 41.
0.87000, 43.
0.88000, 42.
0.89000, 55.
0.90000, 46.
0.91000, 40.
0.92000, 50.
0.93000, 44.
0.94000, 41.
0.95000, 45.
0.96000, 49.
0.97000, 38.
0.98000, 48.
0.99000, 35.
1.00000, 44.
1.01000, 38.
1.02000, 32.
1.03000, 32.
1.04000, 50.
1.05000, 51.
1.06000, 49.
1.07000, 53.
1.08000, 46.
1.09000, 38.
1.10000, 49.
1.11000, 28.
1.12000, 33.
1.13000, 37.
1.14000, 46.
1.15000, 37.
1.16000, 35.
1.17000, 51.
1.18000, 44.
1.19000, 41.
1.20000, 56.
1.21000, 43.
1.22000, 49.
1.23000, 72.
1.24000, 51.
1.25000, 49.
1.26000, 66.
1.27000, 53.
1.28000, 74.
1.29000, 63.
1.30000, 56.
1.31000, 57.
1.32000, 42.
1.33000, 57.
1.34000, 32.
1.35000, 34.
1.36000, 35.
1.37000, 49.
1.38000, 49.
1.39000, 70.
1.40000, 79.
1.41000, 117.
1.42000, 193.
1.43000, 260.
1.44000, 382.
1.45000, 427.
1.46000, 573.
1.47000, 672.
1.48000, 689.
1.49000, 759.
1.50000, 738.
1.51000, 693.
1.52000, 616.
1.53000, 474.
1.54000, 442.
1.55000, 345.
1.56000, 279.
1.57000, 203.
1.58000, 165.
1.59000, 119.
1.60000, 106.
1.61000, 123.
1.62000, 181.
1.63000, 234.
1.64000, 363.
1.65000, 604.
1.66000, 977.
1.67000, 1548.
1.68000, 2190.
1.69000, 3182.
1.70000, 4137.
1.71000, 5275.
1.72000, 6248.
1.73000, 7062.
1.74000, 7521.
1.75000, 7604.
1.76000, 7257.
1.77000, 6418.
1.78000, 5602.
1.79000, 4615.
1.80000, 3541.
1.81000, 2628.
1.82000, 1875.
1.83000, 1334.
1.84000, 964.
1.85000, 654.
1.86000, 478.
1.87000, 344.
1.88000, 298.
1.89000, 202.
1.90000, 149.
1.91000, 123.
1.92000, 102.
1.93000, 76.
1.94000, 79.
1.95000, 67.
1.96000, 81.
1.97000, 61.
1.98000, 68.
1.99000, 78.
2.00000, 84.
2.01000, 71.
2.02000, 65.
2.03000, 74.
2.04000, 71.
2.05000, 68.
2.06000, 70.
2.07000, 41.
2.08000, 37.
2.09000, 27.
2.10000, 38.
2.11000, 42.
2.12000, 30.
2.13000, 24.
2.14000, 34.
2.15000, 43.
2.16000, 29.
2.17000, 33.
2.18000, 29.
2.19000, 35.
2.20000, 24.
2.21000, 30.
2.22000, 44.
2.23000, 48.
2.24000, 38.
2.25000, 50.
2.26000, 55.
2.27000, 81.
2.28000, 91.
2.29000, 106.
2.30000, 124.
2.31000, 138.
2.32000, 151.
2.33000, 130.
2.34000, 155.
2.35000, 146.
2.36000, 138.
2.37000, 153.
2.38000, 140.
2.39000, 105.
2.40000, 128.
2.41000, 119.
2.42000, 132.
2.43000, 102.
2.44000, 113.
2.45000, 96.
2.46000, 90.
2.47000, 97.
2.48000, 88.
2.49000, 83.
2.50000, 58.
2.51000, 61.
2.52000, 65.
2.53000, 39.
2.54000, 40.
2.55000, 53.
2.56000, 53.
2.57000, 63.
2.58000, 70.
2.59000, 83.
2.60000, 87.
2.61000, 115.
2.62000, 128.
2.63000, 190.
2.64000, 258.
2.65000, 294.
2.66000, 303.
2.67000, 390.
2.68000, 428.
2.69000, 477.
2.70000, 497.
2.71000, 507.
2.72000, 433.
2.73000, 435.
2.74000, 414.
2.75000, 350.
2.76000, 329.
2.77000, 302.
2.78000, 297.
2.79000, 287.
2.80000, 335.
2.81000, 325.
2.82000, 361.
2.83000, 348.
2.84000, 353.
2.85000, 323.
2.86000, 376.
2.87000, 285.
2.88000, 300.
2.89000, 263.
2.90000, 219.
2.91000, 184.
2.92000, 150.
2.93000, 131.
2.94000, 105.
2.95000, 110.
2.96000, 106.
2.97000, 94.
2.98000, 84.
2.99000, 75.
3.00000, 64.
3.01000, 55.
3.02000, 51.
3.03000, 51.
3.04000, 50.
3.05000, 34.
3.06000, 40.
3.07000, 31.
3.08000, 32.
3.09000, 35.
3.10000, 32.
3.11000, 39.
3.12000, 43.
3.13000, 24.
3.14000, 40.
3.15000, 40.
3.16000, 48.
3.17000, 47.
3.18000, 55.
3.19000, 65.
3.20000, 82.
3.21000, 98.
3.22000, 107.
3.23000, 203.
3.24000, 247.
3.25000, 284.
3.26000, 384.
3.27000, 445.
3.28000, 525.
3.29000, 604.
3.30000, 686.
3.31000, 705.
3.32000, 724.
3.33000, 733.
3.34000, 683.
3.35000, 582.
3.36000, 520.
3.37000, 443.
3.38000, 345.
3.39000, 285.
3.40000, 209.
3.41000, 154.
3.42000, 118.
3.43000, 88.
3.44000, 57.
3.45000, 57.
3.46000, 52.
3.47000, 54.
3.48000, 60.
3.49000, 54.
3.50000, 79.
3.51000, 57.
3.52000, 79.
3.53000, 75.
3.54000, 99.
3.55000, 108.
3.56000, 139.
3.57000, 123.
3.58000, 185.
3.59000, 197.
3.60000, 215.
3.61000, 232.
3.62000, 327.
3.63000, 348.
3.64000, 419.
3.65000, 457.
3.66000, 476.
3.67000, 575.
3.68000, 609.
3.69000, 644.
3.70000, 656.
3.71000, 583.
3.72000, 562.
3.73000, 529.
3.74000, 440.
3.75000, 340.
3.76000, 295.
3.77000, 216.
3.78000, 182.
3.79000, 154.
3.80000, 72.
3.81000, 70.
3.82000, 56.
3.83000, 42.
3.84000, 35.
3.85000, 21.
3.86000, 30.
3.87000, 34.
3.88000, 26.
3.89000, 39.
3.90000, 42.
3.91000, 46.
3.92000, 40.
3.93000, 49.
3.94000, 56.
3.95000, 57.
3.96000, 67.
3.97000, 83.
3.98000, 83.
3.99000, 125.
4.00000, 107.
4.01000, 120.
4.02000, 114.
4.03000, 101.
4.04000, 100.
4.05000, 95.
4.06000, 87.
4.07000, 80.
4.08000, 61.
4.09000, 63.
4.10000, 46.
4.11000, 61.
4.12000, 35.
4.13000, 46.
4.14000, 40.
4.15000, 29.
4.16000, 28.
4.17000, 27.
4.18000, 27.
4.19000, 24.
4.20000, 30.
4.21000, 31.
4.22000, 27.
4.23000, 29.
4.24000, 38.
4.25000, 31.
4.26000, 28.
4.27000, 24.
4.28000, 27.
4.29000, 29.
4.30000, 31.
4.31000, 32.
4.32000, 35.
4.33000, 24.
4.34000, 39.
4.35000, 47.
4.36000, 47.
4.37000, 57.
4.38000, 63.
4.39000, 82.
4.40000, 88.
4.41000, 142.
4.42000, 198.
4.43000, 227.
4.44000, 297.
4.45000, 328.
4.46000, 367.
4.47000, 437.
4.48000, 522.
4.49000, 552.
4.50000, 614.
4.51000, 609.
4.52000, 586.
4.53000, 557.
4.54000, 547.
4.55000, 458.
4.56000, 428.
4.57000, 353.
4.58000, 276.
4.59000, 260.
4.60000, 216.
4.61000, 193.
4.62000, 136.
4.63000, 129.
4.64000, 100.
4.65000, 94.
4.66000, 95.
4.67000, 98.
4.68000, 69.
4.69000, 77.
4.70000, 70.
4.71000, 79.
4.72000, 77.
4.73000, 70.
4.74000, 71.
4.75000, 68.
4.76000, 74.
4.77000, 70.
4.78000, 78.
4.79000, 73.
4.80000, 100.
4.81000, 88.
4.82000, 81.
4.83000, 104.
4.84000, 105.
4.85000, 116.
4.86000, 113.
4.87000, 114.
4.88000, 134.
4.89000, 145.
4.90000, 150.
4.91000, 170.
4.92000, 151.
4.93000, 145.
4.94000, 141.
4.95000, 137.
4.96000, 135.
4.97000, 116.
4.98000, 129.
4.99000, 107.
5.00000, 98.
5.01000, 90.
5.02000, 65.
5.03000, 75.
5.04000, 76.
5.05000, 70.
5.06000, 57.
5.07000, 54.
5.08000, 45.
5.09000, 55.
5.10000, 49.
5.11000, 54.
5.12000, 50.
5.13000, 78.
5.14000, 53.
5.15000, 61.
5.16000, 60.
5.17000, 51.
5.18000, 62.
5.19000, 55.
5.20000, 74.
5.21000, 49.
5.22000, 58.
5.23000, 40.
5.24000, 45.
5.25000, 54.
5.26000, 56.
5.27000, 78.
5.28000, 45.
5.29000, 65.
5.30000, 56.
5.31000, 55.
5.32000, 62.
5.33000, 53.
5.34000, 72.
5.35000, 56.
5.36000, 78.
5.37000, 62.
5.38000, 75.
5.39000, 82.
5.40000, 80.
5.41000, 76.
5.42000, 73.
5.43000, 87.
5.44000, 80.
5.45000, 90.
5.46000, 68.
5.47000, 73.
5.48000, 95.
5.49000, 71.
5.50000, 57.
5.51000, 86.
5.52000, 59.
5.53000, 68.
5.54000, 82.
5.55000, 55.
5.56000, 65.
5.57000, 74.
5.58000, 65.
5.59000, 65.
5.60000, 67.
5.61000, 64.
5.62000, 76.
5.63000, 59.
5.64000, 48.
5.65000, 67.
5.66000, 51.
5.67000, 59.
5.68000, 52.
5.69000, 62.
5.70000, 45.
5.71000, 64.
5.72000, 45.
5.73000, 44.
5.74000, 71.
5.75000, 83.
5.76000, 64.
5.77000, 73.
5.78000, 85.
5.79000, 93.
5.80000, 105.
5.81000, 108.
5.82000, 130.
5.83000, 159.
5.84000, 154.
5.85000, 185.
5.86000, 198.
5.87000, 188.
5.88000, 212.
5.89000, 230.
5.90000, 226.
5.91000, 217.
5.92000, 224.
5.93000, 240.
5.94000, 188.
5.95000, 156.
5.96000, 147.
5.97000, 142.
5.98000, 114.
5.99000, 120.
6.00000, 120.
6.01000, 100.
6.02000, 100.
6.03000, 79.
6.04000, 61.
6.05000, 77.
6.06000, 74.
6.07000, 72.
6.08000, 77.
6.09000, 76.
6.10000, 44.
6.11000, 73.
6.12000, 97.
6.13000, 76.
6.14000, 75.
6.15000, 93.
6.16000, 101.
6.17000, 106.
6.18000, 113.
6.19000, 131.
6.20000, 159.
6.21000, 209.
6.22000, 246.
6.23000, 351.
6.24000, 475.
6.25000, 647.
6.26000, 868.
6.27000, 1139.
6.28000, 1616.
6.29000, 2171.
6.30000, 2836.
6.31000, 3680.
6.32000, 4503.
6.33000, 5512.
6.34000, 6566.
6.35000, 7578.
6.36000, 8340.
6.37000, 9383.
6.38000, 9931.
6.39000, 10541.
6.40000, 10453.
6.41000, 10231.
6.42000, 9658.
6.43000, 9185.
6.44000, 8473.
6.45000, 7461.
6.46000, 6436.
6.47000, 5542.
6.48000, 4524.
6.49000, 3650.
6.50000, 2824.
6.51000, 2167.
6.52000, 1643.
6.53000, 1212.
6.54000, 910.
6.55000, 620.
6.56000, 479.
6.57000, 273.
6.58000, 231.
6.59000, 187.
6.60000, 155.
6.61000, 105.
6.62000, 145.
6.63000, 103.
6.64000, 104.
6.65000, 93.
6.66000, 97.
6.67000, 108.
6.68000, 101.
6.69000, 92.
6.70000, 105.
6.71000, 89.
6.72000, 98.
6.73000, 101.
6.74000, 106.
6.75000, 115.
6.76000, 113.
6.77000, 111.
6.78000, 98.
6.79000, 109.
6.80000, 114.
6.81000, 133.
6.82000, 110.
6.83000, 118.
6.84000, 121.
6.85000, 120.
6.86000, 144.
6.87000, 153.
6.88000, 177.
6.89000, 202.
6.90000, 240.
6.91000, 261.
6.92000, 295.
6.93000, 371.
6.94000, 429.
6.95000, 547.
6.96000, 679.
6.97000, 842.
6.98000, 934.
6.99000, 1087.
7.00000, 1219.
7.01000, 1391.
7.02000, 1469.
7.03000, 1564.
7.04000, 1732.
7.05000, 1782.
7.06000, 1717.
7.07000, 1681.
7.08000, 1563.
7.09000, 1452.
7.10000, 1380.
7.11000, 1211.
7.12000, 1079.
7.13000, 898.
7.14000, 767.
7.15000, 630.
7.16000, 466.
7.17000, 372.
7.18000, 309.
7.19000, 298.
7.20000, 224.
7.21000, 196.
7.22000, 116.
7.23000, 109.
7.24000, 107.
7.25000, 96.
7.26000, 101.
7.27000, 91.
7.28000, 75.
7.29000, 81.
7.30000, 78.
7.31000, 95.
7.32000, 86.
7.33000, 87.
7.34000, 92.
7.35000, 81.
7.36000, 78.
7.37000, 86.
7.38000, 80.
7.39000, 87.
7.40000, 100.
7.41000, 86.
7.42000, 96.
7.43000, 88.
7.44000, 100.
7.45000, 101.
7.46000, 100.
7.47000, 101.
7.48000, 103.
7.49000, 100.
7.50000, 101.
7.51000, 96.
7.52000, 87.
7.53000, 73.
7.54000, 98.
7.55000, 73.
7.56000, 93.
7.57000, 93.
7.58000, 83.
7.59000, 71.
7.60000, 89.
7.61000, 72.
7.62000, 96.
7.63000, 92.
7.64000, 81.
7.65000, 83.
7.66000, 80.
7.67000, 68.
7.68000, 76.
7.69000, 66.
7.70000, 86.
7.71000, 76.
7.72000, 90.
7.73000, 91.
7.74000, 88.
7.75000, 90.
7.76000, 91.
7.77000, 117.
7.78000, 95.
7.79000, 85.
7.80000, 87.
7.81000, 101.
7.82000, 89.
7.83000, 113.
7.84000, 118.
7.85000, 109.
7.86000, 104.
7.87000, 124.
7.88000, 130.
7.89000, 120.
7.90000, 119.
7.91000, 114.
7.92000, 135.
7.93000, 163.
7.94000, 141.
7.95000, 152.
7.96000, 151.
7.97000, 191.
7.98000, 190.
7.99000, 171.
8.00000, 198.
8.01000, 207.
8.02000, 233.
8.03000, 235.
8.04000, 221.
8.05000, 221.
8.06000, 234.
8.07000, 221.
8.08000, 199.
8.09000, 223.
8.10000, 209.
8.11000, 213.
8.12000, 217.
8.13000, 216.
8.14000, 164.
8.15000, 177.
8.16000, 172.
8.17000, 157.
8.18000, 164.
8.19000, 140.
8.20000, 140.
8.21000, 136.
8.22000, 128.
8.23000, 133.
8.24000, 113.
8.25000, 121.
8.26000, 119.
8.27000, 125.
8.28000, 109.
8.29000, 129.
8.30000, 125.
8.31000, 105.
8.32000, 123.
8.33000, 112.
8.34000, 109.
8.35000, 107.
8.36000, 124.
8.37000, 133.
8.38000, 123.
8.39000, 121.
8.40000, 120.
8.41000, 114.
8.42000, 129.
8.43000, 128.
8.44000, 135.
8.45000, 121.
8.46000, 127.
8.47000, 125.
8.48000, 124.
8.49000, 163.
8.50000, 169.
8.51000, 189.
8.52000, 184.
8.53000, 212.
8.54000, 250.
8.55000, 278.
8.56000, 253.
8.57000, 298.
8.58000, 308.
8.59000, 311.
8.60000, 320.
8.61000, 365.
8.62000, 364.
8.63000, 363.
8.64000, 368.
8.65000, 351.
8.66000, 359.
8.67000, 333.
8.68000, 333.
8.69000, 283.
8.70000, 259.
8.71000, 241.
8.72000, 219.
8.73000, 162.
8.74000, 193.
8.75000, 190.
8.76000, 153.
8.77000, 153.
8.78000, 151.
8.79000, 132.
8.80000, 142.
8.81000, 155.
8.82000, 145.
8.83000, 154.
8.84000, 135.
8.85000, 120.
8.86000, 122.
8.87000, 132.
8.88000, 138.
8.89000, 151.
8.90000, 153.
8.91000, 132.
8.92000, 158.
8.93000, 148.
8.94000, 133.
8.95000, 135.
8.96000, 157.
8.97000, 117.
8.98000, 131.
8.99000, 135.
9.00000, 140.
9.01000, 136.
9.02000, 163.
9.03000, 132.
9.04000, 141.
9.05000, 113.
9.06000, 130.
9.07000, 157.
9.08000, 150.
9.09000, 147.
9.10000, 148.
9.11000, 172.
9.12000, 169.
9.13000, 173.
9.14000, 191.
9.15000, 191.
9.16000, 198.
9.17000, 182.
9.18000, 200.
9.19000, 198.
9.20000, 197.
9.21000, 196.
9.22000, 184.
9.23000, 167.
9.24000, 198.
9.25000, 163.
9.26000, 180.
9.27000, 178.
9.28000, 172.
9.29000, 153.
9.30000, 164.
9.31000, 157.
9.32000, 160.
9.33000, 167.
9.34000, 155.
9.35000, 170.
9.36000, 131.
9.37000, 162.
9.38000, 133.
9.39000, 133.
9.40000, 162.
9.41000, 149.
9.42000, 160.
9.43000, 162.
9.44000, 136.
9.45000, 172.
9.46000, 130.
9.47000, 157.
9.48000, 143.
9.49000, 159.
9.50000, 169.
9.51000, 147.
9.52000, 175.
9.53000, 146.
9.54000, 180.
9.55000, 181.
9.56000, 175.
9.57000, 200.
9.58000, 174.
9.59000, 166.
9.60000, 190.
9.61000, 185.
9.62000, 149.
9.63000, 163.
9.64000, 166.
9.65000, 155.
9.66000, 172.
9.67000, 164.
9.68000, 156.
9.69000, 156.
9.70000, 151.
9.71000, 132.
9.72000, 143.
9.73000, 143.
9.74000, 149.
9.75000, 139.
9.76000, 152.
9.77000, 167.
9.78000, 144.
9.79000, 153.
9.80000, 138.
9.81000, 146.
9.82000, 155.
9.83000, 151.
9.84000, 150.
9.85000, 129.
9.86000, 149.
9.87000, 134.
9.88000, 120.
9.89000, 146.
9.90000, 151.
9.91000, 142.
9.92000, 132.
9.93000, 149.
9.94000, 138.
9.95000, 130.
9.96000, 134.
9.97000, 163.
9.98000, 136.
9.99000, 134.
10.00000, 121.
10.01000, 135.
10.02000, 147.
10.03000, 135.
10.04000, 140.
10.05000, 139.
10.06000, 135.
10.07000, 148.
10.08000, 136.
10.09000, 134.
10.10000, 147.
10.11000, 134.
10.12000, 132.
10.13000, 147.
10.14000, 135.
10.15000, 138.
10.16000, 148.
10.17000, 117.
10.18000, 126.
10.19000, 151.
10.20000, 114.
10.21000, 136.
10.22000, 131.
10.23000, 153.
10.24000, 165.
10.25000, 156.
10.26000, 151.
10.27000, 173.
10.28000, 179.
10.29000, 158.
10.30000, 181.
10.31000, 209.
10.32000, 201.
10.33000, 244.
10.34000, 251.
10.35000, 251.
10.36000, 280.
10.37000, 289.
10.38000, 382.
10.39000, 404.
10.40000, 459.
10.41000, 523.
10.42000, 537.
10.43000, 654.
10.44000, 699.
10.45000, 795.
10.46000, 892.
10.47000, 961.
10.48000, 1069.
10.49000, 1156.
10.50000, 1201.
10.51000, 1260.
10.52000, 1294.
10.53000, 1411.
10.54000, 1355.
10.55000, 1317.
10.56000, 1354.
10.57000, 1345.
10.58000, 1261.
10.59000, 1142.
10.60000, 1084.
10.61000, 965.
10.62000, 848.
10.63000, 792.
10.64000, 671.
10.65000, 590.
10.66000, 516.
10.67000, 490.
10.68000, 421.
10.69000, 345.
10.70000, 288.
10.71000, 293.
10.72000, 216.
10.73000, 200.
10.74000, 211.
10.75000, 191.
10.76000, 182.
10.77000, 158.
10.78000, 181.
10.79000, 159.
10.80000, 155.
10.81000, 169.
10.82000, 171.
10.83000, 159.
10.84000, 170.
10.85000, 163.
10.86000, 170.
10.87000, 151.
10.88000, 164.
10.89000, 153.
10.90000, 169.
10.91000, 154.
10.92000, 159.
10.93000, 166.
10.94000, 160.
10.95000, 142.
10.96000, 143.
10.97000, 175.
10.98000, 167.
10.99000, 140.
11.00000, 137.
11.01000, 166.
11.02000, 159.
11.03000, 163.
11.04000, 186.
11.05000, 147.
11.06000, 165.
11.07000, 183.
11.08000, 193.
11.09000, 176.
11.10000, 166.
11.11000, 178.
11.12000, 179.
11.13000, 178.
11.14000, 191.
11.15000, 200.
11.16000, 183.
11.17000, 191.
11.18000, 221.
11.19000, 225.
11.20000, 211.
11.21000, 200.
11.22000, 211.
11.23000, 203.
11.24000, 220.
11.25000, 215.
11.26000, 199.
11.27000, 193.
11.28000, 187.
11.29000, 204.
11.30000, 219.
11.31000, 186.
11.32000, 188.
11.33000, 226.
11.34000, 155.
11.35000, 191.
11.36000, 175.
11.37000, 185.
11.38000, 162.
11.39000, 166.
11.40000, 177.
11.41000, 168.
11.42000, 166.
11.43000, 144.
11.44000, 173.
11.45000, 172.
11.46000, 140.
11.47000, 153.
11.48000, 168.
11.49000, 153.
11.50000, 153.
11.51000, 159.
11.52000, 165.
11.53000, 159.
11.54000, 162.
11.55000, 164.
11.56000, 164.
11.57000, 146.
11.58000, 172.
11.59000, 145.
11.60000, 193.
11.61000, 152.
11.62000, 173.
11.63000, 164.
11.64000, 166.
11.65000, 170.
11.66000, 152.
11.67000, 165.
11.68000, 144.
11.69000, 147.
11.70000, 152.
11.71000, 166.
11.72000, 173.
11.73000, 180.
11.74000, 171.
11.75000, 144.
11.76000, 185.
11.77000, 174.
11.78000, 168.
11.79000, 173.
11.80000, 165.
11.81000, 166.
11.82000, 185.
11.83000, 175.
11.84000, 176.
11.85000, 147.
11.86000, 172.
11.87000, 200.
11.88000, 181.
11.89000, 176.
11.90000, 169.
11.91000, 171.
11.92000, 157.
11.93000, 170.
11.94000, 158.
11.95000, 174.
11.96000, 190.
11.97000, 177.
11.98000, 172.
11.99000, 177.
12.00000, 181.
12.01000, 166.
12.02000, 187.
12.03000, 167.
12.04000, 176.
12.05000, 194.
12.06000, 172.
12.07000, 188.
12.08000, 185.
12.09000, 211.
12.10000, 172.
12.11000, 193.
12.12000, 191.
12.13000, 189.
12.14000, 196.
12.15000, 219.
12.16000, 236.
12.17000, 206.
12.18000, 206.
12.19000, 221.
12.20000, 210.
12.21000, 218.
12.22000, 231.
12.23000, 233.
12.24000, 214.
12.25000, 239.
12.26000, 217.
12.27000, 249.
12.28000, 212.
12.29000, 249.
12.30000, 254.
12.31000, 235.
12.32000, 229.
12.33000, 241.
12.34000, 272.
12.35000, 257.
12.36000, 233.
12.37000, 224.
12.38000, 250.
12.39000, 244.
12.40000, 217.
12.41000, 275.
12.42000, 289.
12.43000, 327.
12.44000, 329.
12.45000, 389.
12.46000, 415.
12.47000, 442.
12.48000, 543.
12.49000, 596.
12.50000, 678.
12.51000, 755.
12.52000, 830.
12.53000, 887.
12.54000, 964.
12.55000, 1096.
12.56000, 1098.
12.57000, 1120.
12.58000, 1245.
12.59000, 1240.
12.60000, 1323.
12.61000, 1235.
12.62000, 1278.
12.63000, 1201.
12.64000, 1186.
12.65000, 1151.
12.66000, 1150.
12.67000, 1006.
12.68000, 908.
12.69000, 833.
12.70000, 773.
12.71000, 669.
12.72000, 689.
12.73000, 561.
12.74000, 497.
12.75000, 495.
12.76000, 448.
12.77000, 391.
12.78000, 386.
12.79000, 332.
12.80000, 334.
12.81000, 315.
12.82000, 294.
12.83000, 265.
12.84000, 256.
12.85000, 298.
12.86000, 271.
12.87000, 257.
12.88000, 244.
12.89000, 239.
12.90000, 260.
12.91000, 247.
12.92000, 228.
12.93000, 253.
12.94000, 229.
12.95000, 230.
12.96000, 234.
12.97000, 215.
12.98000, 207.
12.99000, 234.
13.00000, 234.
13.01000, 217.
13.02000, 208.
13.03000, 223.
13.04000, 207.
13.05000, 204.
13.06000, 211.
13.07000, 191.
13.08000, 184.
13.09000, 198.
13.10000, 200.
13.11000, 186.
13.12000, 198.
13.13000, 184.
13.14000, 199.
13.15000, 190.
13.16000, 169.
13.17000, 188.
13.18000, 198.
13.19000, 164.
13.20000, 199.
13.21000, 210.
13.22000, 212.
13.23000, 195.
13.24000, 174.
13.25000, 230.
13.26000, 218.
13.27000, 244.
13.28000, 225.
13.29000, 244.
13.30000, 206.
13.31000, 260.
13.32000, 229.
13.33000, 241.
13.34000, 269.
13.35000, 255.
13.36000, 261.
13.37000, 240.
13.38000, 246.
13.39000, 259.
13.40000, 263.
13.41000, 266.
13.42000, 231.
13.43000, 234.
13.44000, 251.
13.45000, 245.
13.46000, 220.
13.47000, 201.
13.48000, 197.
13.49000, 211.
13.50000, 207.
13.51000, 221.
13.52000, 186.
13.53000, 188.
13.54000, 177.
13.55000, 176.
13.56000, 183.
13.57000, 159.
13.58000, 176.
13.59000, 191.
13.60000, 162.
13.61000, 173.
13.62000, 194.
13.63000, 156.
13.64000, 198.
13.65000, 177.
13.66000, 154.
13.67000, 155.
13.68000, 178.
13.69000, 169.
13.70000, 173.
13.71000, 176.
13.72000, 182.
13.73000, 182.
13.74000, 182.
13.75000, 173.
13.76000, 182.
13.77000, 168.
13.78000, 176.
13.79000, 195.
13.80000, 146.
13.81000, 174.
13.82000, 173.
13.83000, 153.
13.84000, 156.
13.85000, 151.
13.86000, 167.
13.87000, 152.
13.88000, 188.
13.89000, 194.
13.90000, 162.
13.91000, 146.
13.92000, 176.
13.93000, 180.
13.94000, 182.
13.95000, 181.
13.96000, 209.
13.97000, 209.
13.98000, 170.
13.99000, 219.
14.00000, 219.
14.01000, 196.
14.02000, 235.
14.03000, 217.
14.04000, 254.
14.05000, 244.
14.06000, 310.
14.07000, 282.
14.08000, 299.
14.09000, 301.
14.10000, 272.
14.11000, 302.
14.12000, 298.
14.13000, 331.
14.14000, 317.
14.15000, 319.
14.16000, 297.
14.17000, 301.
14.18000, 299.
14.19000, 278.
14.20000, 258.
14.21000, 252.
14.22000, 263.
14.23000, 246.
14.24000, 230.
14.25000, 251.
14.26000, 206.
14.27000, 225.
14.28000, 205.
14.29000, 189.
14.30000, 207.
14.31000, 176.
14.32000, 192.
14.33000, 183.
14.34000, 195.
14.35000, 179.
14.36000, 171.
14.37000, 159.
14.38000, 180.
14.39000, 177.
14.40000, 173.
14.41000, 186.
14.42000, 149.
14.43000, 170.
14.44000, 183.
14.45000, 152.
14.46000, 160.
14.47000, 163.
14.48000, 189.
14.49000, 201.
14.50000, 186.
14.51000, 194.
14.52000, 175.
14.53000, 169.
14.54000, 187.
14.55000, 190.
14.56000, 183.
14.57000, 187.
14.58000, 173.
14.59000, 193.
14.60000, 206.
14.61000, 226.
14.62000, 220.
14.63000, 199.
14.64000, 236.
14.65000, 264.
14.66000, 283.
14.67000, 274.
14.68000, 302.
14.69000, 314.
14.70000, 327.
14.71000, 335.
14.72000, 349.
14.73000, 320.
14.74000, 335.
14.75000, 339.
14.76000, 381.
14.77000, 368.
14.78000, 342.
14.79000, 338.
14.80000, 324.
14.81000, 314.
14.82000, 303.
14.83000, 299.
14.84000, 281.
14.85000, 253.
14.86000, 268.
14.87000, 258.
14.88000, 266.
14.89000, 219.
14.90000, 237.
14.91000, 222.
14.92000, 234.
14.93000, 233.
14.94000, 234.
14.95000, 218.
14.96000, 215.
14.97000, 192.
14.98000, 211.
14.99000, 209.
15.00000, 224.
15.01000, 199.
15.02000, 213.
15.03000, 205.
15.04000, 208.
15.05000, 207.
15.06000, 218.
15.07000, 194.
15.08000, 217.
15.09000, 224.
15.10000, 217.
15.11000, 211.
15.12000, 237.
15.13000, 198.
15.14000, 211.
15.15000, 238.
15.16000, 227.
15.17000, 207.
15.18000, 235.
15.19000, 215.
15.20000, 235.
15.21000, 213.
15.22000, 219.
15.23000, 195.
15.24000, 182.
15.25000, 195.
15.26000, 208.
15.27000, 182.
15.28000, 203.
15.29000, 200.
15.30000, 189.
15.31000, 163.
15.32000, 149.
15.33000, 156.
15.34000, 179.
15.35000, 165.
15.36000, 168.
15.37000, 150.
15.38000, 186.
15.39000, 167.
15.40000, 149.
15.41000, 170.
15.42000, 163.
15.43000, 169.
15.44000, 156.
15.45000, 173.
15.46000, 190.
15.47000, 172.
15.48000, 169.
15.49000, 196.
15.50000, 190.
15.51000, 169.
15.52000, 190.
15.53000, 212.
15.54000, 211.
15.55000, 207.
15.56000, 217.
15.57000, 226.
15.58000, 244.
15.59000, 240.
15.60000, 284.
15.61000, 289.
15.62000, 268.
15.63000, 276.
15.64000, 291.
15.65000, 301.
15.66000, 369.
15.67000, 337.
15.68000, 383.
15.69000, 364.
15.70000, 380.
15.71000, 410.
15.72000, 355.
15.73000, 398.
15.74000, 386.
15.75000, 390.
15.76000, 443.
15.77000, 416.
15.78000, 370.
15.79000, 385.
15.80000, 401.
15.81000, 347.
15.82000, 316.
15.83000, 314.
15.84000, 311.
15.85000, 266.
15.86000, 282.
15.87000, 287.
15.88000, 245.
15.89000, 253.
15.90000, 219.
15.91000, 229.
15.92000, 191.
15.93000, 185.
15.94000, 196.
15.95000, 172.
15.96000, 203.
15.97000, 175.
15.98000, 155.
15.99000, 159.
16.00000, 179.
16.01000, 157.
16.02000, 168.
16.03000, 177.
16.04000, 142.
16.05000, 184.
16.06000, 159.
16.07000, 139.
16.08000, 166.
16.09000, 165.
16.10000, 179.
16.11000, 168.
16.12000, 178.
16.13000, 174.
16.14000, 138.
16.15000, 165.
16.16000, 168.
16.17000, 154.
16.18000, 173.
16.19000, 171.
16.20000, 178.
16.21000, 179.
16.22000, 136.
16.23000, 159.
16.24000, 170.
16.25000, 162.
16.26000, 152.
16.27000, 159.
16.28000, 151.
16.29000, 144.
16.30000, 141.
16.31000, 153.
16.32000, 176.
16.33000, 146.
16.34000, 152.
16.35000, 164.
16.36000, 167.
16.37000, 151.
16.38000, 176.
16.39000, 157.
16.40000, 162.
16.41000, 150.
16.42000, 172.
16.43000, 160.
16.44000, 193.
16.45000, 162.
16.46000, 159.
16.47000, 156.
16.48000, 163.
16.49000, 174.
16.50000, 166.
16.51000, 176.
16.52000, 157.
16.53000, 155.
16.54000, 171.
16.55000, 185.
16.56000, 166.
16.57000, 161.
16.58000, 159.
16.59000, 171.
16.60000, 166.
16.61000, 161.
16.62000, 171.
16.63000, 171.
16.64000, 190.
16.65000, 164.
16.66000, 167.
16.67000, 183.
16.68000, 186.
16.69000, 155.
16.70000, 175.
16.71000, 167.
16.72000, 165.
16.73000, 171.
16.74000, 153.
16.75000, 173.
16.76000, 181.
16.77000, 145.
16.78000, 155.
16.79000, 133.
16.80000, 140.
16.81000, 164.
16.82000, 158.
16.83000, 182.
16.84000, 163.
16.85000, 136.
16.86000, 152.
16.87000, 167.
16.88000, 134.
16.89000, 139.
16.90000, 166.
16.91000, 184.
16.92000, 182.
16.93000, 144.
16.94000, 172.
16.95000, 199.
16.96000, 155.
16.97000, 146.
16.98000, 168.
16.99000, 169.
17.00000, 175.
17.01000, 172.
17.02000, 176.
17.03000, 173.
17.04000, 155.
17.05000, 166.
17.06000, 153.
17.07000, 177.
17.08000, 157.
17.09000, 185.
17.10000, 169.
17.11000, 155.
17.12000, 163.
17.13000, 148.
17.14000, 171.
17.15000, 177.
17.16000, 170.
17.17000, 160.
17.18000, 149.
17.19000, 151.
17.20000, 178.
17.21000, 183.
17.22000, 192.
17.23000, 163.
17.24000, 181.
17.25000, 183.
17.26000, 173.
17.27000, 168.
17.28000, 159.
17.29000, 163.
17.30000, 162.
17.31000, 159.
17.32000, 181.
17.33000, 175.
17.34000, 179.
17.35000, 168.
17.36000, 181.
17.37000, 190.
17.38000, 174.
17.39000, 152.
17.40000, 185.
17.41000, 193.
17.42000, 212.
17.43000, 177.
17.44000, 174.
17.45000, 174.
17.46000, 165.
17.47000, 186.
17.48000, 181.
17.49000, 187.
17.50000, 170.
17.51000, 178.
17.52000, 196.
17.53000, 203.
17.54000, 180.
17.55000, 212.
17.56000, 220.
17.57000, 207.
17.58000, 218.
17.59000, 244.
17.60000, 231.
17.61000, 221.
17.62000, 231.
17.63000, 234.
17.64000, 211.
17.65000, 237.
17.66000, 207.
17.67000, 235.
17.68000, 244.
17.69000, 221.
17.70000, 216.
17.71000, 216.
17.72000, 231.
17.73000, 221.
17.74000, 231.
17.75000, 197.
17.76000, 216.
17.77000, 196.
17.78000, 206.
17.79000, 221.
17.80000, 235.
17.81000, 224.
17.82000, 225.
17.83000, 228.
17.84000, 216.
17.85000, 235.
17.86000, 245.
17.87000, 179.
17.88000, 221.
17.89000, 217.
17.90000, 206.
17.91000, 248.
17.92000, 216.
17.93000, 191.
17.94000, 270.
17.95000, 219.
17.96000, 242.
17.97000, 257.
17.98000, 237.
17.99000, 275.
18.00000, 223.
18.01000, 235.
18.02000, 280.
18.03000, 237.
18.04000, 232.
18.05000, 239.
18.06000, 246.
18.07000, 287.
18.08000, 260.
18.09000, 266.
18.10000, 298.
18.11000, 286.
18.12000, 245.
18.13000, 271.
18.14000, 261.
18.15000, 261.
18.16000, 322.
18.17000, 282.
18.18000, 320.
18.19000, 295.
18.20000, 294.
18.21000, 309.
18.22000, 327.
18.23000, 320.
18.24000, 290.
18.25000, 358.
18.26000, 325.
18.27000, 318.
18.28000, 360.
18.29000, 388.
18.30000, 376.
18.31000, 416.
18.32000, 389.
18.33000, 368.
18.34000, 383.
18.35000, 393.
18.36000, 386.
18.37000, 434.
18.38000, 447.
18.39000, 415.
18.40000, 469.
18.41000, 456.
18.42000, 543.
18.43000, 479.
18.44000, 519.
18.45000, 552.
18.46000, 520.
18.47000, 576.
18.48000, 553.
18.49000, 575.
18.50000, 596.
18.51000, 621.
18.52000, 677.
18.53000, 650.
18.54000, 690.
18.55000, 721.
18.56000, 687.
18.57000, 697.
18.58000, 759.
18.59000, 800.
18.60000, 771.
18.61000, 830.
18.62000, 833.
18.63000, 827.
18.64000, 839.
18.65000, 887.
18.66000, 809.
18.67000, 938.
18.68000, 840.
18.69000, 909.
18.70000, 905.
18.71000, 934.
18.72000, 941.
18.73000, 938.
18.74000, 943.
18.75000, 968.
18.76000, 1014.
18.77000, 958.
18.78000, 979.
18.79000, 1000.
18.80000, 974.
18.81000, 923.
18.82000, 974.
18.83000, 984.
18.84000, 1003.
18.85000, 942.
18.86000, 917.
18.87000, 983.
18.88000, 920.
18.89000, 870.
18.90000, 943.
18.91000, 891.
18.92000, 892.
18.93000, 928.
18.94000, 925.
18.95000, 835.
18.96000, 837.
18.97000, 795.
18.98000, 789.
18.99000, 789.
19.00000, 802.
19.01000, 763.
19.02000, 797.
19.03000, 753.
19.04000, 690.
19.05000, 674.
19.06000, 703.
19.07000, 660.
19.08000, 664.
19.09000, 651.
19.10000, 566.
19.11000, 584.
19.12000, 595.
19.13000, 586.
19.14000, 540.
19.15000, 542.
19.16000, 505.
19.17000, 538.
19.18000, 520.
19.19000, 449.
19.20000, 459.
19.21000, 428.
19.22000, 408.
19.23000, 454.
19.24000, 428.
19.25000, 392.
19.26000, 404.
19.27000, 413.
19.28000, 391.
19.29000, 378.
19.30000, 374.
19.31000, 394.
19.32000, 343.
19.33000, 317.
19.34000, 344.
19.35000, 290.
19.36000, 322.
19.37000, 294.
19.38000, 302.
19.39000, 278.
19.40000, 309.
19.41000, 322.
19.42000, 253.
19.43000, 277.
19.44000, 270.
19.45000, 261.
19.46000, 225.
19.47000, 251.
19.48000, 257.
19.49000, 259.
19.50000, 245.
19.51000, 293.
19.52000, 245.
19.53000, 258.
19.54000, 259.
19.55000, 246.
19.56000, 243.
19.57000, 219.
19.58000, 229.
19.59000, 212.
19.60000, 235.
19.61000, 199.
19.62000, 202.
19.63000, 232.
19.64000, 192.
19.65000, 192.
19.66000, 185.
19.67000, 201.
19.68000, 217.
19.69000, 219.
19.70000, 181.
19.71000, 224.
19.72000, 170.
19.73000, 203.
19.74000, 193.
19.75000, 189.
19.76000, 197.
19.77000, 164.
19.78000, 185.
19.79000, 208.
19.80000, 188.
19.81000, 193.
19.82000, 182.
19.83000, 191.
19.84000, 198.
19.85000, 202.
19.86000, 211.
19.87000, 217.
19.88000, 214.
19.89000, 248.
19.90000, 247.
19.91000, 252.
19.92000, 250.
19.93000, 272.
19.94000, 294.
19.95000, 293.
19.96000, 359.
19.97000, 330.
19.98000, 336.
19.99000, 346.
20.00000, 395.
20.01000, 429.
20.02000, 441.
20.03000, 450.
20.04000, 454.
20.05000, 508.
20.06000, 486.
20.07000, 523.
20.08000, 531.
20.09000, 525.
20.10000, 519.
20.11000, 594.
20.12000, 636.
20.13000, 585.
20.14000, 634.
20.15000, 613.
20.16000, 622.
20.17000, 568.
20.18000, 558.
20.19000, 550.
20.20000, 576.
20.21000, 522.
20.22000, 510.
20.23000, 491.
20.24000, 529.
20.25000, 480.
20.26000, 451.
20.27000, 396.
20.28000, 370.
20.29000, 347.
20.30000, 324.
20.31000, 308.
20.32000, 334.
20.33000, 285.
20.34000, 261.
20.35000, 251.
20.36000, 248.
20.37000, 228.
20.38000, 210.
20.39000, 196.
20.40000, 201.
20.41000, 185.
20.42000, 170.
20.43000, 161.
20.44000, 153.
20.45000, 156.
20.46000, 188.
20.47000, 157.
20.48000, 161.
20.49000, 149.
20.50000, 145.
20.51000, 164.
20.52000, 196.
20.53000, 151.
20.54000, 169.
20.55000, 189.
20.56000, 203.
20.57000, 189.
20.58000, 178.
20.59000, 176.
20.60000, 181.
20.61000, 177.
20.62000, 194.
20.63000, 181.
20.64000, 218.
20.65000, 209.
20.66000, 191.
20.67000, 208.
20.68000, 220.
20.69000, 213.
20.70000, 208.
20.71000, 239.
20.72000, 242.
20.73000, 210.
20.74000, 220.
20.75000, 225.
20.76000, 219.
20.77000, 235.
20.78000, 244.
20.79000, 233.
20.80000, 241.
20.81000, 256.
20.82000, 271.
20.83000, 306.
20.84000, 229.
20.85000, 229.
20.86000, 243.
20.87000, 237.
20.88000, 262.
20.89000, 254.
20.90000, 260.
20.91000, 235.
20.92000, 258.
20.93000, 283.
20.94000, 253.
20.95000, 267.
20.96000, 244.
20.97000, 236.
20.98000, 284.
20.99000, 267.
21.00000, 259.
21.01000, 241.
21.02000, 278.
21.03000, 247.
21.04000, 290.
21.05000, 275.
21.06000, 239.
21.07000, 263.
21.08000, 249.
21.09000, 274.
21.10000, 265.
21.11000, 263.
21.12000, 244.
21.13000, 231.
21.14000, 268.
21.15000, 237.
21.16000, 250.
21.17000, 255.
21.18000, 224.
21.19000, 268.
21.20000, 240.
21.21000, 236.
21.22000, 244.
21.23000, 227.
21.24000, 237.
21.25000, 187.
21.26000, 243.
21.27000, 220.
21.28000, 212.
21.29000, 205.
21.30000, 237.
21.31000, 191.
21.32000, 205.
21.33000, 187.
21.34000, 172.
21.35000, 180.
21.36000, 185.
21.37000, 173.
21.38000, 188.
21.39000, 183.
21.40000, 214.
21.41000, 165.
21.42000, 170.
21.43000, 190.
21.44000, 180.
21.45000, 173.
21.46000, 165.
21.47000, 150.
21.48000, 163.
21.49000, 170.
21.50000, 157.
21.51000, 146.
21.52000, 163.
21.53000, 171.
21.54000, 131.
21.55000, 125.
21.56000, 139.
21.57000, 162.
21.58000, 144.
21.59000, 146.
21.60000, 137.
21.61000, 157.
21.62000, 157.
21.63000, 146.
21.64000, 141.
21.65000, 141.
21.66000, 159.
21.67000, 130.
21.68000, 135.
21.69000, 125.
21.70000, 137.
21.71000, 149.
21.72000, 123.
21.73000, 122.
21.74000, 107.
21.75000, 121.
21.76000, 129.
21.77000, 125.
21.78000, 110.
21.79000, 114.
21.80000, 118.
21.81000, 115.
21.82000, 118.
21.83000, 106.
21.84000, 108.
21.85000, 136.
21.86000, 119.
21.87000, 96.
21.88000, 108.
21.89000, 106.
21.90000, 115.
21.91000, 123.
21.92000, 125.
21.93000, 125.
21.94000, 130.
21.95000, 111.
21.96000, 92.
21.97000, 98.
21.98000, 89.
21.99000, 122.
22.00000, 87.
22.01000, 106.
22.02000, 108.
22.03000, 111.
22.04000, 76.
22.05000, 91.
22.06000, 108.
22.07000, 97.
22.08000, 114.
22.09000, 94.
22.10000, 107.
22.11000, 85.
22.12000, 90.
22.13000, 105.
22.14000, 79.
22.15000, 83.
22.16000, 98.
22.17000, 104.
22.18000, 95.
22.19000, 103.
22.20000, 97.
22.21000, 87.
22.22000, 85.
22.23000, 87.
22.24000, 93.
22.25000, 93.
22.26000, 81.
22.27000, 114.
22.28000, 98.
22.29000, 97.
22.30000, 87.
22.31000, 85.
22.32000, 80.
22.33000, 82.
22.34000, 97.
22.35000, 65.
22.36000, 75.
22.37000, 74.
22.38000, 109.
22.39000, 82.
22.40000, 114.
22.41000, 85.
22.42000, 90.
22.43000, 83.
22.44000, 78.
22.45000, 98.
22.46000, 91.
22.47000, 96.
22.48000, 93.
22.49000, 95.
22.50000, 102.
22.51000, 93.
22.52000, 129.
22.53000, 117.
22.54000, 116.
22.55000, 127.
22.56000, 123.
22.57000, 133.
22.58000, 117.
22.59000, 146.
22.60000, 121.
22.61000, 131.
22.62000, 138.
22.63000, 152.
22.64000, 134.
22.65000, 158.
22.66000, 171.
22.67000, 137.
22.68000, 150.
22.69000, 145.
22.70000, 140.
22.71000, 163.
22.72000, 143.
22.73000, 144.
22.74000, 133.
22.75000, 148.
22.76000, 124.
22.77000, 131.
22.78000, 155.
22.79000, 130.
22.80000, 113.
22.81000, 130.
22.82000, 110.
22.83000, 127.
22.84000, 98.
22.85000, 104.
22.86000, 80.
22.87000, 96.
22.88000, 90.
22.89000, 88.
22.90000, 86.
22.91000, 99.
22.92000, 87.
22.93000, 74.
22.94000, 80.
22.95000, 76.
22.96000, 96.
22.97000, 82.
22.98000, 79.
22.99000, 89.
23.00000, 88.
23.01000, 94.
23.02000, 77.
23.03000, 55.
23.04000, 76.
23.05000, 81.
23.06000, 80.
23.07000, 75.
23.08000, 72.
23.09000, 85.
23.10000, 86.
23.11000, 80.
23.12000, 81.
23.13000, 85.
23.14000, 84.
23.15000, 87.
23.16000, 91.
23.17000, 92.
23.18000, 78.
23.19000, 76.
23.20000, 83.
23.21000, 91.
23.22000, 90.
23.23000, 100.
23.24000, 77.
23.25000, 78.
23.26000, 89.
23.27000, 89.
23.28000, 94.
23.29000, 92.
23.30000, 76.
23.31000, 76.
23.32000, 73.
23.33000, 83.
23.34000, 66.
23.35000, 79.
23.36000, 66.
23.37000, 78.
23.38000, 84.
23.39000, 81.
23.40000, 83.
23.41000, 52.
23.42000, 80.
23.43000, 72.
23.44000, 70.
23.45000, 81.
23.46000, 80.
23.47000, 77.
23.48000, 95.
23.49000, 71.
23.50000, 76.
23.51000, 80.
23.52000, 74.
23.53000, 67.
23.54000, 79.
23.55000, 59.
23.56000, 67.
23.57000, 71.
23.58000, 75.
23.59000, 68.
23.60000, 87.
23.61000, 97.
23.62000, 61.
23.63000, 75.
23.64000, 59.
23.65000, 72.
23.66000, 82.
23.67000, 66.
23.68000, 70.
23.69000, 82.
23.70000, 64.
23.71000, 77.
23.72000, 75.
23.73000, 73.
23.74000, 81.
23.75000, 71.
23.76000, 66.
23.77000, 75.
23.78000, 70.
23.79000, 59.
23.80000, 88.
23.81000, 72.
23.82000, 84.
23.83000, 62.
23.84000, 76.
23.85000, 50.
23.86000, 66.
23.87000, 76.
23.88000, 73.
23.89000, 74.
23.90000, 68.
23.91000, 73.
23.92000, 84.
23.93000, 71.
23.94000, 68.
23.95000, 66.
23.96000, 76.
23.97000, 63.
23.98000, 85.
23.99000, 65.
24.00000, 80.
24.01000, 82.
24.02000, 68.
24.03000, 84.
24.04000, 73.
24.05000, 82.
24.06000, 78.
24.07000, 60.
24.08000, 71.
24.09000, 65.
24.10000, 82.
24.11000, 78.
24.12000, 72.
24.13000, 66.
24.14000, 65.
24.15000, 62.
24.16000, 68.
24.17000, 66.
24.18000, 75.
24.19000, 68.
24.20000, 70.
24.21000, 75.
24.22000, 65.
24.23000, 73.
24.24000, 67.
24.25000, 71.
24.26000, 57.
24.27000, 74.
24.28000, 61.
24.29000, 67.
24.30000, 67.
24.31000, 54.
24.32000, 63.
24.33000, 71.
24.34000, 74.
24.35000, 57.
24.36000, 67.
24.37000, 63.
24.38000, 64.
24.39000, 68.
24.40000, 75.
24.41000, 71.
24.42000, 73.
24.43000, 58.
24.44000, 63.
24.45000, 64.
24.46000, 55.
24.47000, 60.
24.48000, 75.
24.49000, 70.
24.50000, 57.
24.51000, 69.
24.52000, 74.
24.53000, 75.
24.54000, 73.
24.55000, 69.
24.56000, 69.
24.57000, 68.
24.58000, 63.
24.59000, 76.
24.60000, 79.
24.61000, 69.
24.62000, 75.
24.63000, 66.
24.64000, 64.
24.65000, 72.
24.66000, 60.
24.67000, 61.
24.68000, 68.
24.69000, 79.
24.70000, 66.
24.71000, 63.
24.72000, 78.
24.73000, 61.
24.74000, 66.
24.75000, 79.
24.76000, 83.
24.77000, 76.
24.78000, 69.
24.79000, 76.
24.80000, 77.
24.81000, 84.
24.82000, 80.
24.83000, 72.
24.84000, 82.
24.85000, 79.
24.86000, 66.
24.87000, 60.
24.88000, 71.
24.89000, 74.
24.90000, 66.
24.91000, 69.
24.92000, 77.
24.93000, 77.
24.94000, 73.
24.95000, 84.
24.96000, 69.
24.97000, 61.
24.98000, 86.
24.99000, 68.
25.00000, 79.
25.01000, 75.
25.02000, 73.
25.03000, 67.
25.04000, 69.
25.05000, 80.
25.06000, 73.
25.07000, 84.
25.08000, 66.
25.09000, 85.
25.10000, 57.
25.11000, 60.
25.12000, 72.
25.13000, 75.
25.14000, 67.
25.15000, 78.
25.16000, 62.
25.17000, 62.
25.18000, 88.
25.19000, 61.
25.20000, 77.
25.21000, 70.
25.22000, 89.
25.23000, 55.
25.24000, 70.
25.25000, 71.
25.26000, 69.
25.27000, 73.
25.28000, 73.
25.29000, 80.
25.30000, 71.
25.31000, 61.
25.32000, 73.
25.33000, 67.
25.34000, 73.
25.35000, 57.
25.36000, 65.
25.37000, 64.
25.38000, 76.
25.39000, 65.
25.40000, 73.
25.41000, 67.
25.42000, 62.
25.43000, 60.
25.44000, 71.
25.45000, 57.
25.46000, 74.
25.47000, 58.
25.48000, 74.
25.49000, 71.
25.50000, 58.
25.51000, 54.
25.52000, 65.
25.53000, 88.
25.54000, 52.
25.55000, 65.
25.56000, 59.
25.57000, 75.
25.58000, 55.
25.59000, 56.
25.60000, 72.
25.61000, 69.
25.62000, 62.
25.63000, 65.
25.64000, 67.
25.65000, 60.
25.66000, 68.
25.67000, 59.
25.68000, 65.
25.69000, 61.
25.70000, 59.
25.71000, 60.
25.72000, 48.
25.73000, 59.
25.74000, 77.
25.75000, 65.
25.76000, 62.
25.77000, 69.
25.78000, 61.
25.79000, 58.
25.80000, 59.
25.81000, 61.
25.82000, 60.
25.83000, 56.
25.84000, 64.
25.85000, 54.
25.86000, 62.
25.87000, 62.
25.88000, 55.
25.89000, 64.
25.90000, 66.
25.91000, 69.
25.92000, 53.
25.93000, 65.
25.94000, 53.
25.95000, 50.
25.96000, 69.
25.97000, 60.
25.98000, 61.
25.99000, 63.
26.00000, 67.
26.01000, 56.
26.02000, 45.
26.03000, 55.
26.04000, 58.
26.05000, 57.
26.06000, 58.
26.07000, 49.
26.08000, 59.
26.09000, 59.
26.10000, 59.
26.11000, 57.
26.12000, 59.
26.13000, 52.
26.14000, 54.
26.15000, 61.
26.16000, 66.
26.17000, 56.
26.18000, 49.
26.19000, 63.
26.20000, 63.
26.21000, 55.
26.22000, 59.
26.23000, 49.
26.24000, 61.
26.25000, 67.
26.26000, 54.
26.27000, 65.
26.28000, 69.
26.29000, 53.
26.30000, 69.
26.31000, 64.
26.32000, 55.
26.33000, 64.
26.34000, 61.
26.35000, 45.
26.36000, 53.
26.37000, 62.
26.38000, 57.
26.39000, 57.
26.40000, 54.
26.41000, 67.
26.42000, 59.
26.43000, 76.
26.44000, 63.
26.45000, 64.
26.46000, 46.
26.47000, 53.
26.48000, 65.
26.49000, 49.
26.50000, 49.
26.51000, 62.
26.52000, 54.
26.53000, 75.
26.54000, 70.
26.55000, 66.
26.56000, 63.
26.57000, 60.
26.58000, 50.
26.59000, 50.
26.60000, 68.
26.61000, 58.
26.62000, 59.
26.63000, 60.
26.64000, 51.
26.65000, 56.
26.66000, 58.
26.67000, 53.
26.68000, 54.
26.69000, 51.
26.70000, 61.
26.71000, 54.
26.72000, 50.
26.73000, 46.
26.74000, 53.
26.75000, 61.
26.76000, 48.
26.77000, 42.
26.78000, 45.
26.79000, 59.
26.80000, 49.
26.81000, 55.
26.82000, 71.
26.83000, 55.
26.84000, 47.
26.85000, 53.
26.86000, 57.
26.87000, 43.
26.88000, 55.
26.89000, 58.
26.90000, 46.
26.91000, 38.
26.92000, 57.
26.93000, 43.
26.94000, 51.
26.95000, 48.
26.96000, 62.
26.97000, 55.
26.98000, 61.
26.99000, 58.
27.00000, 54.
27.01000, 71.
27.02000, 50.
27.03000, 52.
27.04000, 60.
27.05000, 52.
27.06000, 55.
27.07000, 57.
27.08000, 47.
27.09000, 42.
27.10000, 53.
27.11000, 57.
27.12000, 45.
27.13000, 47.
27.14000, 56.
27.15000, 48.
27.16000, 52.
27.17000, 55.
27.18000, 70.
27.19000, 69.
27.20000, 69.
27.21000, 57.
27.22000, 59.
27.23000, 57.
27.24000, 46.
27.25000, 48.
27.26000, 58.
27.27000, 45.
27.28000, 51.
27.29000, 61.
27.30000, 58.
27.31000, 46.
27.32000, 65.
27.33000, 58.
27.34000, 50.
27.35000, 51.
27.36000, 55.
27.37000, 42.
27.38000, 55.
27.39000, 45.
27.40000, 45.
27.41000, 53.
27.42000, 49.
27.43000, 54.
27.44000, 48.
27.45000, 46.
27.46000, 47.
27.47000, 48.
27.48000, 51.
27.49000, 52.
27.50000, 34.
27.51000, 54.
27.52000, 54.
27.53000, 47.
27.54000, 51.
27.55000, 49.
27.56000, 49.
27.57000, 55.
27.58000, 47.
27.59000, 37.
27.60000, 33.
27.61000, 34.
27.62000, 58.
27.63000, 43.
27.64000, 47.
27.65000, 54.
27.66000, 47.
27.67000, 67.
27.68000, 57.
27.69000, 54.
27.70000, 50.
27.71000, 52.
27.72000, 45.
27.73000, 58.
27.74000, 46.
27.75000, 61.
27.76000, 38.
27.77000, 51.
27.78000, 40.
27.79000, 51.
27.80000, 53.
27.81000, 59.
27.82000, 40.
27.83000, 39.
27.84000, 46.
27.85000, 59.
27.86000, 60.
27.87000, 51.
27.88000, 49.
27.89000, 47.
27.90000, 56.
27.91000, 53.
27.92000, 51.
27.93000, 42.
27.94000, 44.
27.95000, 57.
27.96000, 45.
27.97000, 43.
27.98000, 52.
27.99000, 53.
28.00000, 41.
28.01000, 57.
28.02000, 39.
28.03000, 43.
28.04000, 47.
28.05000, 55.
28.06000, 58.
28.07000, 39.
28.08000, 41.
28.09000, 38.
28.10000, 49.
28.11000, 42.
28.12000, 55.
28.13000, 27.
28.14000, 53.
28.15000, 47.
28.16000, 48.
28.17000, 42.
28.18000, 56.
28.19000, 49.
28.20000, 41.
28.21000, 40.
28.22000, 47.
28.23000, 52.
28.24000, 55.
28.25000, 48.
28.26000, 49.
28.27000, 55.
28.28000, 40.
28.29000, 34.
28.30000, 49.
28.31000, 56.
28.32000, 57.
28.33000, 42.
28.34000, 40.
28.35000, 50.
28.36000, 47.
28.37000, 46.
28.38000, 62.
28.39000, 41.
28.40000, 53.
28.41000, 52.
28.42000, 44.
28.43000, 38.
28.44000, 42.
28.45000, 56.
28.46000, 40.
28.47000, 43.
28.48000, 58.
28.49000, 49.
28.50000, 59.
28.51000, 57.
28.52000, 60.
28.53000, 36.
28.54000, 43.
28.55000, 52.
28.56000, 48.
28.57000, 35.
28.58000, 39.
28.59000, 39.
28.60000, 45.
28.61000, 45.
28.62000, 32.
28.63000, 51.
28.64000, 52.
28.65000, 48.
28.66000, 56.
28.67000, 46.
28.68000, 35.
28.69000, 30.
28.70000, 42.
28.71000, 41.
28.72000, 51.
28.73000, 46.
28.74000, 47.
28.75000, 41.
28.76000, 37.
28.77000, 53.
28.78000, 35.
28.79000, 45.
28.80000, 46.
28.81000, 46.
28.82000, 39.
28.83000, 48.
28.84000, 50.
28.85000, 31.
28.86000, 53.
28.87000, 39.
28.88000, 43.
28.89000, 53.
28.90000, 49.
28.91000, 43.
28.92000, 27.
28.93000, 43.
28.94000, 33.
28.95000, 42.
28.96000, 47.
28.97000, 44.
28.98000, 44.
28.99000, 32.
29.00000, 42.
29.01000, 44.
29.02000, 54.
29.03000, 51.
29.04000, 49.
29.05000, 42.
29.06000, 39.
29.07000, 52.
29.08000, 48.
29.09000, 43.
29.10000, 51.
29.11000, 55.
29.12000, 38.
29.13000, 28.
29.14000, 37.
29.15000, 37.
29.16000, 36.
29.17000, 55.
29.18000, 38.
29.19000, 46.
29.20000, 37.
29.21000, 35.
29.22000, 44.
29.23000, 48.
29.24000, 36.
29.25000, 51.
29.26000, 40.
29.27000, 33.
29.28000, 43.
29.29000, 43.
29.30000, 35.
29.31000, 40.
29.32000, 46.
29.33000, 44.
29.34000, 29.
29.35000, 39.
29.36000, 32.
29.37000, 46.
29.38000, 38.
29.39000, 51.
29.40000, 39.
29.41000, 41.
29.42000, 46.
29.43000, 38.
29.44000, 38.
29.45000, 49.
29.46000, 33.
29.47000, 40.
29.48000, 46.
29.49000, 29.
29.50000, 43.
29.51000, 32.
29.52000, 35.
29.53000, 36.
29.54000, 37.
29.55000, 35.
29.56000, 27.
29.57000, 43.
29.58000, 27.
29.59000, 51.
29.60000, 37.
29.61000, 36.
29.62000, 29.
29.63000, 39.
29.64000, 42.
29.65000, 45.
29.66000, 28.
29.67000, 45.
29.68000, 48.
29.69000, 42.
29.70000, 28.
29.71000, 44.
29.72000, 43.
29.73000, 33.
29.74000, 36.
29.75000, 36.
29.76000, 29.
29.77000, 41.
29.78000, 49.
29.79000, 49.
29.80000, 39.
29.81000, 29.
29.82000, 27.
29.83000, 28.
29.84000, 38.
29.85000, 35.
29.86000, 31.
29.87000, 40.
29.88000, 34.
29.89000, 41.
29.90000, 38.
29.91000, 40.
29.92000, 35.
29.93000, 34.
29.94000, 40.
29.95000, 41.
29.96000, 41.
29.97000, 37.
29.98000, 40.
29.99000, 35.
30.00000, 36.
30.01000, 33.
30.02000, 43.
30.03000, 47.
30.04000, 36.
30.05000, 28.
30.06000, 39.
30.07000, 44.
30.08000, 38.
30.09000, 36.
30.10000, 41.
30.11000, 51.
30.12000, 34.
30.13000, 25.
30.14000, 40.
30.15000, 37.
30.16000, 42.
30.17000, 42.
30.18000, 37.
30.19000, 34.
30.20000, 47.
30.21000, 35.
30.22000, 30.
30.23000, 45.
30.24000, 39.
30.25000, 38.
30.26000, 33.
30.27000, 39.
30.28000, 33.
30.29000, 33.
30.30000, 33.
30.31000, 39.
30.32000, 40.
30.33000, 42.
30.34000, 39.
30.35000, 36.
30.36000, 33.
30.37000, 40.
30.38000, 36.
30.39000, 26.
30.40000, 18.
30.41000, 42.
30.42000, 33.
30.43000, 33.
30.44000, 31.
30.45000, 22.
30.46000, 41.
30.47000, 40.
30.48000, 30.
30.49000, 36.
30.50000, 35.
30.51000, 38.
30.52000, 32.
30.53000, 27.
30.54000, 41.
30.55000, 41.
30.56000, 24.
30.57000, 39.
30.58000, 33.
30.59000, 39.
30.60000, 22.
30.61000, 41.
30.62000, 32.
30.63000, 37.
30.64000, 46.
30.65000, 40.
30.66000, 33.
30.67000, 33.
30.68000, 40.
30.69000, 29.
30.70000, 24.
30.71000, 36.
30.72000, 34.
30.73000, 26.
30.74000, 30.
30.75000, 31.
30.76000, 36.
30.77000, 27.
30.78000, 42.
30.79000, 31.
30.80000, 36.
30.81000, 39.
30.82000, 26.
30.83000, 21.
30.84000, 41.
30.85000, 24.
30.86000, 39.
30.87000, 31.
30.88000, 29.
30.89000, 34.
30.90000, 33.
30.91000, 41.
30.92000, 29.
30.93000, 34.
30.94000, 31.
30.95000, 34.
30.96000, 34.
30.97000, 27.
30.98000, 29.
30.99000, 27.
31.00000, 38.
31.01000, 37.
31.02000, 35.
31.03000, 33.
31.04000, 36.
31.05000, 34.
31.06000, 30.
31.07000, 42.
31.08000, 28.
31.09000, 23.
31.10000, 42.
31.11000, 31.
31.12000, 36.
31.13000, 28.
31.14000, 37.
31.15000, 41.
31.16000, 33.
31.17000, 35.
31.18000, 42.
31.19000, 30.
31.20000, 33.
31.21000, 30.
31.22000, 36.
31.23000, 35.
31.24000, 46.
31.25000, 36.
31.26000, 36.
31.27000, 36.
31.28000, 26.
31.29000, 27.
31.30000, 27.
31.31000, 24.
31.32000, 35.
31.33000, 27.
31.34000, 27.
31.35000, 29.
31.36000, 30.
31.37000, 33.
31.38000, 31.
31.39000, 27.
31.40000, 30.
31.41000, 33.
31.42000, 39.
31.43000, 33.
31.44000, 31.
31.45000, 19.
31.46000, 28.
31.47000, 34.
31.48000, 23.
31.49000, 27.
31.50000, 37.
31.51000, 37.
31.52000, 30.
31.53000, 40.
31.54000, 35.
31.55000, 30.
31.56000, 31.
31.57000, 38.
31.58000, 26.
31.59000, 34.
31.60000, 36.
31.61000, 38.
31.62000, 27.
31.63000, 41.
31.64000, 29.
31.65000, 27.
31.66000, 30.
31.67000, 37.
31.68000, 35.
31.69000, 38.
31.70000, 39.
31.71000, 28.
31.72000, 33.
31.73000, 31.
31.74000, 36.
31.75000, 36.
31.76000, 31.
31.77000, 33.
31.78000, 37.
31.79000, 35.
31.80000, 31.
31.81000, 35.
31.82000, 32.
31.83000, 42.
31.84000, 33.
31.85000, 26.
31.86000, 27.
31.87000, 32.
31.88000, 38.
31.89000, 21.
31.90000, 29.
31.91000, 34.
31.92000, 35.
31.93000, 19.
31.94000, 43.
31.95000, 33.
31.96000, 36.
31.97000, 27.
31.98000, 25.
31.99000, 29.
32.00000, 35.
32.01000, 37.
32.02000, 36.
32.03000, 37.
32.04000, 25.
32.05000, 29.
32.06000, 38.
32.07000, 42.
32.08000, 36.
32.09000, 36.
32.10000, 44.
32.11000, 33.
32.12000, 31.
32.13000, 41.
32.14000, 26.
32.15000, 41.
32.16000, 31.
32.17000, 35.
32.18000, 34.
32.19000, 25.
32.20000, 26.
32.21000, 32.
32.22000, 37.
32.23000, 31.
32.24000, 26.
32.25000, 20.
32.26000, 29.
32.27000, 34.
32.28000, 34.
32.29000, 30.
32.30000, 28.
32.31000, 32.
32.32000, 25.
32.33000, 34.
32.34000, 29.
32.35000, 31.
32.36000, 45.
32.37000, 28.
32.38000, 29.
32.39000, 33.
32.40000, 36.
32.41000, 26.
32.42000, 21.
32.43000, 23.
32.44000, 26.
32.45000, 35.
32.46000, 25.
32.47000, 30.
32.48000, 24.
32.49000, 28.
32.50000, 29.
32.51000, 23.
32.52000, 27.
32.53000, 31.
32.54000, 43.
32.55000, 28.
32.56000, 23.
32.57000, 23.
32.58000, 33.
32.59000, 35.
32.60000, 23.
32.61000, 22.
32.62000, 26.
32.63000, 25.
32.64000, 25.
32.65000, 24.
32.66000, 25.
32.67000, 31.
32.68000, 27.
32.69000, 29.
32.70000, 28.
32.71000, 23.
32.72000, 17.
32.73000, 23.
32.74000, 24.
32.75000, 25.
32.76000, 24.
32.77000, 19.
32.78000, 26.
32.79000, 25.
32.80000, 33.
32.81000, 36.
32.82000, 25.
32.83000, 20.
32.84000, 25.
32.85000, 25.
32.86000, 22.
32.87000, 27.
32.88000, 17.
32.89000, 21.
32.90000, 23.
32.91000, 20.
32.92000, 26.
32.93000, 35.
32.94000, 31.
32.95000, 21.
32.96000, 22.
32.97000, 23.
32.98000, 28.
32.99000, 17.
33.00000, 30.
33.01000, 28.
33.02000, 24.
33.03000, 25.
33.04000, 20.
33.05000, 22.
33.06000, 28.
33.07000, 19.
33.08000, 20.
33.09000, 27.
33.10000, 23.
33.11000, 27.
33.12000, 23.
33.13000, 23.
33.14000, 42.
33.15000, 24.
33.16000, 21.
33.17000, 14.
33.18000, 24.
33.19000, 19.
33.20000, 30.
33.21000, 23.
33.22000, 23.
33.23000, 26.
33.24000, 21.
33.25000, 18.
33.26000, 21.
33.27000, 26.
33.28000, 18.
33.29000, 18.
33.30000, 29.
33.31000, 21.
33.32000, 17.
33.33000, 25.
33.34000, 25.
33.35000, 20.
33.36000, 23.
33.37000, 34.
33.38000, 21.
33.39000, 23.
33.40000, 26.
33.41000, 23.
33.42000, 15.
33.43000, 25.
33.44000, 21.
33.45000, 25.
33.46000, 19.
33.47000, 23.
33.48000, 26.
33.49000, 24.
33.50000, 27.
33.51000, 25.
33.52000, 24.
33.53000, 19.
33.54000, 29.
33.55000, 32.
33.56000, 24.
33.57000, 19.
33.58000, 28.
33.59000, 25.
33.60000, 21.
33.61000, 21.
33.62000, 18.
33.63000, 14.
33.64000, 17.
33.65000, 19.
33.66000, 18.
33.67000, 17.
33.68000, 22.
33.69000, 21.
33.70000, 25.
33.71000, 28.
33.72000, 24.
33.73000, 19.
33.74000, 17.
33.75000, 25.
33.76000, 17.
33.77000, 30.
33.78000, 22.
33.79000, 19.
33.80000, 20.
33.81000, 23.
33.82000, 15.
33.83000, 18.
33.84000, 22.
33.85000, 26.
33.86000, 26.
33.87000, 22.
33.88000, 20.
33.89000, 27.
33.90000, 21.
33.91000, 26.
33.92000, 23.
33.93000, 19.
33.94000, 14.
33.95000, 24.
33.96000, 24.
33.97000, 22.
33.98000, 32.
33.99000, 23.
34.00000, 20.
34.01000, 31.
34.02000, 16.
34.03000, 22.
34.04000, 21.
34.05000, 23.
34.06000, 19.
34.07000, 23.
34.08000, 23.
34.09000, 21.
34.10000, 15.
34.11000, 21.
34.12000, 16.
34.13000, 17.
34.14000, 21.
34.15000, 16.
34.16000, 20.
34.17000, 17.
34.18000, 27.
34.19000, 20.
34.20000, 27.
34.21000, 22.
34.22000, 16.
34.23000, 22.
34.24000, 21.
34.25000, 18.
34.26000, 24.
34.27000, 22.
34.28000, 27.
34.29000, 15.
34.30000, 17.
34.31000, 22.
34.32000, 14.
34.33000, 23.
34.34000, 20.
34.35000, 20.
34.36000, 23.
34.37000, 18.
34.38000, 21.
34.39000, 18.
34.40000, 14.
34.41000, 30.
34.42000, 25.
34.43000, 19.
34.44000, 25.
34.45000, 24.
34.46000, 13.
34.47000, 15.
34.48000, 29.
34.49000, 21.
34.50000, 20.
34.51000, 20.
34.52000, 17.
34.53000, 23.
34.54000, 19.
34.55000, 15.
34.56000, 24.
34.57000, 13.
34.58000, 20.
34.59000, 22.
34.60000, 20.
34.61000, 18.
34.62000, 15.
34.63000, 14.
34.64000, 12.
34.65000, 21.
34.66000, 20.
34.67000, 26.
34.68000, 14.
34.69000, 26.
34.70000, 24.
34.71000, 17.
34.72000, 24.
34.73000, 16.
34.74000, 19.
34.75000, 18.
34.76000, 16.
34.77000, 24.
34.78000, 17.
34.79000, 21.
34.80000, 18.
34.81000, 28.
34.82000, 20.
34.83000, 15.
34.84000, 19.
34.85000, 28.
34.86000, 21.
34.87000, 22.
34.88000, 20.
34.89000, 26.
34.90000, 27.
34.91000, 18.
34.92000, 17.
34.93000, 18.
34.94000, 26.
34.95000, 12.
34.96000, 18.
34.97000, 10.
34.98000, 20.
34.99000, 19.
35.00000, 21.
35.01000, 18.
35.02000, 18.
35.03000, 21.
35.04000, 13.
35.05000, 23.
35.06000, 16.
35.07000, 10.
35.08000, 17.
35.09000, 17.
35.10000, 10.
35.11000, 17.
35.12000, 24.
35.13000, 18.
35.14000, 15.
35.15000, 15.
35.16000, 20.
35.17000, 17.
35.18000, 21.
35.19000, 16.
35.20000, 21.
35.21000, 19.
35.22000, 25.
35.23000, 22.
35.24000, 11.
35.25000, 20.
35.26000, 17.
35.27000, 17.
35.28000, 19.
35.29000, 14.
35.30000, 17.
35.31000, 23.
35.32000, 14.
35.33000, 12.
35.34000, 18.
35.35000, 15.
35.36000, 14.
35.37000, 7.
35.38000, 9.
35.39000, 16.
35.40000, 21.
35.41000, 12.
35.42000, 18.
35.43000, 14.
35.44000, 15.
35.45000, 18.
35.46000, 17.
35.47000, 19.
35.48000, 16.
35.49000, 13.
35.50000, 20.
35.51000, 20.
35.52000, 25.
35.53000, 14.
35.54000, 15.
35.55000, 17.
35.56000, 19.
35.57000, 17.
35.58000, 16.
35.59000, 26.
35.60000, 14.
35.61000, 14.
35.62000, 17.
35.63000, 13.
35.64000, 14.
35.65000, 22.
35.66000, 18.
35.67000, 17.
35.68000, 10.
35.69000, 12.
35.70000, 14.
35.71000, 11.
35.72000, 13.
35.73000, 14.
35.74000, 16.
35.75000, 8.
35.76000, 16.
35.77000, 23.
35.78000, 16.
35.79000, 21.
35.80000, 19.
35.81000, 14.
35.82000, 16.
35.83000, 19.
35.84000, 14.
35.85000, 13.
35.86000, 11.
35.87000, 17.
35.88000, 9.
35.89000, 15.
35.90000, 17.
35.91000, 12.
35.92000, 10.
35.93000, 11.
35.94000, 16.
35.95000, 13.
35.96000, 11.
35.97000, 19.
35.98000, 24.
35.99000, 20.
36.00000, 19.
36.01000, 13.
36.02000, 15.
36.03000, 19.
36.04000, 13.
36.05000, 20.
36.06000, 18.
36.07000, 22.
36.08000, 18.
36.09000, 23.
36.10000, 19.
36.11000, 18.
36.12000, 21.
36.13000, 10.
36.14000, 11.
36.15000, 12.
36.16000, 18.
36.17000, 15.
36.18000, 21.
36.19000, 13.
36.20000, 12.
36.21000, 10.
36.22000, 16.
36.23000, 23.
36.24000, 18.
36.25000, 9.
36.26000, 13.
36.27000, 21.
36.28000, 17.
36.29000, 19.
36.30000, 13.
36.31000, 10.
36.32000, 13.
36.33000, 14.
36.34000, 17.
36.35000, 12.
36.36000, 12.
36.37000, 11.
36.38000, 18.
36.39000, 14.
36.40000, 11.
36.41000, 17.
36.42000, 20.
36.43000, 13.
36.44000, 13.
36.45000, 9.
36.46000, 10.
36.47000, 15.
36.48000, 14.
36.49000, 18.
36.50000, 11.
36.51000, 20.
36.52000, 15.
36.53000, 14.
36.54000, 9.
36.55000, 12.
36.56000, 16.
36.57000, 10.
36.58000, 11.
36.59000, 18.
36.60000, 10.
36.61000, 10.
36.62000, 11.
36.63000, 14.
36.64000, 12.
36.65000, 13.
36.66000, 12.
36.67000, 8.
36.68000, 13.
36.69000, 7.
36.70000, 7.
36.71000, 13.
36.72000, 13.
36.73000, 20.
36.74000, 15.
36.75000, 9.
36.76000, 10.
36.77000, 15.
36.78000, 14.
36.79000, 12.
36.80000, 7.
36.81000, 10.
36.82000, 8.
36.83000, 9.
36.84000, 13.
36.85000, 7.
36.86000, 23.
36.87000, 13.
36.88000, 16.
36.89000, 13.
36.90000, 20.
36.91000, 12.
36.92000, 12.
36.93000, 9.
36.94000, 11.
36.95000, 15.
36.96000, 12.
36.97000, 7.
36.98000, 16.
36.99000, 12.
37.00000, 13.
37.01000, 8.
37.02000, 13.
37.03000, 11.
37.04000, 11.
37.05000, 11.
37.06000, 15.
37.07000, 15.
37.08000, 15.
37.09000, 9.
37.10000, 11.
37.11000, 14.
37.12000, 12.
37.13000, 16.
37.14000, 8.
37.15000, 12.
37.16000, 14.
37.17000, 11.
37.18000, 12.
37.19000, 12.
37.20000, 11.
37.21000, 13.
37.22000, 10.
37.23000, 16.
37.24000, 16.
37.25000, 8.
37.26000, 12.
37.27000, 11.
37.28000, 13.
37.29000, 14.
37.30000, 13.
37.31000, 11.
37.32000, 9.
37.33000, 7.
37.34000, 10.
37.35000, 18.
37.36000, 10.
37.37000, 14.
37.38000, 16.
37.39000, 7.
37.40000, 10.
37.41000, 15.
37.42000, 14.
37.43000, 15.
37.44000, 17.
37.45000, 12.
37.46000, 7.
37.47000, 9.
37.48000, 11.
37.49000, 11.
37.50000, 6.
37.51000, 16.
37.52000, 13.
37.53000, 11.
37.54000, 16.
37.55000, 13.
37.56000, 12.
37.57000, 11.
37.58000, 6.
37.59000, 7.
37.60000, 16.
37.61000, 7.
37.62000, 8.
37.63000, 8.
37.64000, 11.
37.65000, 8.
37.66000, 9.
37.67000, 12.
37.68000, 7.
37.69000, 13.
37.70000, 3.
37.71000, 12.
37.72000, 11.
37.73000, 16.
37.74000, 10.
37.75000, 14.
37.76000, 6.
37.77000, 12.
37.78000, 14.
37.79000, 5.
37.80000, 10.
37.81000, 7.
37.82000, 8.
37.83000, 14.
37.84000, 11.
37.85000, 12.
37.86000, 17.
37.87000, 12.
37.88000, 11.
37.89000, 5.
37.90000, 10.
37.91000, 10.
37.92000, 11.
37.93000, 8.
37.94000, 14.
37.95000, 15.
37.96000, 6.
37.97000, 14.
37.98000, 4.
37.99000, 9.
38.00000, 11.
38.01000, 8.
38.02000, 15.
38.03000, 4.
38.04000, 10.
38.05000, 10.
38.06000, 9.
38.07000, 6.
38.08000, 13.
38.09000, 14.
38.10000, 9.
38.11000, 6.
38.12000, 7.
38.13000, 4.
38.14000, 7.
38.15000, 8.
38.16000, 6.
38.17000, 11.
38.18000, 15.
38.19000, 8.
38.20000, 10.
38.21000, 7.
38.22000, 9.
38.23000, 6.
38.24000, 8.
38.25000, 10.
38.26000, 17.
38.27000, 8.
38.28000, 8.
38.29000, 11.
38.30000, 10.
38.31000, 8.
38.32000, 13.
38.33000, 8.
38.34000, 12.
38.35000, 14.
38.36000, 5.
38.37000, 10.
38.38000, 11.
38.39000, 8.
38.40000, 7.
38.41000, 15.
38.42000, 13.
38.43000, 7.
38.44000, 9.
38.45000, 9.
38.46000, 6.
38.47000, 6.
38.48000, 11.
38.49000, 7.
38.50000, 10.
38.51000, 13.
38.52000, 9.
38.53000, 11.
38.54000, 6.
38.55000, 14.
38.56000, 9.
38.57000, 15.
38.58000, 6.
38.59000, 10.
38.60000, 7.
38.61000, 11.
38.62000, 7.
38.63000, 10.
38.64000, 11.
38.65000, 7.
38.66000, 5.
38.67000, 10.
38.68000, 11.
38.69000, 9.
38.70000, 5.
38.71000, 8.
38.72000, 8.
38.73000, 18.
38.74000, 10.
38.75000, 8.
38.76000, 17.
38.77000, 3.
38.78000, 5.
38.79000, 9.
38.80000, 5.
38.81000, 10.
38.82000, 7.
38.83000, 8.
38.84000, 5.
38.85000, 7.
38.86000, 5.
38.87000, 3.
38.88000, 7.
38.89000, 11.
38.90000, 8.
38.91000, 7.
38.92000, 8.
38.93000, 16.
38.94000, 16.
38.95000, 5.
38.96000, 5.
38.97000, 4.
38.98000, 8.
38.99000, 5.
39.00000, 3.
39.01000, 12.
39.02000, 7.
39.03000, 7.
39.04000, 11.
39.05000, 4.
39.06000, 9.
39.07000, 4.
39.08000, 8.
39.09000, 11.
39.10000, 8.
39.11000, 3.
39.12000, 7.
39.13000, 11.
39.14000, 5.
39.15000, 8.
39.16000, 8.
39.17000, 8.
39.18000, 6.
39.19000, 11.
39.20000, 6.
39.21000, 9.
39.22000, 10.
39.23000, 6.
39.24000, 13.
39.25000, 13.
39.26000, 6.
39.27000, 5.
39.28000, 11.
39.29000, 8.
39.30000, 7.
39.31000, 6.
39.32000, 6.
39.33000, 7.
39.34000, 6.
39.35000, 6.
39.36000, 9.
39.37000, 10.
39.38000, 7.
39.39000, 7.
39.40000, 13.
39.41000, 5.
39.42000, 6.
39.43000, 7.
39.44000, 10.
39.45000, 9.
39.46000, 9.
39.47000, 4.
39.48000, 3.
39.49000, 7.
39.50000, 8.
39.51000, 5.
39.52000, 7.
39.53000, 4.
39.54000, 9.
39.55000, 4.
39.56000, 11.
39.57000, 7.
39.58000, 3.
39.59000, 11.
39.60000, 4.
39.61000, 6.
39.62000, 6.
39.63000, 5.
39.64000, 9.
39.65000, 4.
39.66000, 6.
39.67000, 5.
39.68000, 10.
39.69000, 8.
39.70000, 11.
39.71000, 6.
39.72000, 6.
39.73000, 2.
39.74000, 8.
39.75000, 7.
39.76000, 9.
39.77000, 6.
39.78000, 6.
39.79000, 6.
39.80000, 4.
39.81000, 6.
39.82000, 7.
39.83000, 8.
39.84000, 9.
39.85000, 5.
39.86000, 8.
39.87000, 11.
39.88000, 3.
39.89000, 6.
39.90000, 13.
39.91000, 8.
39.92000, 5.
39.93000, 11.
39.94000, 5.
39.95000, 4.
39.96000, 3.
39.97000, 6.
39.98000, 7.
39.99000, 7.
40.00000, 5.
40.01000, 3.
40.02000, 8.
40.03000, 4.
40.04000, 6.
40.05000, 6.
40.06000, 4.
40.07000, 7.
40.08000, 7.
40.09000, 12.
40.10000, 4.
40.11000, 7.
40.12000, 4.
40.13000, 6.
40.14000, 6.
40.15000, 4.
40.16000, 5.
40.17000, 3.
40.18000, 3.
40.19000, 7.
40.20000, 2.
40.21000, 5.
40.22000, 7.
40.23000, 2.
40.24000, 6.
40.25000, 1.
40.26000, 7.
40.27000, 10.
40.28000, 3.
40.29000, 8.
40.30000, 3.
40.31000, 3.
40.32000, 6.
40.33000, 4.
40.34000, 2.
40.35000, 3.
40.36000, 6.
40.37000, 3.
40.38000, 6.
40.39000, 9.
40.40000, 3.
40.41000, 4.
40.42000, 8.
40.43000, 1.
40.44000, 1.
40.45000, 8.
40.46000, 1.
40.47000, 3.
40.48000, 10.
40.49000, 1.
40.50000, 4.
40.51000, 2.
40.52000, 3.
40.53000, 2.
40.54000, 3.
40.55000, 0.
#ENDOFDATA   : 
