#FORMAT      : EMSA/MAS Spectral Data File
#VERSION     : 1.0
#TITLE       : Spectrum 32
#DATE        : 21-AUG-2025
#TIME        : 15:36
#OWNER       : XGT7200
#NPOINTS     : 4096.
#NCOLUMNS    : 1.
#XUNITS      : keV
#YUNITS      : counts
#DATATYPE    : XY
#XPERCHAN    : 0.0100000
#OFFSET      : -0.400000
#SIGNALTYPE  : EDS
#CHOFFSET    : 40.0000
#LIVETIME    : 30.000000
#REALTIME    : 39.967334
#BEAMKV      : 50.0000
#PROBECUR    : 725000.
#MAGCAM      : 100.000
#XTILTSTGE   : 0.0
#AZIMANGLE   : 0.0
#ELEVANGLE   : 45.0
#XPOSITION mm: 0.0000
#YPOSITION mm: 0.0000
#ZPOSITION mm: 0.0000
##OXINSTPT   : 4
##OXINSTSTROB: 72.14
#SPECTRUM    : Spectral Data Starts Here
-0.40000, 0.
-0.39000, 0.
-0.38000, 0.
-0.37000, 0.
-0.36000, 0.
-0.35000, 0.
-0.34000, 0.
-0.33000, 0.
-0.32000, 0.
-0.31000, 0.
-0.30000, 0.
-0.29000, 0.
-0.28000, 0.
-0.27000, 0.
-0.26000, 0.
-0.25000, 0.
-0.24000, 0.
-0.23000, 0.
-0.22000, 0.
-0.21000, 0.
-0.20000, 0.
-0.19000, 0.
-0.18000, 0.
-0.17000, 0.
-0.16000, 0.
-0.15000, 0.
-0.14000, 0.
-0.13000, 0.
-0.12000, 0.
-0.11000, 0.
-0.10000, 0.
-0.09000, 0.
-0.08000, 0.
-0.07000, 0.
-0.06000, 0.
-0.05000, 0.
-0.04000, 0.
-0.03000, 0.
-0.02000, 0.
-0.01000, 0.
0.00000, 0.
0.01000, 0.
0.02000, 0.
0.03000, 0.
0.04000, 0.
0.05000, 0.
0.06000, 0.
0.07000, 0.
0.08000, 0.
0.09000, 0.
0.10000, 0.
0.11000, 0.
0.12000, 0.
0.13000, 0.
0.14000, 0.
0.15000, 0.
0.16000, 0.
0.17000, 0.
0.18000, 0.
0.19000, 0.
0.20000, 0.
0.21000, 0.
0.22000, 0.
0.23000, 0.
0.24000, 0.
0.25000, 0.
0.26000, 0.
0.27000, 0.
0.28000, 0.
0.29000, 0.
0.30000, 0.
0.31000, 1.
0.32000, 0.
0.33000, 1.
0.34000, 2.
0.35000, 2.
0.36000, 4.
0.37000, 11.
0.38000, 9.
0.39000, 19.
0.40000, 24.
0.41000, 31.
0.42000, 29.
0.43000, 46.
0.44000, 43.
0.45000, 54.
0.46000, 50.
0.47000, 50.
0.48000, 56.
0.49000, 48.
0.50000, 48.
0.51000, 49.
0.52000, 45.
0.53000, 51.
0.54000, 38.
0.55000, 46.
0.56000, 59.
0.57000, 42.
0.58000, 49.
0.59000, 51.
0.60000, 65.
0.61000, 54.
0.62000, 49.
0.63000, 52.
0.64000, 45.
0.65000, 52.
0.66000, 33.
0.67000, 45.
0.68000, 51.
0.69000, 38.
0.70000, 41.
0.71000, 44.
0.72000, 46.
0.73000, 41.
0.74000, 36.
0.75000, 47.
0.76000, 37.
0.77000, 37.
0.78000, 39.
0.79000, 45.
0.80000, 37.
0.81000, 54.
0.82000, 46.
0.83000, 41.
0.84000, 49.
0.85000, 41.
0.86000, 54.
0.87000, 36.
0.88000, 40.
0.89000, 41.
0.90000, 48.
0.91000, 54.
0.92000, 45.
0.93000, 41.
0.94000, 39.
0.95000, 46.
0.96000, 43.
0.97000, 50.
0.98000, 53.
0.99000, 50.
1.00000, 35.
1.01000, 54.
1.02000, 56.
1.03000, 48.
1.04000, 43.
1.05000, 46.
1.06000, 52.
1.07000, 48.
1.08000, 48.
1.09000, 45.
1.10000, 54.
1.11000, 61.
1.12000, 42.
1.13000, 49.
1.14000, 31.
1.15000, 25.
1.16000, 43.
1.17000, 48.
1.18000, 45.
1.19000, 42.
1.20000, 44.
1.21000, 42.
1.22000, 59.
1.23000, 48.
1.24000, 68.
1.25000, 68.
1.26000, 65.
1.27000, 61.
1.28000, 62.
1.29000, 53.
1.30000, 58.
1.31000, 54.
1.32000, 51.
1.33000, 48.
1.34000, 37.
1.35000, 40.
1.36000, 46.
1.37000, 50.
1.38000, 55.
1.39000, 64.
1.40000, 102.
1.41000, 141.
1.42000, 183.
1.43000, 281.
1.44000, 392.
1.45000, 443.
1.46000, 567.
1.47000, 671.
1.48000, 661.
1.49000, 734.
1.50000, 734.
1.51000, 715.
1.52000, 621.
1.53000, 508.
1.54000, 407.
1.55000, 333.
1.56000, 276.
1.57000, 184.
1.58000, 151.
1.59000, 115.
1.60000, 119.
1.61000, 149.
1.62000, 165.
1.63000, 239.
1.64000, 393.
1.65000, 675.
1.66000, 1055.
1.67000, 1556.
1.68000, 2367.
1.69000, 3402.
1.70000, 4404.
1.71000, 5719.
1.72000, 6654.
1.73000, 7687.
1.74000, 7946.
1.75000, 8210.
1.76000, 7767.
1.77000, 7131.
1.78000, 5925.
1.79000, 5052.
1.80000, 3795.
1.81000, 2839.
1.82000, 2042.
1.83000, 1456.
1.84000, 1046.
1.85000, 729.
1.86000, 547.
1.87000, 380.
1.88000, 302.
1.89000, 209.
1.90000, 157.
1.91000, 135.
1.92000, 115.
1.93000, 81.
1.94000, 68.
1.95000, 62.
1.96000, 59.
1.97000, 60.
1.98000, 83.
1.99000, 59.
2.00000, 90.
2.01000, 59.
2.02000, 76.
2.03000, 87.
2.04000, 69.
2.05000, 71.
2.06000, 57.
2.07000, 49.
2.08000, 38.
2.09000, 42.
2.10000, 41.
2.11000, 35.
2.12000, 39.
2.13000, 43.
2.14000, 27.
2.15000, 35.
2.16000, 33.
2.17000, 34.
2.18000, 31.
2.19000, 26.
2.20000, 35.
2.21000, 34.
2.22000, 45.
2.23000, 41.
2.24000, 45.
2.25000, 43.
2.26000, 59.
2.27000, 94.
2.28000, 83.
2.29000, 97.
2.30000, 100.
2.31000, 113.
2.32000, 110.
2.33000, 137.
2.34000, 120.
2.35000, 140.
2.36000, 127.
2.37000, 142.
2.38000, 135.
2.39000, 121.
2.40000, 101.
2.41000, 96.
2.42000, 99.
2.43000, 104.
2.44000, 93.
2.45000, 104.
2.46000, 80.
2.47000, 84.
2.48000, 76.
2.49000, 72.
2.50000, 70.
2.51000, 50.
2.52000, 53.
2.53000, 45.
2.54000, 51.
2.55000, 52.
2.56000, 57.
2.57000, 66.
2.58000, 72.
2.59000, 83.
2.60000, 85.
2.61000, 124.
2.62000, 160.
2.63000, 205.
2.64000, 211.
2.65000, 274.
2.66000, 335.
2.67000, 384.
2.68000, 381.
2.69000, 459.
2.70000, 467.
2.71000, 454.
2.72000, 427.
2.73000, 380.
2.74000, 378.
2.75000, 300.
2.76000, 259.
2.77000, 248.
2.78000, 231.
2.79000, 209.
2.80000, 199.
2.81000, 222.
2.82000, 230.
2.83000, 256.
2.84000, 251.
2.85000, 240.
2.86000, 230.
2.87000, 217.
2.88000, 204.
2.89000, 180.
2.90000, 168.
2.91000, 147.
2.92000, 135.
2.93000, 124.
2.94000, 92.
2.95000, 101.
2.96000, 95.
2.97000, 85.
2.98000, 62.
2.99000, 69.
3.00000, 47.
3.01000, 65.
3.02000, 43.
3.03000, 58.
3.04000, 64.
3.05000, 49.
3.06000, 50.
3.07000, 39.
3.08000, 46.
3.09000, 46.
3.10000, 26.
3.11000, 42.
3.12000, 41.
3.13000, 36.
3.14000, 27.
3.15000, 46.
3.16000, 43.
3.17000, 57.
3.18000, 59.
3.19000, 69.
3.20000, 79.
3.21000, 102.
3.22000, 124.
3.23000, 175.
3.24000, 217.
3.25000, 305.
3.26000, 357.
3.27000, 492.
3.28000, 559.
3.29000, 609.
3.30000, 714.
3.31000, 761.
3.32000, 768.
3.33000, 705.
3.34000, 681.
3.35000, 641.
3.36000, 530.
3.37000, 456.
3.38000, 357.
3.39000, 280.
3.40000, 208.
3.41000, 193.
3.42000, 116.
3.43000, 113.
3.44000, 76.
3.45000, 69.
3.46000, 52.
3.47000, 65.
3.48000, 63.
3.49000, 69.
3.50000, 76.
3.51000, 68.
3.52000, 72.
3.53000, 85.
3.54000, 117.
3.55000, 127.
3.56000, 128.
3.57000, 170.
3.58000, 167.
3.59000, 210.
3.60000, 243.
3.61000, 321.
3.62000, 291.
3.63000, 397.
3.64000, 496.
3.65000, 531.
3.66000, 628.
3.67000, 702.
3.68000, 639.
3.69000, 691.
3.70000, 679.
3.71000, 631.
3.72000, 596.
3.73000, 538.
3.74000, 487.
3.75000, 395.
3.76000, 339.
3.77000, 234.
3.78000, 201.
3.79000, 144.
3.80000, 120.
3.81000, 77.
3.82000, 57.
3.83000, 46.
3.84000, 43.
3.85000, 34.
3.86000, 33.
3.87000, 38.
3.88000, 27.
3.89000, 44.
3.90000, 29.
3.91000, 40.
3.92000, 51.
3.93000, 55.
3.94000, 65.
3.95000, 69.
3.96000, 82.
3.97000, 96.
3.98000, 122.
3.99000, 107.
4.00000, 127.
4.01000, 112.
4.02000, 118.
4.03000, 112.
4.04000, 132.
4.05000, 113.
4.06000, 99.
4.07000, 83.
4.08000, 69.
4.09000, 65.
4.10000, 57.
4.11000, 52.
4.12000, 43.
4.13000, 33.
4.14000, 36.
4.15000, 41.
4.16000, 20.
4.17000, 23.
4.18000, 34.
4.19000, 24.
4.20000, 35.
4.21000, 34.
4.22000, 36.
4.23000, 39.
4.24000, 28.
4.25000, 33.
4.26000, 34.
4.27000, 36.
4.28000, 35.
4.29000, 37.
4.30000, 43.
4.31000, 44.
4.32000, 36.
4.33000, 39.
4.34000, 35.
4.35000, 41.
4.36000, 55.
4.37000, 48.
4.38000, 63.
4.39000, 78.
4.40000, 125.
4.41000, 151.
4.42000, 196.
4.43000, 254.
4.44000, 293.
4.45000, 363.
4.46000, 444.
4.47000, 529.
4.48000, 545.
4.49000, 611.
4.50000, 661.
4.51000, 649.
4.52000, 675.
4.53000, 639.
4.54000, 594.
4.55000, 496.
4.56000, 484.
4.57000, 396.
4.58000, 335.
4.59000, 276.
4.60000, 236.
4.61000, 186.
4.62000, 166.
4.63000, 150.
4.64000, 125.
4.65000, 121.
4.66000, 89.
4.67000, 95.
4.68000, 82.
4.69000, 81.
4.70000, 82.
4.71000, 67.
4.72000, 70.
4.73000, 82.
4.74000, 59.
4.75000, 71.
4.76000, 65.
4.77000, 63.
4.78000, 63.
4.79000, 74.
4.80000, 73.
4.81000, 90.
4.82000, 80.
4.83000, 87.
4.84000, 90.
4.85000, 109.
4.86000, 117.
4.87000, 155.
4.88000, 128.
4.89000, 131.
4.90000, 134.
4.91000, 143.
4.92000, 150.
4.93000, 154.
4.94000, 180.
4.95000, 159.
4.96000, 150.
4.97000, 119.
4.98000, 124.
4.99000, 128.
5.00000, 109.
5.01000, 109.
5.02000, 81.
5.03000, 66.
5.04000, 62.
5.05000, 67.
5.06000, 58.
5.07000, 48.
5.08000, 58.
5.09000, 52.
5.10000, 55.
5.11000, 58.
5.12000, 57.
5.13000, 39.
5.14000, 49.
5.15000, 53.
5.16000, 54.
5.17000, 64.
5.18000, 61.
5.19000, 58.
5.20000, 71.
5.21000, 52.
5.22000, 47.
5.23000, 65.
5.24000, 61.
5.25000, 58.
5.26000, 54.
5.27000, 53.
5.28000, 70.
5.29000, 66.
5.30000, 55.
5.31000, 61.
5.32000, 68.
5.33000, 67.
5.34000, 75.
5.35000, 63.
5.36000, 94.
5.37000, 75.
5.38000, 60.
5.39000, 80.
5.40000, 91.
5.41000, 88.
5.42000, 75.
5.43000, 76.
5.44000, 71.
5.45000, 78.
5.46000, 78.
5.47000, 70.
5.48000, 81.
5.49000, 75.
5.50000, 65.
5.51000, 61.
5.52000, 68.
5.53000, 73.
5.54000, 75.
5.55000, 81.
5.56000, 64.
5.57000, 65.
5.58000, 53.
5.59000, 55.
5.60000, 79.
5.61000, 61.
5.62000, 54.
5.63000, 69.
5.64000, 59.
5.65000, 69.
5.66000, 54.
5.67000, 59.
5.68000, 65.
5.69000, 61.
5.70000, 55.
5.71000, 55.
5.72000, 79.
5.73000, 65.
5.74000, 60.
5.75000, 65.
5.76000, 71.
5.77000, 78.
5.78000, 73.
5.79000, 88.
5.80000, 116.
5.81000, 131.
5.82000, 129.
5.83000, 174.
5.84000, 190.
5.85000, 196.
5.86000, 246.
5.87000, 222.
5.88000, 249.
5.89000, 240.
5.90000, 253.
5.91000, 227.
5.92000, 241.
5.93000, 243.
5.94000, 192.
5.95000, 189.
5.96000, 184.
5.97000, 136.
5.98000, 136.
5.99000, 119.
6.00000, 128.
6.01000, 95.
6.02000, 85.
6.03000, 73.
6.04000, 87.
6.05000, 80.
6.06000, 83.
6.07000, 81.
6.08000, 66.
6.09000, 81.
6.10000, 88.
6.11000, 87.
6.12000, 83.
6.13000, 90.
6.14000, 109.
6.15000, 104.
6.16000, 103.
6.17000, 127.
6.18000, 117.
6.19000, 160.
6.20000, 158.
6.21000, 202.
6.22000, 253.
6.23000, 336.
6.24000, 461.
6.25000, 687.
6.26000, 950.
6.27000, 1177.
6.28000, 1691.
6.29000, 2113.
6.30000, 2918.
6.31000, 3662.
6.32000, 4486.
6.33000, 5611.
6.34000, 6595.
6.35000, 7761.
6.36000, 8667.
6.37000, 9414.
6.38000, 10066.
6.39000, 10494.
6.40000, 10639.
6.41000, 10552.
6.42000, 10075.
6.43000, 9357.
6.44000, 8567.
6.45000, 7473.
6.46000, 6388.
6.47000, 5545.
6.48000, 4554.
6.49000, 3703.
6.50000, 2886.
6.51000, 2188.
6.52000, 1629.
6.53000, 1189.
6.54000, 849.
6.55000, 663.
6.56000, 469.
6.57000, 318.
6.58000, 233.
6.59000, 205.
6.60000, 179.
6.61000, 123.
6.62000, 131.
6.63000, 114.
6.64000, 93.
6.65000, 117.
6.66000, 106.
6.67000, 121.
6.68000, 94.
6.69000, 90.
6.70000, 95.
6.71000, 91.
6.72000, 90.
6.73000, 111.
6.74000, 77.
6.75000, 106.
6.76000, 114.
6.77000, 105.
6.78000, 110.
6.79000, 99.
6.80000, 104.
6.81000, 111.
6.82000, 111.
6.83000, 134.
6.84000, 128.
6.85000, 115.
6.86000, 157.
6.87000, 137.
6.88000, 173.
6.89000, 205.
6.90000, 204.
6.91000, 274.
6.92000, 329.
6.93000, 379.
6.94000, 461.
6.95000, 580.
6.96000, 688.
6.97000, 810.
6.98000, 938.
6.99000, 1134.
7.00000, 1211.
7.01000, 1393.
7.02000, 1496.
7.03000, 1626.
7.04000, 1731.
7.05000, 1703.
7.06000, 1723.
7.07000, 1716.
7.08000, 1637.
7.09000, 1493.
7.10000, 1360.
7.11000, 1175.
7.12000, 1058.
7.13000, 928.
7.14000, 741.
7.15000, 645.
7.16000, 507.
7.17000, 401.
7.18000, 325.
7.19000, 246.
7.20000, 201.
7.21000, 171.
7.22000, 143.
7.23000, 123.
7.24000, 90.
7.25000, 96.
7.26000, 99.
7.27000, 97.
7.28000, 99.
7.29000, 79.
7.30000, 80.
7.31000, 103.
7.32000, 87.
7.33000, 80.
7.34000, 79.
7.35000, 79.
7.36000, 83.
7.37000, 104.
7.38000, 84.
7.39000, 97.
7.40000, 93.
7.41000, 94.
7.42000, 103.
7.43000, 109.
7.44000, 104.
7.45000, 82.
7.46000, 106.
7.47000, 83.
7.48000, 97.
7.49000, 90.
7.50000, 91.
7.51000, 89.
7.52000, 103.
7.53000, 87.
7.54000, 88.
7.55000, 83.
7.56000, 73.
7.57000, 83.
7.58000, 91.
7.59000, 96.
7.60000, 85.
7.61000, 74.
7.62000, 86.
7.63000, 85.
7.64000, 73.
7.65000, 72.
7.66000, 90.
7.67000, 78.
7.68000, 84.
7.69000, 74.
7.70000, 103.
7.71000, 67.
7.72000, 85.
7.73000, 94.
7.74000, 100.
7.75000, 87.
7.76000, 88.
7.77000, 90.
7.78000, 99.
7.79000, 100.
7.80000, 112.
7.81000, 104.
7.82000, 99.
7.83000, 80.
7.84000, 104.
7.85000, 125.
7.86000, 102.
7.87000, 112.
7.88000, 96.
7.89000, 118.
7.90000, 124.
7.91000, 127.
7.92000, 148.
7.93000, 127.
7.94000, 169.
7.95000, 180.
7.96000, 161.
7.97000, 169.
7.98000, 161.
7.99000, 181.
8.00000, 208.
8.01000, 247.
8.02000, 226.
8.03000, 212.
8.04000, 226.
8.05000, 231.
8.06000, 226.
8.07000, 223.
8.08000, 217.
8.09000, 235.
8.10000, 237.
8.11000, 190.
8.12000, 175.
8.13000, 170.
8.14000, 182.
8.15000, 161.
8.16000, 165.
8.17000, 157.
8.18000, 160.
8.19000, 151.
8.20000, 162.
8.21000, 141.
8.22000, 124.
8.23000, 108.
8.24000, 134.
8.25000, 118.
8.26000, 128.
8.27000, 117.
8.28000, 142.
8.29000, 104.
8.30000, 129.
8.31000, 115.
8.32000, 133.
8.33000, 115.
8.34000, 113.
8.35000, 114.
8.36000, 116.
8.37000, 124.
8.38000, 119.
8.39000, 111.
8.40000, 117.
8.41000, 120.
8.42000, 124.
8.43000, 142.
8.44000, 140.
8.45000, 124.
8.46000, 128.
8.47000, 150.
8.48000, 141.
8.49000, 131.
8.50000, 153.
8.51000, 167.
8.52000, 196.
8.53000, 209.
8.54000, 244.
8.55000, 230.
8.56000, 276.
8.57000, 294.
8.58000, 306.
8.59000, 339.
8.60000, 338.
8.61000, 340.
8.62000, 374.
8.63000, 379.
8.64000, 362.
8.65000, 346.
8.66000, 347.
8.67000, 323.
8.68000, 305.
8.69000, 295.
8.70000, 260.
8.71000, 229.
8.72000, 234.
8.73000, 171.
8.74000, 200.
8.75000, 174.
8.76000, 182.
8.77000, 152.
8.78000, 163.
8.79000, 135.
8.80000, 146.
8.81000, 154.
8.82000, 127.
8.83000, 152.
8.84000, 135.
8.85000, 143.
8.86000, 148.
8.87000, 139.
8.88000, 148.
8.89000, 127.
8.90000, 135.
8.91000, 142.
8.92000, 155.
8.93000, 145.
8.94000, 155.
8.95000, 128.
8.96000, 133.
8.97000, 134.
8.98000, 146.
8.99000, 131.
9.00000, 153.
9.01000, 135.
9.02000, 143.
9.03000, 137.
9.04000, 131.
9.05000, 139.
9.06000, 148.
9.07000, 156.
9.08000, 150.
9.09000, 158.
9.10000, 184.
9.11000, 165.
9.12000, 160.
9.13000, 161.
9.14000, 169.
9.15000, 180.
9.16000, 178.
9.17000, 209.
9.18000, 189.
9.19000, 216.
9.20000, 206.
9.21000, 224.
9.22000, 192.
9.23000, 179.
9.24000, 185.
9.25000, 203.
9.26000, 198.
9.27000, 173.
9.28000, 181.
9.29000, 156.
9.30000, 136.
9.31000, 169.
9.32000, 143.
9.33000, 167.
9.34000, 157.
9.35000, 140.
9.36000, 151.
9.37000, 158.
9.38000, 133.
9.39000, 137.
9.40000, 142.
9.41000, 145.
9.42000, 149.
9.43000, 174.
9.44000, 143.
9.45000, 152.
9.46000, 158.
9.47000, 154.
9.48000, 167.
9.49000, 155.
9.50000, 162.
9.51000, 156.
9.52000, 146.
9.53000, 167.
9.54000, 198.
9.55000, 198.
9.56000, 179.
9.57000, 168.
9.58000, 195.
9.59000, 206.
9.60000, 186.
9.61000, 173.
9.62000, 184.
9.63000, 172.
9.64000, 190.
9.65000, 168.
9.66000, 165.
9.67000, 166.
9.68000, 151.
9.69000, 172.
9.70000, 166.
9.71000, 158.
9.72000, 161.
9.73000, 143.
9.74000, 131.
9.75000, 154.
9.76000, 143.
9.77000, 148.
9.78000, 138.
9.79000, 150.
9.80000, 160.
9.81000, 143.
9.82000, 140.
9.83000, 141.
9.84000, 153.
9.85000, 152.
9.86000, 150.
9.87000, 125.
9.88000, 159.
9.89000, 151.
9.90000, 146.
9.91000, 153.
9.92000, 169.
9.93000, 148.
9.94000, 141.
9.95000, 154.
9.96000, 150.
9.97000, 153.
9.98000, 167.
9.99000, 133.
10.00000, 162.
10.01000, 152.
10.02000, 138.
10.03000, 155.
10.04000, 153.
10.05000, 134.
10.06000, 152.
10.07000, 147.
10.08000, 165.
10.09000, 147.
10.10000, 140.
10.11000, 134.
10.12000, 155.
10.13000, 142.
10.14000, 141.
10.15000, 154.
10.16000, 154.
10.17000, 129.
10.18000, 152.
10.19000, 164.
10.20000, 158.
10.21000, 144.
10.22000, 164.
10.23000, 155.
10.24000, 158.
10.25000, 145.
10.26000, 153.
10.27000, 154.
10.28000, 166.
10.29000, 190.
10.30000, 172.
10.31000, 180.
10.32000, 216.
10.33000, 218.
10.34000, 220.
10.35000, 258.
10.36000, 267.
10.37000, 252.
10.38000, 349.
10.39000, 363.
10.40000, 449.
10.41000, 486.
10.42000, 533.
10.43000, 630.
10.44000, 669.
10.45000, 789.
10.46000, 901.
10.47000, 913.
10.48000, 987.
10.49000, 1155.
10.50000, 1213.
10.51000, 1188.
10.52000, 1305.
10.53000, 1297.
10.54000, 1346.
10.55000, 1349.
10.56000, 1281.
10.57000, 1232.
10.58000, 1230.
10.59000, 1152.
10.60000, 984.
10.61000, 983.
10.62000, 864.
10.63000, 729.
10.64000, 651.
10.65000, 605.
10.66000, 531.
10.67000, 449.
10.68000, 382.
10.69000, 325.
10.70000, 318.
10.71000, 266.
10.72000, 246.
10.73000, 206.
10.74000, 198.
10.75000, 200.
10.76000, 187.
10.77000, 177.
10.78000, 176.
10.79000, 145.
10.80000, 170.
10.81000, 153.
10.82000, 170.
10.83000, 166.
10.84000, 156.
10.85000, 173.
10.86000, 174.
10.87000, 180.
10.88000, 148.
10.89000, 162.
10.90000, 166.
10.91000, 163.
10.92000, 165.
10.93000, 163.
10.94000, 155.
10.95000, 185.
10.96000, 166.
10.97000, 158.
10.98000, 172.
10.99000, 169.
11.00000, 177.
11.01000, 187.
11.02000, 171.
11.03000, 158.
11.04000, 155.
11.05000, 143.
11.06000, 184.
11.07000, 151.
11.08000, 169.
11.09000, 162.
11.10000, 184.
11.11000, 157.
11.12000, 167.
11.13000, 149.
11.14000, 178.
11.15000, 172.
11.16000, 184.
11.17000, 199.
11.18000, 173.
11.19000, 154.
11.20000, 167.
11.21000, 183.
11.22000, 177.
11.23000, 144.
11.24000, 184.
11.25000, 172.
11.26000, 186.
11.27000, 175.
11.28000, 197.
11.29000, 180.
11.30000, 190.
11.31000, 203.
11.32000, 173.
11.33000, 213.
11.34000, 203.
11.35000, 185.
11.36000, 199.
11.37000, 174.
11.38000, 225.
11.39000, 189.
11.40000, 178.
11.41000, 188.
11.42000, 195.
11.43000, 176.
11.44000, 173.
11.45000, 152.
11.46000, 199.
11.47000, 177.
11.48000, 169.
11.49000, 160.
11.50000, 179.
11.51000, 187.
11.52000, 178.
11.53000, 168.
11.54000, 180.
11.55000, 134.
11.56000, 147.
11.57000, 166.
11.58000, 148.
11.59000, 172.
11.60000, 170.
11.61000, 162.
11.62000, 175.
11.63000, 157.
11.64000, 147.
11.65000, 185.
11.66000, 142.
11.67000, 184.
11.68000, 179.
11.69000, 169.
11.70000, 172.
11.71000, 193.
11.72000, 167.
11.73000, 180.
11.74000, 182.
11.75000, 174.
11.76000, 156.
11.77000, 170.
11.78000, 176.
11.79000, 160.
11.80000, 168.
11.81000, 149.
11.82000, 180.
11.83000, 190.
11.84000, 179.
11.85000, 187.
11.86000, 174.
11.87000, 186.
11.88000, 169.
11.89000, 189.
11.90000, 180.
11.91000, 160.
11.92000, 176.
11.93000, 184.
11.94000, 182.
11.95000, 172.
11.96000, 185.
11.97000, 197.
11.98000, 192.
11.99000, 182.
12.00000, 194.
12.01000, 207.
12.02000, 174.
12.03000, 204.
12.04000, 203.
12.05000, 202.
12.06000, 217.
12.07000, 182.
12.08000, 178.
12.09000, 203.
12.10000, 198.
12.11000, 208.
12.12000, 201.
12.13000, 185.
12.14000, 205.
12.15000, 207.
12.16000, 230.
12.17000, 223.
12.18000, 231.
12.19000, 208.
12.20000, 249.
12.21000, 222.
12.22000, 259.
12.23000, 241.
12.24000, 242.
12.25000, 253.
12.26000, 235.
12.27000, 255.
12.28000, 249.
12.29000, 281.
12.30000, 253.
12.31000, 237.
12.32000, 238.
12.33000, 239.
12.34000, 260.
12.35000, 249.
12.36000, 269.
12.37000, 266.
12.38000, 236.
12.39000, 260.
12.40000, 246.
12.41000, 295.
12.42000, 298.
12.43000, 320.
12.44000, 360.
12.45000, 346.
12.46000, 457.
12.47000, 492.
12.48000, 539.
12.49000, 657.
12.50000, 685.
12.51000, 733.
12.52000, 757.
12.53000, 878.
12.54000, 917.
12.55000, 1069.
12.56000, 1139.
12.57000, 1144.
12.58000, 1212.
12.59000, 1267.
12.60000, 1312.
12.61000, 1287.
12.62000, 1225.
12.63000, 1256.
12.64000, 1164.
12.65000, 1071.
12.66000, 1084.
12.67000, 996.
12.68000, 919.
12.69000, 885.
12.70000, 820.
12.71000, 761.
12.72000, 627.
12.73000, 550.
12.74000, 534.
12.75000, 534.
12.76000, 421.
12.77000, 419.
12.78000, 394.
12.79000, 370.
12.80000, 315.
12.81000, 337.
12.82000, 302.
12.83000, 276.
12.84000, 288.
12.85000, 260.
12.86000, 274.
12.87000, 278.
12.88000, 245.
12.89000, 262.
12.90000, 233.
12.91000, 243.
12.92000, 223.
12.93000, 225.
12.94000, 242.
12.95000, 245.
12.96000, 240.
12.97000, 239.
12.98000, 227.
12.99000, 226.
13.00000, 217.
13.01000, 207.
13.02000, 234.
13.03000, 211.
13.04000, 228.
13.05000, 201.
13.06000, 230.
13.07000, 239.
13.08000, 210.
13.09000, 212.
13.10000, 209.
13.11000, 198.
13.12000, 195.
13.13000, 186.
13.14000, 186.
13.15000, 190.
13.16000, 209.
13.17000, 212.
13.18000, 194.
13.19000, 186.
13.20000, 181.
13.21000, 204.
13.22000, 200.
13.23000, 225.
13.24000, 221.
13.25000, 234.
13.26000, 253.
13.27000, 260.
13.28000, 212.
13.29000, 226.
13.30000, 252.
13.31000, 236.
13.32000, 255.
13.33000, 254.
13.34000, 275.
13.35000, 301.
13.36000, 289.
13.37000, 249.
13.38000, 264.
13.39000, 269.
13.40000, 272.
13.41000, 252.
13.42000, 244.
13.43000, 249.
13.44000, 239.
13.45000, 239.
13.46000, 252.
13.47000, 245.
13.48000, 223.
13.49000, 206.
13.50000, 210.
13.51000, 211.
13.52000, 194.
13.53000, 201.
13.54000, 188.
13.55000, 192.
13.56000, 190.
13.57000, 215.
13.58000, 173.
13.59000, 174.
13.60000, 173.
13.61000, 174.
13.62000, 189.
13.63000, 160.
13.64000, 156.
13.65000, 180.
13.66000, 159.
13.67000, 165.
13.68000, 176.
13.69000, 145.
13.70000, 166.
13.71000, 169.
13.72000, 165.
13.73000, 170.
13.74000, 167.
13.75000, 175.
13.76000, 163.
13.77000, 172.
13.78000, 168.
13.79000, 162.
13.80000, 177.
13.81000, 183.
13.82000, 158.
13.83000, 178.
13.84000, 191.
13.85000, 178.
13.86000, 179.
13.87000, 155.
13.88000, 189.
13.89000, 172.
13.90000, 179.
13.91000, 165.
13.92000, 184.
13.93000, 190.
13.94000, 206.
13.95000, 216.
13.96000, 200.
13.97000, 208.
13.98000, 216.
13.99000, 250.
14.00000, 232.
14.01000, 218.
14.02000, 291.
14.03000, 229.
14.04000, 256.
14.05000, 279.
14.06000, 275.
14.07000, 278.
14.08000, 312.
14.09000, 283.
14.10000, 316.
14.11000, 344.
14.12000, 308.
14.13000, 318.
14.14000, 333.
14.15000, 293.
14.16000, 306.
14.17000, 291.
14.18000, 325.
14.19000, 298.
14.20000, 291.
14.21000, 289.
14.22000, 277.
14.23000, 270.
14.24000, 245.
14.25000, 237.
14.26000, 211.
14.27000, 213.
14.28000, 205.
14.29000, 232.
14.30000, 191.
14.31000, 195.
14.32000, 206.
14.33000, 180.
14.34000, 189.
14.35000, 205.
14.36000, 191.
14.37000, 198.
14.38000, 179.
14.39000, 198.
14.40000, 176.
14.41000, 206.
14.42000, 179.
14.43000, 173.
14.44000, 170.
14.45000, 179.
14.46000, 165.
14.47000, 165.
14.48000, 183.
14.49000, 169.
14.50000, 173.
14.51000, 163.
14.52000, 192.
14.53000, 182.
14.54000, 189.
14.55000, 169.
14.56000, 187.
14.57000, 203.
14.58000, 194.
14.59000, 184.
14.60000, 221.
14.61000, 248.
14.62000, 234.
14.63000, 253.
14.64000, 273.
14.65000, 259.
14.66000, 280.
14.67000, 308.
14.68000, 305.
14.69000, 341.
14.70000, 296.
14.71000, 334.
14.72000, 317.
14.73000, 357.
14.74000, 358.
14.75000, 363.
14.76000, 366.
14.77000, 357.
14.78000, 338.
14.79000, 311.
14.80000, 301.
14.81000, 347.
14.82000, 347.
14.83000, 320.
14.84000, 295.
14.85000, 262.
14.86000, 292.
14.87000, 285.
14.88000, 278.
14.89000, 277.
14.90000, 212.
14.91000, 262.
14.92000, 229.
14.93000, 254.
14.94000, 220.
14.95000, 215.
14.96000, 227.
14.97000, 230.
14.98000, 231.
14.99000, 220.
15.00000, 200.
15.01000, 236.
15.02000, 205.
15.03000, 218.
15.04000, 231.
15.05000, 261.
15.06000, 228.
15.07000, 246.
15.08000, 223.
15.09000, 248.
15.10000, 213.
15.11000, 224.
15.12000, 235.
15.13000, 223.
15.14000, 214.
15.15000, 217.
15.16000, 212.
15.17000, 218.
15.18000, 219.
15.19000, 208.
15.20000, 214.
15.21000, 199.
15.22000, 236.
15.23000, 197.
15.24000, 211.
15.25000, 176.
15.26000, 206.
15.27000, 197.
15.28000, 195.
15.29000, 182.
15.30000, 168.
15.31000, 199.
15.32000, 179.
15.33000, 174.
15.34000, 201.
15.35000, 173.
15.36000, 158.
15.37000, 142.
15.38000, 160.
15.39000, 160.
15.40000, 169.
15.41000, 172.
15.42000, 169.
15.43000, 194.
15.44000, 168.
15.45000, 155.
15.46000, 168.
15.47000, 194.
15.48000, 159.
15.49000, 205.
15.50000, 198.
15.51000, 185.
15.52000, 214.
15.53000, 200.
15.54000, 220.
15.55000, 199.
15.56000, 216.
15.57000, 226.
15.58000, 216.
15.59000, 226.
15.60000, 201.
15.61000, 278.
15.62000, 264.
15.63000, 291.
15.64000, 288.
15.65000, 362.
15.66000, 316.
15.67000, 393.
15.68000, 369.
15.69000, 379.
15.70000, 358.
15.71000, 382.
15.72000, 388.
15.73000, 382.
15.74000, 366.
15.75000, 409.
15.76000, 403.
15.77000, 410.
15.78000, 387.
15.79000, 381.
15.80000, 366.
15.81000, 358.
15.82000, 328.
15.83000, 303.
15.84000, 298.
15.85000, 260.
15.86000, 291.
15.87000, 256.
15.88000, 227.
15.89000, 232.
15.90000, 195.
15.91000, 230.
15.92000, 232.
15.93000, 204.
15.94000, 197.
15.95000, 169.
15.96000, 180.
15.97000, 171.
15.98000, 177.
15.99000, 183.
16.00000, 172.
16.01000, 162.
16.02000, 172.
16.03000, 177.
16.04000, 152.
16.05000, 168.
16.06000, 167.
16.07000, 147.
16.08000, 179.
16.09000, 161.
16.10000, 180.
16.11000, 165.
16.12000, 166.
16.13000, 166.
16.14000, 159.
16.15000, 185.
16.16000, 158.
16.17000, 168.
16.18000, 173.
16.19000, 152.
16.20000, 153.
16.21000, 159.
16.22000, 162.
16.23000, 147.
16.24000, 187.
16.25000, 149.
16.26000, 185.
16.27000, 174.
16.28000, 159.
16.29000, 154.
16.30000, 146.
16.31000, 167.
16.32000, 142.
16.33000, 166.
16.34000, 160.
16.35000, 156.
16.36000, 146.
16.37000, 164.
16.38000, 148.
16.39000, 166.
16.40000, 163.
16.41000, 157.
16.42000, 195.
16.43000, 146.
16.44000, 172.
16.45000, 161.
16.46000, 181.
16.47000, 189.
16.48000, 175.
16.49000, 178.
16.50000, 168.
16.51000, 181.
16.52000, 166.
16.53000, 169.
16.54000, 193.
16.55000, 169.
16.56000, 170.
16.57000, 190.
16.58000, 164.
16.59000, 166.
16.60000, 175.
16.61000, 163.
16.62000, 174.
16.63000, 163.
16.64000, 177.
16.65000, 166.
16.66000, 187.
16.67000, 190.
16.68000, 164.
16.69000, 163.
16.70000, 164.
16.71000, 168.
16.72000, 173.
16.73000, 178.
16.74000, 161.
16.75000, 180.
16.76000, 176.
16.77000, 183.
16.78000, 164.
16.79000, 146.
16.80000, 175.
16.81000, 164.
16.82000, 156.
16.83000, 174.
16.84000, 162.
16.85000, 179.
16.86000, 177.
16.87000, 149.
16.88000, 173.
16.89000, 175.
16.90000, 154.
16.91000, 134.
16.92000, 154.
16.93000, 149.
16.94000, 167.
16.95000, 166.
16.96000, 178.
16.97000, 185.
16.98000, 183.
16.99000, 192.
17.00000, 163.
17.01000, 165.
17.02000, 172.
17.03000, 172.
17.04000, 170.
17.05000, 190.
17.06000, 181.
17.07000, 148.
17.08000, 184.
17.09000, 173.
17.10000, 160.
17.11000, 163.
17.12000, 168.
17.13000, 165.
17.14000, 154.
17.15000, 149.
17.16000, 158.
17.17000, 155.
17.18000, 174.
17.19000, 176.
17.20000, 173.
17.21000, 189.
17.22000, 190.
17.23000, 194.
17.24000, 183.
17.25000, 167.
17.26000, 182.
17.27000, 175.
17.28000, 183.
17.29000, 162.
17.30000, 192.
17.31000, 172.
17.32000, 181.
17.33000, 174.
17.34000, 200.
17.35000, 182.
17.36000, 181.
17.37000, 164.
17.38000, 198.
17.39000, 178.
17.40000, 188.
17.41000, 178.
17.42000, 200.
17.43000, 185.
17.44000, 189.
17.45000, 193.
17.46000, 174.
17.47000, 206.
17.48000, 229.
17.49000, 206.
17.50000, 188.
17.51000, 218.
17.52000, 213.
17.53000, 220.
17.54000, 220.
17.55000, 220.
17.56000, 221.
17.57000, 213.
17.58000, 236.
17.59000, 202.
17.60000, 224.
17.61000, 233.
17.62000, 269.
17.63000, 231.
17.64000, 229.
17.65000, 245.
17.66000, 252.
17.67000, 240.
17.68000, 244.
17.69000, 234.
17.70000, 219.
17.71000, 244.
17.72000, 236.
17.73000, 243.
17.74000, 229.
17.75000, 238.
17.76000, 221.
17.77000, 227.
17.78000, 217.
17.79000, 215.
17.80000, 212.
17.81000, 212.
17.82000, 209.
17.83000, 217.
17.84000, 214.
17.85000, 248.
17.86000, 215.
17.87000, 229.
17.88000, 193.
17.89000, 236.
17.90000, 235.
17.91000, 233.
17.92000, 242.
17.93000, 223.
17.94000, 260.
17.95000, 221.
17.96000, 217.
17.97000, 228.
17.98000, 236.
17.99000, 217.
18.00000, 267.
18.01000, 283.
18.02000, 261.
18.03000, 256.
18.04000, 247.
18.05000, 259.
18.06000, 266.
18.07000, 273.
18.08000, 252.
18.09000, 246.
18.10000, 273.
18.11000, 274.
18.12000, 282.
18.13000, 272.
18.14000, 275.
18.15000, 301.
18.16000, 290.
18.17000, 280.
18.18000, 278.
18.19000, 312.
18.20000, 311.
18.21000, 321.
18.22000, 337.
18.23000, 327.
18.24000, 360.
18.25000, 312.
18.26000, 330.
18.27000, 358.
18.28000, 310.
18.29000, 348.
18.30000, 376.
18.31000, 372.
18.32000, 396.
18.33000, 431.
18.34000, 416.
18.35000, 393.
18.36000, 444.
18.37000, 429.
18.38000, 501.
18.39000, 478.
18.40000, 464.
18.41000, 508.
18.42000, 500.
18.43000, 520.
18.44000, 542.
18.45000, 541.
18.46000, 525.
18.47000, 588.
18.48000, 597.
18.49000, 658.
18.50000, 653.
18.51000, 603.
18.52000, 660.
18.53000, 691.
18.54000, 679.
18.55000, 731.
18.56000, 726.
18.57000, 791.
18.58000, 805.
18.59000, 817.
18.60000, 847.
18.61000, 843.
18.62000, 836.
18.63000, 856.
18.64000, 892.
18.65000, 883.
18.66000, 874.
18.67000, 922.
18.68000, 975.
18.69000, 983.
18.70000, 967.
18.71000, 903.
18.72000, 952.
18.73000, 1028.
18.74000, 978.
18.75000, 947.
18.76000, 964.
18.77000, 999.
18.78000, 992.
18.79000, 992.
18.80000, 989.
18.81000, 987.
18.82000, 952.
18.83000, 1021.
18.84000, 1018.
18.85000, 961.
18.86000, 1024.
18.87000, 997.
18.88000, 918.
18.89000, 904.
18.90000, 941.
18.91000, 992.
18.92000, 973.
18.93000, 916.
18.94000, 910.
18.95000, 890.
18.96000, 856.
18.97000, 857.
18.98000, 803.
18.99000, 847.
19.00000, 775.
19.01000, 810.
19.02000, 813.
19.03000, 785.
19.04000, 747.
19.05000, 747.
19.06000, 689.
19.07000, 682.
19.08000, 680.
19.09000, 624.
19.10000, 653.
19.11000, 567.
19.12000, 581.
19.13000, 596.
19.14000, 556.
19.15000, 520.
19.16000, 522.
19.17000, 552.
19.18000, 509.
19.19000, 483.
19.20000, 453.
19.21000, 470.
19.22000, 415.
19.23000, 449.
19.24000, 436.
19.25000, 424.
19.26000, 393.
19.27000, 377.
19.28000, 386.
19.29000, 329.
19.30000, 360.
19.31000, 381.
19.32000, 335.
19.33000, 352.
19.34000, 337.
19.35000, 321.
19.36000, 331.
19.37000, 315.
19.38000, 338.
19.39000, 302.
19.40000, 300.
19.41000, 316.
19.42000, 289.
19.43000, 272.
19.44000, 285.
19.45000, 266.
19.46000, 303.
19.47000, 258.
19.48000, 275.
19.49000, 281.
19.50000, 275.
19.51000, 247.
19.52000, 244.
19.53000, 240.
19.54000, 225.
19.55000, 218.
19.56000, 237.
19.57000, 234.
19.58000, 207.
19.59000, 219.
19.60000, 211.
19.61000, 249.
19.62000, 236.
19.63000, 221.
19.64000, 195.
19.65000, 208.
19.66000, 190.
19.67000, 235.
19.68000, 205.
19.69000, 195.
19.70000, 186.
19.71000, 194.
19.72000, 190.
19.73000, 178.
19.74000, 192.
19.75000, 205.
19.76000, 196.
19.77000, 195.
19.78000, 198.
19.79000, 212.
19.80000, 189.
19.81000, 194.
19.82000, 168.
19.83000, 204.
19.84000, 221.
19.85000, 219.
19.86000, 223.
19.87000, 209.
19.88000, 208.
19.89000, 257.
19.90000, 222.
19.91000, 257.
19.92000, 268.
19.93000, 278.
19.94000, 305.
19.95000, 282.
19.96000, 329.
19.97000, 356.
19.98000, 367.
19.99000, 368.
20.00000, 403.
20.01000, 441.
20.02000, 444.
20.03000, 442.
20.04000, 527.
20.05000, 500.
20.06000, 516.
20.07000, 554.
20.08000, 536.
20.09000, 588.
20.10000, 566.
20.11000, 622.
20.12000, 596.
20.13000, 607.
20.14000, 634.
20.15000, 665.
20.16000, 648.
20.17000, 611.
20.18000, 583.
20.19000, 576.
20.20000, 568.
20.21000, 606.
20.22000, 556.
20.23000, 521.
20.24000, 496.
20.25000, 482.
20.26000, 460.
20.27000, 425.
20.28000, 411.
20.29000, 369.
20.30000, 331.
20.31000, 316.
20.32000, 322.
20.33000, 287.
20.34000, 278.
20.35000, 260.
20.36000, 231.
20.37000, 203.
20.38000, 214.
20.39000, 173.
20.40000, 193.
20.41000, 198.
20.42000, 191.
20.43000, 166.
20.44000, 170.
20.45000, 144.
20.46000, 183.
20.47000, 162.
20.48000, 163.
20.49000, 174.
20.50000, 176.
20.51000, 171.
20.52000, 171.
20.53000, 206.
20.54000, 173.
20.55000, 166.
20.56000, 184.
20.57000, 190.
20.58000, 172.
20.59000, 190.
20.60000, 191.
20.61000, 193.
20.62000, 180.
20.63000, 205.
20.64000, 188.
20.65000, 207.
20.66000, 182.
20.67000, 191.
20.68000, 209.
20.69000, 202.
20.70000, 198.
20.71000, 219.
20.72000, 207.
20.73000, 227.
20.74000, 216.
20.75000, 213.
20.76000, 240.
20.77000, 251.
20.78000, 233.
20.79000, 250.
20.80000, 236.
20.81000, 250.
20.82000, 257.
20.83000, 248.
20.84000, 258.
20.85000, 230.
20.86000, 256.
20.87000, 268.
20.88000, 253.
20.89000, 277.
20.90000, 273.
20.91000, 261.
20.92000, 266.
20.93000, 266.
20.94000, 311.
20.95000, 256.
20.96000, 272.
20.97000, 273.
20.98000, 258.
20.99000, 288.
21.00000, 295.
21.01000, 262.
21.02000, 300.
21.03000, 271.
21.04000, 288.
21.05000, 271.
21.06000, 281.
21.07000, 273.
21.08000, 253.
21.09000, 256.
21.10000, 277.
21.11000, 265.
21.12000, 241.
21.13000, 239.
21.14000, 289.
21.15000, 263.
21.16000, 248.
21.17000, 273.
21.18000, 237.
21.19000, 237.
21.20000, 253.
21.21000, 241.
21.22000, 239.
21.23000, 234.
21.24000, 231.
21.25000, 227.
21.26000, 228.
21.27000, 211.
21.28000, 202.
21.29000, 254.
21.30000, 223.
21.31000, 202.
21.32000, 214.
21.33000, 204.
21.34000, 206.
21.35000, 212.
21.36000, 177.
21.37000, 179.
21.38000, 201.
21.39000, 163.
21.40000, 171.
21.41000, 220.
21.42000, 183.
21.43000, 188.
21.44000, 189.
21.45000, 174.
21.46000, 172.
21.47000, 155.
21.48000, 180.
21.49000, 139.
21.50000, 173.
21.51000, 151.
21.52000, 181.
21.53000, 171.
21.54000, 145.
21.55000, 152.
21.56000, 166.
21.57000, 154.
21.58000, 155.
21.59000, 125.
21.60000, 145.
21.61000, 140.
21.62000, 135.
21.63000, 150.
21.64000, 131.
21.65000, 146.
21.66000, 143.
21.67000, 155.
21.68000, 133.
21.69000, 128.
21.70000, 117.
21.71000, 125.
21.72000, 116.
21.73000, 145.
21.74000, 121.
21.75000, 118.
21.76000, 106.
21.77000, 129.
21.78000, 121.
21.79000, 134.
21.80000, 115.
21.81000, 126.
21.82000, 124.
21.83000, 125.
21.84000, 126.
21.85000, 116.
21.86000, 131.
21.87000, 103.
21.88000, 110.
21.89000, 127.
21.90000, 111.
21.91000, 103.
21.92000, 102.
21.93000, 120.
21.94000, 101.
21.95000, 107.
21.96000, 109.
21.97000, 109.
21.98000, 119.
21.99000, 108.
22.00000, 109.
22.01000, 75.
22.02000, 116.
22.03000, 112.
22.04000, 95.
22.05000, 105.
22.06000, 92.
22.07000, 111.
22.08000, 94.
22.09000, 97.
22.10000, 98.
22.11000, 109.
22.12000, 82.
22.13000, 103.
22.14000, 104.
22.15000, 97.
22.16000, 91.
22.17000, 89.
22.18000, 91.
22.19000, 86.
22.20000, 88.
22.21000, 97.
22.22000, 112.
22.23000, 101.
22.24000, 103.
22.25000, 103.
22.26000, 85.
22.27000, 94.
22.28000, 95.
22.29000, 87.
22.30000, 93.
22.31000, 93.
22.32000, 91.
22.33000, 91.
22.34000, 104.
22.35000, 79.
22.36000, 83.
22.37000, 105.
22.38000, 96.
22.39000, 99.
22.40000, 87.
22.41000, 108.
22.42000, 91.
22.43000, 91.
22.44000, 92.
22.45000, 116.
22.46000, 99.
22.47000, 96.
22.48000, 94.
22.49000, 119.
22.50000, 96.
22.51000, 122.
22.52000, 112.
22.53000, 111.
22.54000, 120.
22.55000, 147.
22.56000, 115.
22.57000, 112.
22.58000, 143.
22.59000, 140.
22.60000, 134.
22.61000, 144.
22.62000, 143.
22.63000, 148.
22.64000, 151.
22.65000, 163.
22.66000, 160.
22.67000, 155.
22.68000, 155.
22.69000, 184.
22.70000, 150.
22.71000, 179.
22.72000, 143.
22.73000, 142.
22.74000, 153.
22.75000, 127.
22.76000, 128.
22.77000, 127.
22.78000, 120.
22.79000, 143.
22.80000, 112.
22.81000, 123.
22.82000, 116.
22.83000, 127.
22.84000, 106.
22.85000, 108.
22.86000, 89.
22.87000, 98.
22.88000, 95.
22.89000, 97.
22.90000, 113.
22.91000, 89.
22.92000, 97.
22.93000, 90.
22.94000, 79.
22.95000, 69.
22.96000, 86.
22.97000, 82.
22.98000, 78.
22.99000, 88.
23.00000, 78.
23.01000, 88.
23.02000, 71.
23.03000, 92.
23.04000, 67.
23.05000, 93.
23.06000, 95.
23.07000, 98.
23.08000, 95.
23.09000, 78.
23.10000, 104.
23.11000, 91.
23.12000, 110.
23.13000, 77.
23.14000, 107.
23.15000, 89.
23.16000, 85.
23.17000, 78.
23.18000, 116.
23.19000, 102.
23.20000, 79.
23.21000, 86.
23.22000, 83.
23.23000, 81.
23.24000, 80.
23.25000, 87.
23.26000, 76.
23.27000, 86.
23.28000, 74.
23.29000, 69.
23.30000, 62.
23.31000, 76.
23.32000, 96.
23.33000, 87.
23.34000, 82.
23.35000, 76.
23.36000, 67.
23.37000, 70.
23.38000, 86.
23.39000, 73.
23.40000, 72.
23.41000, 82.
23.42000, 75.
23.43000, 61.
23.44000, 87.
23.45000, 71.
23.46000, 69.
23.47000, 78.
23.48000, 81.
23.49000, 72.
23.50000, 71.
23.51000, 74.
23.52000, 76.
23.53000, 81.
23.54000, 77.
23.55000, 68.
23.56000, 57.
23.57000, 63.
23.58000, 70.
23.59000, 68.
23.60000, 66.
23.61000, 61.
23.62000, 68.
23.63000, 70.
23.64000, 72.
23.65000, 78.
23.66000, 71.
23.67000, 78.
23.68000, 71.
23.69000, 76.
23.70000, 60.
23.71000, 67.
23.72000, 65.
23.73000, 66.
23.74000, 62.
23.75000, 63.
23.76000, 86.
23.77000, 73.
23.78000, 83.
23.79000, 67.
23.80000, 77.
23.81000, 66.
23.82000, 70.
23.83000, 67.
23.84000, 65.
23.85000, 77.
23.86000, 70.
23.87000, 52.
23.88000, 54.
23.89000, 83.
23.90000, 83.
23.91000, 79.
23.92000, 78.
23.93000, 58.
23.94000, 70.
23.95000, 71.
23.96000, 65.
23.97000, 64.
23.98000, 85.
23.99000, 91.
24.00000, 78.
24.01000, 68.
24.02000, 74.
24.03000, 72.
24.04000, 83.
24.05000, 79.
24.06000, 83.
24.07000, 58.
24.08000, 86.
24.09000, 68.
24.10000, 74.
24.11000, 80.
24.12000, 72.
24.13000, 68.
24.14000, 71.
24.15000, 68.
24.16000, 62.
24.17000, 76.
24.18000, 63.
24.19000, 69.
24.20000, 70.
24.21000, 66.
24.22000, 72.
24.23000, 72.
24.24000, 65.
24.25000, 74.
24.26000, 82.
24.27000, 65.
24.28000, 69.
24.29000, 57.
24.30000, 57.
24.31000, 71.
24.32000, 76.
24.33000, 73.
24.34000, 79.
24.35000, 78.
24.36000, 75.
24.37000, 71.
24.38000, 65.
24.39000, 60.
24.40000, 66.
24.41000, 70.
24.42000, 71.
24.43000, 78.
24.44000, 69.
24.45000, 72.
24.46000, 77.
24.47000, 74.
24.48000, 78.
24.49000, 59.
24.50000, 57.
24.51000, 72.
24.52000, 65.
24.53000, 70.
24.54000, 72.
24.55000, 71.
24.56000, 67.
24.57000, 76.
24.58000, 67.
24.59000, 57.
24.60000, 71.
24.61000, 71.
24.62000, 56.
24.63000, 70.
24.64000, 69.
24.65000, 64.
24.66000, 59.
24.67000, 75.
24.68000, 82.
24.69000, 68.
24.70000, 74.
24.71000, 64.
24.72000, 66.
24.73000, 67.
24.74000, 79.
24.75000, 72.
24.76000, 64.
24.77000, 62.
24.78000, 63.
24.79000, 68.
24.80000, 79.
24.81000, 68.
24.82000, 59.
24.83000, 68.
24.84000, 87.
24.85000, 68.
24.86000, 74.
24.87000, 75.
24.88000, 66.
24.89000, 66.
24.90000, 81.
24.91000, 64.
24.92000, 69.
24.93000, 67.
24.94000, 86.
24.95000, 57.
24.96000, 75.
24.97000, 63.
24.98000, 58.
24.99000, 68.
25.00000, 90.
25.01000, 62.
25.02000, 72.
25.03000, 80.
25.04000, 75.
25.05000, 77.
25.06000, 65.
25.07000, 81.
25.08000, 64.
25.09000, 99.
25.10000, 67.
25.11000, 77.
25.12000, 83.
25.13000, 78.
25.14000, 80.
25.15000, 78.
25.16000, 80.
25.17000, 78.
25.18000, 76.
25.19000, 82.
25.20000, 71.
25.21000, 64.
25.22000, 86.
25.23000, 79.
25.24000, 68.
25.25000, 84.
25.26000, 78.
25.27000, 80.
25.28000, 72.
25.29000, 71.
25.30000, 71.
25.31000, 67.
25.32000, 57.
25.33000, 89.
25.34000, 80.
25.35000, 83.
25.36000, 65.
25.37000, 93.
25.38000, 76.
25.39000, 68.
25.40000, 64.
25.41000, 85.
25.42000, 75.
25.43000, 59.
25.44000, 55.
25.45000, 74.
25.46000, 81.
25.47000, 64.
25.48000, 66.
25.49000, 50.
25.50000, 75.
25.51000, 54.
25.52000, 59.
25.53000, 55.
25.54000, 63.
25.55000, 74.
25.56000, 68.
25.57000, 55.
25.58000, 70.
25.59000, 59.
25.60000, 70.
25.61000, 64.
25.62000, 65.
25.63000, 79.
25.64000, 63.
25.65000, 53.
25.66000, 77.
25.67000, 63.
25.68000, 78.
25.69000, 69.
25.70000, 50.
25.71000, 53.
25.72000, 49.
25.73000, 56.
25.74000, 70.
25.75000, 61.
25.76000, 63.
25.77000, 69.
25.78000, 65.
25.79000, 61.
25.80000, 70.
25.81000, 65.
25.82000, 59.
25.83000, 70.
25.84000, 70.
25.85000, 61.
25.86000, 72.
25.87000, 63.
25.88000, 57.
25.89000, 56.
25.90000, 59.
25.91000, 63.
25.92000, 54.
25.93000, 66.
25.94000, 66.
25.95000, 61.
25.96000, 75.
25.97000, 62.
25.98000, 66.
25.99000, 58.
26.00000, 63.
26.01000, 57.
26.02000, 54.
26.03000, 59.
26.04000, 52.
26.05000, 60.
26.06000, 57.
26.07000, 60.
26.08000, 52.
26.09000, 66.
26.10000, 68.
26.11000, 61.
26.12000, 55.
26.13000, 57.
26.14000, 67.
26.15000, 57.
26.16000, 54.
26.17000, 71.
26.18000, 60.
26.19000, 45.
26.20000, 48.
26.21000, 58.
26.22000, 58.
26.23000, 60.
26.24000, 64.
26.25000, 63.
26.26000, 67.
26.27000, 62.
26.28000, 63.
26.29000, 57.
26.30000, 66.
26.31000, 51.
26.32000, 46.
26.33000, 67.
26.34000, 82.
26.35000, 57.
26.36000, 64.
26.37000, 63.
26.38000, 55.
26.39000, 52.
26.40000, 65.
26.41000, 81.
26.42000, 47.
26.43000, 64.
26.44000, 59.
26.45000, 55.
26.46000, 67.
26.47000, 56.
26.48000, 50.
26.49000, 52.
26.50000, 59.
26.51000, 42.
26.52000, 59.
26.53000, 55.
26.54000, 61.
26.55000, 60.
26.56000, 60.
26.57000, 65.
26.58000, 62.
26.59000, 49.
26.60000, 49.
26.61000, 58.
26.62000, 65.
26.63000, 60.
26.64000, 79.
26.65000, 53.
26.66000, 59.
26.67000, 52.
26.68000, 54.
26.69000, 55.
26.70000, 70.
26.71000, 54.
26.72000, 53.
26.73000, 42.
26.74000, 52.
26.75000, 60.
26.76000, 52.
26.77000, 75.
26.78000, 52.
26.79000, 70.
26.80000, 64.
26.81000, 57.
26.82000, 51.
26.83000, 54.
26.84000, 57.
26.85000, 56.
26.86000, 52.
26.87000, 64.
26.88000, 47.
26.89000, 58.
26.90000, 44.
26.91000, 66.
26.92000, 67.
26.93000, 55.
26.94000, 60.
26.95000, 62.
26.96000, 50.
26.97000, 48.
26.98000, 55.
26.99000, 57.
27.00000, 62.
27.01000, 54.
27.02000, 76.
27.03000, 45.
27.04000, 62.
27.05000, 47.
27.06000, 66.
27.07000, 59.
27.08000, 54.
27.09000, 61.
27.10000, 50.
27.11000, 46.
27.12000, 57.
27.13000, 49.
27.14000, 49.
27.15000, 62.
27.16000, 59.
27.17000, 58.
27.18000, 41.
27.19000, 52.
27.20000, 57.
27.21000, 54.
27.22000, 56.
27.23000, 57.
27.24000, 62.
27.25000, 47.
27.26000, 47.
27.27000, 42.
27.28000, 41.
27.29000, 47.
27.30000, 56.
27.31000, 74.
27.32000, 64.
27.33000, 57.
27.34000, 76.
27.35000, 58.
27.36000, 48.
27.37000, 55.
27.38000, 51.
27.39000, 60.
27.40000, 60.
27.41000, 59.
27.42000, 64.
27.43000, 47.
27.44000, 58.
27.45000, 46.
27.46000, 57.
27.47000, 38.
27.48000, 53.
27.49000, 62.
27.50000, 43.
27.51000, 39.
27.52000, 53.
27.53000, 60.
27.54000, 59.
27.55000, 45.
27.56000, 51.
27.57000, 58.
27.58000, 53.
27.59000, 59.
27.60000, 46.
27.61000, 61.
27.62000, 59.
27.63000, 44.
27.64000, 50.
27.65000, 53.
27.66000, 41.
27.67000, 51.
27.68000, 57.
27.69000, 64.
27.70000, 54.
27.71000, 51.
27.72000, 34.
27.73000, 48.
27.74000, 50.
27.75000, 47.
27.76000, 59.
27.77000, 51.
27.78000, 47.
27.79000, 42.
27.80000, 43.
27.81000, 38.
27.82000, 44.
27.83000, 42.
27.84000, 54.
27.85000, 46.
27.86000, 51.
27.87000, 56.
27.88000, 60.
27.89000, 60.
27.90000, 59.
27.91000, 44.
27.92000, 52.
27.93000, 47.
27.94000, 55.
27.95000, 69.
27.96000, 45.
27.97000, 51.
27.98000, 47.
27.99000, 50.
28.00000, 37.
28.01000, 47.
28.02000, 54.
28.03000, 55.
28.04000, 54.
28.05000, 48.
28.06000, 53.
28.07000, 51.
28.08000, 47.
28.09000, 44.
28.10000, 36.
28.11000, 50.
28.12000, 42.
28.13000, 55.
28.14000, 53.
28.15000, 54.
28.16000, 43.
28.17000, 46.
28.18000, 46.
28.19000, 48.
28.20000, 46.
28.21000, 45.
28.22000, 43.
28.23000, 65.
28.24000, 55.
28.25000, 37.
28.26000, 52.
28.27000, 54.
28.28000, 38.
28.29000, 42.
28.30000, 56.
28.31000, 48.
28.32000, 62.
28.33000, 46.
28.34000, 66.
28.35000, 41.
28.36000, 43.
28.37000, 38.
28.38000, 47.
28.39000, 46.
28.40000, 47.
28.41000, 49.
28.42000, 58.
28.43000, 51.
28.44000, 40.
28.45000, 44.
28.46000, 52.
28.47000, 43.
28.48000, 52.
28.49000, 38.
28.50000, 46.
28.51000, 54.
28.52000, 63.
28.53000, 56.
28.54000, 48.
28.55000, 38.
28.56000, 47.
28.57000, 59.
28.58000, 54.
28.59000, 39.
28.60000, 52.
28.61000, 38.
28.62000, 34.
28.63000, 47.
28.64000, 34.
28.65000, 58.
28.66000, 53.
28.67000, 44.
28.68000, 53.
28.69000, 45.
28.70000, 45.
28.71000, 34.
28.72000, 47.
28.73000, 40.
28.74000, 33.
28.75000, 31.
28.76000, 40.
28.77000, 36.
28.78000, 45.
28.79000, 45.
28.80000, 52.
28.81000, 41.
28.82000, 35.
28.83000, 51.
28.84000, 58.
28.85000, 49.
28.86000, 44.
28.87000, 55.
28.88000, 42.
28.89000, 58.
28.90000, 54.
28.91000, 30.
28.92000, 37.
28.93000, 41.
28.94000, 31.
28.95000, 61.
28.96000, 56.
28.97000, 33.
28.98000, 40.
28.99000, 41.
29.00000, 37.
29.01000, 46.
29.02000, 41.
29.03000, 49.
29.04000, 52.
29.05000, 41.
29.06000, 40.
29.07000, 51.
29.08000, 49.
29.09000, 55.
29.10000, 47.
29.11000, 49.
29.12000, 40.
29.13000, 47.
29.14000, 34.
29.15000, 50.
29.16000, 45.
29.17000, 39.
29.18000, 45.
29.19000, 36.
29.20000, 56.
29.21000, 48.
29.22000, 35.
29.23000, 44.
29.24000, 41.
29.25000, 44.
29.26000, 37.
29.27000, 44.
29.28000, 40.
29.29000, 47.
29.30000, 53.
29.31000, 39.
29.32000, 43.
29.33000, 39.
29.34000, 34.
29.35000, 51.
29.36000, 39.
29.37000, 66.
29.38000, 40.
29.39000, 37.
29.40000, 40.
29.41000, 52.
29.42000, 39.
29.43000, 43.
29.44000, 45.
29.45000, 38.
29.46000, 36.
29.47000, 47.
29.48000, 42.
29.49000, 41.
29.50000, 46.
29.51000, 39.
29.52000, 46.
29.53000, 37.
29.54000, 39.
29.55000, 54.
29.56000, 41.
29.57000, 49.
29.58000, 38.
29.59000, 40.
29.60000, 54.
29.61000, 49.
29.62000, 38.
29.63000, 33.
29.64000, 48.
29.65000, 52.
29.66000, 40.
29.67000, 44.
29.68000, 38.
29.69000, 42.
29.70000, 41.
29.71000, 51.
29.72000, 43.
29.73000, 45.
29.74000, 36.
29.75000, 39.
29.76000, 36.
29.77000, 42.
29.78000, 32.
29.79000, 40.
29.80000, 43.
29.81000, 35.
29.82000, 41.
29.83000, 45.
29.84000, 44.
29.85000, 50.
29.86000, 36.
29.87000, 44.
29.88000, 32.
29.89000, 42.
29.90000, 41.
29.91000, 35.
29.92000, 56.
29.93000, 39.
29.94000, 39.
29.95000, 41.
29.96000, 44.
29.97000, 43.
29.98000, 51.
29.99000, 39.
30.00000, 33.
30.01000, 41.
30.02000, 34.
30.03000, 36.
30.04000, 31.
30.05000, 42.
30.06000, 27.
30.07000, 40.
30.08000, 43.
30.09000, 42.
30.10000, 36.
30.11000, 40.
30.12000, 25.
30.13000, 35.
30.14000, 47.
30.15000, 34.
30.16000, 45.
30.17000, 43.
30.18000, 42.
30.19000, 38.
30.20000, 36.
30.21000, 32.
30.22000, 38.
30.23000, 33.
30.24000, 31.
30.25000, 33.
30.26000, 40.
30.27000, 41.
30.28000, 30.
30.29000, 38.
30.30000, 28.
30.31000, 29.
30.32000, 51.
30.33000, 36.
30.34000, 40.
30.35000, 30.
30.36000, 47.
30.37000, 41.
30.38000, 43.
30.39000, 40.
30.40000, 36.
30.41000, 39.
30.42000, 47.
30.43000, 39.
30.44000, 42.
30.45000, 27.
30.46000, 44.
30.47000, 39.
30.48000, 48.
30.49000, 39.
30.50000, 36.
30.51000, 37.
30.52000, 27.
30.53000, 37.
30.54000, 39.
30.55000, 44.
30.56000, 30.
30.57000, 27.
30.58000, 31.
30.59000, 40.
30.60000, 27.
30.61000, 41.
30.62000, 42.
30.63000, 28.
30.64000, 39.
30.65000, 44.
30.66000, 34.
30.67000, 36.
30.68000, 33.
30.69000, 34.
30.70000, 38.
30.71000, 30.
30.72000, 36.
30.73000, 33.
30.74000, 36.
30.75000, 33.
30.76000, 38.
30.77000, 38.
30.78000, 35.
30.79000, 41.
30.80000, 33.
30.81000, 29.
30.82000, 33.
30.83000, 39.
30.84000, 40.
30.85000, 28.
30.86000, 22.
30.87000, 49.
30.88000, 29.
30.89000, 39.
30.90000, 27.
30.91000, 42.
30.92000, 36.
30.93000, 37.
30.94000, 32.
30.95000, 36.
30.96000, 39.
30.97000, 35.
30.98000, 37.
30.99000, 33.
31.00000, 29.
31.01000, 40.
31.02000, 30.
31.03000, 33.
31.04000, 27.
31.05000, 31.
31.06000, 47.
31.07000, 39.
31.08000, 21.
31.09000, 33.
31.10000, 31.
31.11000, 44.
31.12000, 25.
31.13000, 16.
31.14000, 30.
31.15000, 28.
31.16000, 39.
31.17000, 29.
31.18000, 29.
31.19000, 29.
31.20000, 37.
31.21000, 37.
31.22000, 41.
31.23000, 32.
31.24000, 37.
31.25000, 39.
31.26000, 35.
31.27000, 39.
31.28000, 36.
31.29000, 37.
31.30000, 35.
31.31000, 31.
31.32000, 42.
31.33000, 34.
31.34000, 31.
31.35000, 32.
31.36000, 26.
31.37000, 41.
31.38000, 36.
31.39000, 33.
31.40000, 28.
31.41000, 34.
31.42000, 24.
31.43000, 34.
31.44000, 36.
31.45000, 38.
31.46000, 27.
31.47000, 39.
31.48000, 29.
31.49000, 37.
31.50000, 32.
31.51000, 31.
31.52000, 36.
31.53000, 34.
31.54000, 36.
31.55000, 31.
31.56000, 35.
31.57000, 29.
31.58000, 27.
31.59000, 34.
31.60000, 37.
31.61000, 31.
31.62000, 32.
31.63000, 38.
31.64000, 31.
31.65000, 38.
31.66000, 33.
31.67000, 31.
31.68000, 32.
31.69000, 36.
31.70000, 35.
31.71000, 36.
31.72000, 30.
31.73000, 28.
31.74000, 26.
31.75000, 32.
31.76000, 30.
31.77000, 38.
31.78000, 45.
31.79000, 28.
31.80000, 28.
31.81000, 41.
31.82000, 37.
31.83000, 38.
31.84000, 40.
31.85000, 28.
31.86000, 35.
31.87000, 31.
31.88000, 28.
31.89000, 39.
31.90000, 34.
31.91000, 33.
31.92000, 32.
31.93000, 42.
31.94000, 27.
31.95000, 46.
31.96000, 44.
31.97000, 30.
31.98000, 31.
31.99000, 33.
32.00000, 30.
32.01000, 30.
32.02000, 27.
32.03000, 39.
32.04000, 37.
32.05000, 31.
32.06000, 36.
32.07000, 37.
32.08000, 38.
32.09000, 39.
32.10000, 42.
32.11000, 40.
32.12000, 28.
32.13000, 34.
32.14000, 34.
32.15000, 36.
32.16000, 31.
32.17000, 47.
32.18000, 40.
32.19000, 43.
32.20000, 39.
32.21000, 23.
32.22000, 31.
32.23000, 29.
32.24000, 25.
32.25000, 27.
32.26000, 32.
32.27000, 37.
32.28000, 31.
32.29000, 29.
32.30000, 25.
32.31000, 35.
32.32000, 23.
32.33000, 26.
32.34000, 21.
32.35000, 33.
32.36000, 38.
32.37000, 25.
32.38000, 33.
32.39000, 32.
32.40000, 22.
32.41000, 36.
32.42000, 28.
32.43000, 35.
32.44000, 32.
32.45000, 26.
32.46000, 19.
32.47000, 23.
32.48000, 30.
32.49000, 21.
32.50000, 27.
32.51000, 37.
32.52000, 21.
32.53000, 31.
32.54000, 28.
32.55000, 22.
32.56000, 32.
32.57000, 33.
32.58000, 22.
32.59000, 27.
32.60000, 20.
32.61000, 27.
32.62000, 26.
32.63000, 25.
32.64000, 23.
32.65000, 33.
32.66000, 27.
32.67000, 31.
32.68000, 26.
32.69000, 30.
32.70000, 26.
32.71000, 20.
32.72000, 29.
32.73000, 32.
32.74000, 27.
32.75000, 24.
32.76000, 28.
32.77000, 23.
32.78000, 38.
32.79000, 21.
32.80000, 28.
32.81000, 23.
32.82000, 27.
32.83000, 23.
32.84000, 29.
32.85000, 18.
32.86000, 23.
32.87000, 28.
32.88000, 24.
32.89000, 18.
32.90000, 33.
32.91000, 26.
32.92000, 29.
32.93000, 25.
32.94000, 43.
32.95000, 23.
32.96000, 18.
32.97000, 22.
32.98000, 24.
32.99000, 36.
33.00000, 25.
33.01000, 23.
33.02000, 26.
33.03000, 24.
33.04000, 23.
33.05000, 28.
33.06000, 33.
33.07000, 25.
33.08000, 22.
33.09000, 34.
33.10000, 28.
33.11000, 25.
33.12000, 31.
33.13000, 22.
33.14000, 28.
33.15000, 27.
33.16000, 30.
33.17000, 28.
33.18000, 23.
33.19000, 25.
33.20000, 21.
33.21000, 27.
33.22000, 29.
33.23000, 30.
33.24000, 26.
33.25000, 14.
33.26000, 25.
33.27000, 25.
33.28000, 16.
33.29000, 25.
33.30000, 28.
33.31000, 25.
33.32000, 21.
33.33000, 24.
33.34000, 22.
33.35000, 27.
33.36000, 27.
33.37000, 21.
33.38000, 24.
33.39000, 28.
33.40000, 18.
33.41000, 28.
33.42000, 19.
33.43000, 28.
33.44000, 21.
33.45000, 35.
33.46000, 36.
33.47000, 18.
33.48000, 28.
33.49000, 16.
33.50000, 20.
33.51000, 29.
33.52000, 32.
33.53000, 23.
33.54000, 19.
33.55000, 21.
33.56000, 29.
33.57000, 20.
33.58000, 28.
33.59000, 32.
33.60000, 29.
33.61000, 32.
33.62000, 23.
33.63000, 21.
33.64000, 34.
33.65000, 14.
33.66000, 19.
33.67000, 27.
33.68000, 24.
33.69000, 22.
33.70000, 20.
33.71000, 24.
33.72000, 23.
33.73000, 25.
33.74000, 26.
33.75000, 17.
33.76000, 17.
33.77000, 17.
33.78000, 27.
33.79000, 20.
33.80000, 16.
33.81000, 30.
33.82000, 27.
33.83000, 27.
33.84000, 24.
33.85000, 22.
33.86000, 26.
33.87000, 23.
33.88000, 17.
33.89000, 22.
33.90000, 16.
33.91000, 31.
33.92000, 17.
33.93000, 26.
33.94000, 24.
33.95000, 20.
33.96000, 19.
33.97000, 17.
33.98000, 27.
33.99000, 25.
34.00000, 22.
34.01000, 20.
34.02000, 25.
34.03000, 20.
34.04000, 23.
34.05000, 24.
34.06000, 22.
34.07000, 20.
34.08000, 12.
34.09000, 16.
34.10000, 26.
34.11000, 23.
34.12000, 23.
34.13000, 24.
34.14000, 21.
34.15000, 24.
34.16000, 16.
34.17000, 24.
34.18000, 23.
34.19000, 23.
34.20000, 24.
34.21000, 24.
34.22000, 15.
34.23000, 25.
34.24000, 13.
34.25000, 19.
34.26000, 20.
34.27000, 16.
34.28000, 16.
34.29000, 21.
34.30000, 17.
34.31000, 19.
34.32000, 13.
34.33000, 20.
34.34000, 20.
34.35000, 17.
34.36000, 30.
34.37000, 23.
34.38000, 22.
34.39000, 14.
34.40000, 17.
34.41000, 20.
34.42000, 13.
34.43000, 21.
34.44000, 25.
34.45000, 17.
34.46000, 26.
34.47000, 23.
34.48000, 18.
34.49000, 22.
34.50000, 16.
34.51000, 24.
34.52000, 15.
34.53000, 16.
34.54000, 17.
34.55000, 20.
34.56000, 18.
34.57000, 13.
34.58000, 24.
34.59000, 23.
34.60000, 25.
34.61000, 22.
34.62000, 25.
34.63000, 22.
34.64000, 28.
34.65000, 28.
34.66000, 21.
34.67000, 14.
34.68000, 24.
34.69000, 22.
34.70000, 22.
34.71000, 19.
34.72000, 23.
34.73000, 19.
34.74000, 20.
34.75000, 13.
34.76000, 13.
34.77000, 24.
34.78000, 20.
34.79000, 20.
34.80000, 16.
34.81000, 12.
34.82000, 17.
34.83000, 17.
34.84000, 16.
34.85000, 15.
34.86000, 29.
34.87000, 19.
34.88000, 20.
34.89000, 21.
34.90000, 21.
34.91000, 25.
34.92000, 17.
34.93000, 17.
34.94000, 25.
34.95000, 28.
34.96000, 15.
34.97000, 17.
34.98000, 15.
34.99000, 21.
35.00000, 18.
35.01000, 22.
35.02000, 21.
35.03000, 32.
35.04000, 17.
35.05000, 17.
35.06000, 14.
35.07000, 25.
35.08000, 13.
35.09000, 12.
35.10000, 22.
35.11000, 17.
35.12000, 21.
35.13000, 14.
35.14000, 28.
35.15000, 15.
35.16000, 19.
35.17000, 23.
35.18000, 17.
35.19000, 20.
35.20000, 18.
35.21000, 18.
35.22000, 26.
35.23000, 21.
35.24000, 19.
35.25000, 15.
35.26000, 21.
35.27000, 10.
35.28000, 19.
35.29000, 20.
35.30000, 22.
35.31000, 25.
35.32000, 16.
35.33000, 15.
35.34000, 27.
35.35000, 24.
35.36000, 15.
35.37000, 15.
35.38000, 11.
35.39000, 17.
35.40000, 15.
35.41000, 11.
35.42000, 17.
35.43000, 15.
35.44000, 17.
35.45000, 16.
35.46000, 21.
35.47000, 13.
35.48000, 16.
35.49000, 24.
35.50000, 16.
35.51000, 17.
35.52000, 13.
35.53000, 11.
35.54000, 22.
35.55000, 16.
35.56000, 15.
35.57000, 17.
35.58000, 19.
35.59000, 12.
35.60000, 11.
35.61000, 18.
35.62000, 14.
35.63000, 15.
35.64000, 22.
35.65000, 10.
35.66000, 17.
35.67000, 14.
35.68000, 17.
35.69000, 14.
35.70000, 19.
35.71000, 16.
35.72000, 10.
35.73000, 14.
35.74000, 16.
35.75000, 23.
35.76000, 15.
35.77000, 19.
35.78000, 14.
35.79000, 24.
35.80000, 12.
35.81000, 13.
35.82000, 18.
35.83000, 14.
35.84000, 17.
35.85000, 17.
35.86000, 10.
35.87000, 17.
35.88000, 18.
35.89000, 22.
35.90000, 14.
35.91000, 18.
35.92000, 15.
35.93000, 12.
35.94000, 9.
35.95000, 12.
35.96000, 12.
35.97000, 18.
35.98000, 23.
35.99000, 15.
36.00000, 18.
36.01000, 16.
36.02000, 15.
36.03000, 17.
36.04000, 12.
36.05000, 13.
36.06000, 17.
36.07000, 14.
36.08000, 14.
36.09000, 19.
36.10000, 19.
36.11000, 16.
36.12000, 24.
36.13000, 17.
36.14000, 20.
36.15000, 9.
36.16000, 16.
36.17000, 10.
36.18000, 10.
36.19000, 14.
36.20000, 17.
36.21000, 13.
36.22000, 17.
36.23000, 13.
36.24000, 8.
36.25000, 15.
36.26000, 13.
36.27000, 18.
36.28000, 18.
36.29000, 13.
36.30000, 17.
36.31000, 16.
36.32000, 14.
36.33000, 12.
36.34000, 18.
36.35000, 14.
36.36000, 17.
36.37000, 21.
36.38000, 10.
36.39000, 12.
36.40000, 18.
36.41000, 11.
36.42000, 12.
36.43000, 16.
36.44000, 14.
36.45000, 12.
36.46000, 10.
36.47000, 12.
36.48000, 16.
36.49000, 14.
36.50000, 15.
36.51000, 15.
36.52000, 17.
36.53000, 15.
36.54000, 17.
36.55000, 13.
36.56000, 16.
36.57000, 9.
36.58000, 11.
36.59000, 15.
36.60000, 9.
36.61000, 17.
36.62000, 13.
36.63000, 7.
36.64000, 11.
36.65000, 19.
36.66000, 14.
36.67000, 14.
36.68000, 12.
36.69000, 19.
36.70000, 18.
36.71000, 11.
36.72000, 6.
36.73000, 14.
36.74000, 14.
36.75000, 14.
36.76000, 12.
36.77000, 14.
36.78000, 18.
36.79000, 15.
36.80000, 17.
36.81000, 14.
36.82000, 12.
36.83000, 13.
36.84000, 17.
36.85000, 7.
36.86000, 14.
36.87000, 13.
36.88000, 21.
36.89000, 18.
36.90000, 17.
36.91000, 17.
36.92000, 14.
36.93000, 12.
36.94000, 15.
36.95000, 11.
36.96000, 18.
36.97000, 15.
36.98000, 16.
36.99000, 13.
37.00000, 13.
37.01000, 10.
37.02000, 9.
37.03000, 13.
37.04000, 10.
37.05000, 12.
37.06000, 18.
37.07000, 18.
37.08000, 10.
37.09000, 13.
37.10000, 20.
37.11000, 18.
37.12000, 12.
37.13000, 11.
37.14000, 15.
37.15000, 11.
37.16000, 8.
37.17000, 13.
37.18000, 15.
37.19000, 14.
37.20000, 15.
37.21000, 11.
37.22000, 15.
37.23000, 9.
37.24000, 13.
37.25000, 16.
37.26000, 12.
37.27000, 15.
37.28000, 8.
37.29000, 9.
37.30000, 16.
37.31000, 13.
37.32000, 13.
37.33000, 12.
37.34000, 15.
37.35000, 13.
37.36000, 12.
37.37000, 19.
37.38000, 9.
37.39000, 14.
37.40000, 15.
37.41000, 16.
37.42000, 15.
37.43000, 17.
37.44000, 14.
37.45000, 10.
37.46000, 16.
37.47000, 16.
37.48000, 10.
37.49000, 8.
37.50000, 13.
37.51000, 11.
37.52000, 12.
37.53000, 12.
37.54000, 13.
37.55000, 10.
37.56000, 20.
37.57000, 12.
37.58000, 6.
37.59000, 10.
37.60000, 20.
37.61000, 12.
37.62000, 12.
37.63000, 14.
37.64000, 15.
37.65000, 11.
37.66000, 11.
37.67000, 7.
37.68000, 11.
37.69000, 11.
37.70000, 5.
37.71000, 10.
37.72000, 12.
37.73000, 9.
37.74000, 13.
37.75000, 14.
37.76000, 8.
37.77000, 14.
37.78000, 7.
37.79000, 10.
37.80000, 11.
37.81000, 8.
37.82000, 10.
37.83000, 7.
37.84000, 9.
37.85000, 6.
37.86000, 9.
37.87000, 11.
37.88000, 12.
37.89000, 10.
37.90000, 9.
37.91000, 6.
37.92000, 12.
37.93000, 6.
37.94000, 11.
37.95000, 12.
37.96000, 14.
37.97000, 6.
37.98000, 5.
37.99000, 6.
38.00000, 15.
38.01000, 6.
38.02000, 9.
38.03000, 7.
38.04000, 11.
38.05000, 9.
38.06000, 14.
38.07000, 11.
38.08000, 14.
38.09000, 14.
38.10000, 2.
38.11000, 6.
38.12000, 9.
38.13000, 6.
38.14000, 7.
38.15000, 6.
38.16000, 9.
38.17000, 11.
38.18000, 14.
38.19000, 12.
38.20000, 6.
38.21000, 9.
38.22000, 9.
38.23000, 8.
38.24000, 5.
38.25000, 17.
38.26000, 18.
38.27000, 5.
38.28000, 5.
38.29000, 11.
38.30000, 17.
38.31000, 6.
38.32000, 9.
38.33000, 7.
38.34000, 9.
38.35000, 5.
38.36000, 15.
38.37000, 4.
38.38000, 11.
38.39000, 11.
38.40000, 8.
38.41000, 8.
38.42000, 6.
38.43000, 6.
38.44000, 7.
38.45000, 6.
38.46000, 14.
38.47000, 10.
38.48000, 5.
38.49000, 6.
38.50000, 7.
38.51000, 7.
38.52000, 6.
38.53000, 8.
38.54000, 8.
38.55000, 8.
38.56000, 9.
38.57000, 10.
38.58000, 10.
38.59000, 4.
38.60000, 10.
38.61000, 7.
38.62000, 7.
38.63000, 11.
38.64000, 10.
38.65000, 9.
38.66000, 12.
38.67000, 11.
38.68000, 8.
38.69000, 9.
38.70000, 12.
38.71000, 9.
38.72000, 6.
38.73000, 12.
38.74000, 8.
38.75000, 10.
38.76000, 11.
38.77000, 11.
38.78000, 10.
38.79000, 10.
38.80000, 9.
38.81000, 8.
38.82000, 9.
38.83000, 4.
38.84000, 11.
38.85000, 8.
38.86000, 13.
38.87000, 8.
38.88000, 5.
38.89000, 3.
38.90000, 7.
38.91000, 9.
38.92000, 5.
38.93000, 11.
38.94000, 3.
38.95000, 3.
38.96000, 8.
38.97000, 9.
38.98000, 14.
38.99000, 6.
39.00000, 6.
39.01000, 13.
39.02000, 8.
39.03000, 3.
39.04000, 12.
39.05000, 5.
39.06000, 9.
39.07000, 5.
39.08000, 8.
39.09000, 8.
39.10000, 7.
39.11000, 13.
39.12000, 10.
39.13000, 13.
39.14000, 4.
39.15000, 11.
39.16000, 4.
39.17000, 14.
39.18000, 10.
39.19000, 8.
39.20000, 8.
39.21000, 7.
39.22000, 10.
39.23000, 8.
39.24000, 7.
39.25000, 8.
39.26000, 9.
39.27000, 5.
39.28000, 6.
39.29000, 8.
39.30000, 5.
39.31000, 7.
39.32000, 9.
39.33000, 11.
39.34000, 16.
39.35000, 7.
39.36000, 10.
39.37000, 7.
39.38000, 8.
39.39000, 5.
39.40000, 4.
39.41000, 7.
39.42000, 9.
39.43000, 9.
39.44000, 3.
39.45000, 8.
39.46000, 7.
39.47000, 5.
39.48000, 7.
39.49000, 8.
39.50000, 3.
39.51000, 8.
39.52000, 7.
39.53000, 5.
39.54000, 4.
39.55000, 5.
39.56000, 9.
39.57000, 8.
39.58000, 6.
39.59000, 9.
39.60000, 6.
39.61000, 8.
39.62000, 5.
39.63000, 10.
39.64000, 8.
39.65000, 11.
39.66000, 4.
39.67000, 5.
39.68000, 5.
39.69000, 8.
39.70000, 8.
39.71000, 3.
39.72000, 6.
39.73000, 4.
39.74000, 7.
39.75000, 7.
39.76000, 5.
39.77000, 6.
39.78000, 3.
39.79000, 4.
39.80000, 3.
39.81000, 4.
39.82000, 6.
39.83000, 5.
39.84000, 4.
39.85000, 3.
39.86000, 1.
39.87000, 6.
39.88000, 6.
39.89000, 3.
39.90000, 2.
39.91000, 4.
39.92000, 2.
39.93000, 8.
39.94000, 7.
39.95000, 5.
39.96000, 6.
39.97000, 4.
39.98000, 6.
39.99000, 2.
40.00000, 5.
40.01000, 3.
40.02000, 8.
40.03000, 1.
40.04000, 7.
40.05000, 10.
40.06000, 6.
40.07000, 6.
40.08000, 9.
40.09000, 7.
40.10000, 3.
40.11000, 5.
40.12000, 7.
40.13000, 9.
40.14000, 5.
40.15000, 2.
40.16000, 4.
40.17000, 5.
40.18000, 2.
40.19000, 7.
40.20000, 2.
40.21000, 4.
40.22000, 5.
40.23000, 9.
40.24000, 7.
40.25000, 6.
40.26000, 7.
40.27000, 2.
40.28000, 4.
40.29000, 7.
40.30000, 5.
40.31000, 6.
40.32000, 6.
40.33000, 5.
40.34000, 4.
40.35000, 2.
40.36000, 8.
40.37000, 5.
40.38000, 5.
40.39000, 5.
40.40000, 4.
40.41000, 5.
40.42000, 7.
40.43000, 4.
40.44000, 5.
40.45000, 5.
40.46000, 4.
40.47000, 2.
40.48000, 5.
40.49000, 3.
40.50000, 8.
40.51000, 5.
40.52000, 2.
40.53000, 0.
40.54000, 10.
40.55000, 0.
#ENDOFDATA   : 
