#FORMAT      : EMSA/MAS Spectral Data File
#VERSION     : 1.0
#TITLE       : Spectrum 1
#DATE        : 25-NOV-2025
#TIME        : 13:48
#OWNER       : XGT7200
#NPOINTS     : 4096.
#NCOLUMNS    : 1.
#XUNITS      : keV
#YUNITS      : counts
#DATATYPE    : XY
#XPERCHAN    : 0.0100000
#OFFSET      : -0.400000
#SIGNALTYPE  : EDS
#CHOFFSET    : 40.0000
#LIVETIME    : 30.000000
#REALTIME    : 39.881716
#BEAMKV      : 30.0000
#PROBECUR    : 518000.
#MAGCAM      : 100.000
#XTILTSTGE   : 0.0
#AZIMANGLE   : 0.0
#ELEVANGLE   : 45.0
#XPOSITION mm: 0.0000
#YPOSITION mm: 0.0000
#ZPOSITION mm: 0.0000
##OXINSTPT   : 4
##OXINSTSTROB: 71.75
#SPECTRUM    : Spectral Data Starts Here
-0.40000, 0.
-0.39000, 0.
-0.38000, 0.
-0.37000, 0.
-0.36000, 0.
-0.35000, 0.
-0.34000, 0.
-0.33000, 0.
-0.32000, 0.
-0.31000, 0.
-0.30000, 0.
-0.29000, 0.
-0.28000, 0.
-0.27000, 0.
-0.26000, 0.
-0.25000, 0.
-0.24000, 0.
-0.23000, 0.
-0.22000, 0.
-0.21000, 0.
-0.20000, 0.
-0.19000, 0.
-0.18000, 0.
-0.17000, 0.
-0.16000, 0.
-0.15000, 0.
-0.14000, 0.
-0.13000, 0.
-0.12000, 0.
-0.11000, 0.
-0.10000, 0.
-0.09000, 0.
-0.08000, 0.
-0.07000, 0.
-0.06000, 0.
-0.05000, 0.
-0.04000, 0.
-0.03000, 0.
-0.02000, 0.
-0.01000, 0.
0.00000, 0.
0.01000, 0.
0.02000, 0.
0.03000, 0.
0.04000, 0.
0.05000, 0.
0.06000, 0.
0.07000, 0.
0.08000, 0.
0.09000, 0.
0.10000, 0.
0.11000, 0.
0.12000, 0.
0.13000, 0.
0.14000, 0.
0.15000, 0.
0.16000, 0.
0.17000, 0.
0.18000, 0.
0.19000, 0.
0.20000, 0.
0.21000, 0.
0.22000, 0.
0.23000, 0.
0.24000, 0.
0.25000, 0.
0.26000, 0.
0.27000, 0.
0.28000, 0.
0.29000, 0.
0.30000, 0.
0.31000, 0.
0.32000, 1.
0.33000, 0.
0.34000, 2.
0.35000, 6.
0.36000, 7.
0.37000, 16.
0.38000, 26.
0.39000, 25.
0.40000, 36.
0.41000, 48.
0.42000, 49.
0.43000, 45.
0.44000, 44.
0.45000, 58.
0.46000, 62.
0.47000, 56.
0.48000, 42.
0.49000, 52.
0.50000, 57.
0.51000, 60.
0.52000, 61.
0.53000, 32.
0.54000, 39.
0.55000, 41.
0.56000, 43.
0.57000, 42.
0.58000, 45.
0.59000, 56.
0.60000, 37.
0.61000, 44.
0.62000, 69.
0.63000, 56.
0.64000, 63.
0.65000, 58.
0.66000, 59.
0.67000, 47.
0.68000, 51.
0.69000, 50.
0.70000, 47.
0.71000, 63.
0.72000, 41.
0.73000, 59.
0.74000, 56.
0.75000, 47.
0.76000, 50.
0.77000, 57.
0.78000, 46.
0.79000, 44.
0.80000, 44.
0.81000, 45.
0.82000, 57.
0.83000, 46.
0.84000, 41.
0.85000, 54.
0.86000, 55.
0.87000, 46.
0.88000, 50.
0.89000, 60.
0.90000, 38.
0.91000, 45.
0.92000, 47.
0.93000, 44.
0.94000, 41.
0.95000, 40.
0.96000, 36.
0.97000, 42.
0.98000, 42.
0.99000, 29.
1.00000, 38.
1.01000, 38.
1.02000, 35.
1.03000, 37.
1.04000, 30.
1.05000, 26.
1.06000, 25.
1.07000, 23.
1.08000, 31.
1.09000, 29.
1.10000, 33.
1.11000, 32.
1.12000, 30.
1.13000, 27.
1.14000, 23.
1.15000, 31.
1.16000, 29.
1.17000, 24.
1.18000, 28.
1.19000, 24.
1.20000, 26.
1.21000, 35.
1.22000, 18.
1.23000, 19.
1.24000, 24.
1.25000, 27.
1.26000, 29.
1.27000, 31.
1.28000, 20.
1.29000, 22.
1.30000, 28.
1.31000, 18.
1.32000, 18.
1.33000, 26.
1.34000, 20.
1.35000, 17.
1.36000, 19.
1.37000, 23.
1.38000, 18.
1.39000, 17.
1.40000, 13.
1.41000, 12.
1.42000, 34.
1.43000, 26.
1.44000, 26.
1.45000, 27.
1.46000, 27.
1.47000, 25.
1.48000, 26.
1.49000, 30.
1.50000, 23.
1.51000, 36.
1.52000, 29.
1.53000, 38.
1.54000, 31.
1.55000, 25.
1.56000, 34.
1.57000, 34.
1.58000, 40.
1.59000, 52.
1.60000, 54.
1.61000, 67.
1.62000, 95.
1.63000, 82.
1.64000, 89.
1.65000, 114.
1.66000, 147.
1.67000, 124.
1.68000, 138.
1.69000, 152.
1.70000, 151.
1.71000, 129.
1.72000, 161.
1.73000, 187.
1.74000, 198.
1.75000, 250.
1.76000, 263.
1.77000, 254.
1.78000, 292.
1.79000, 335.
1.80000, 354.
1.81000, 369.
1.82000, 387.
1.83000, 459.
1.84000, 464.
1.85000, 588.
1.86000, 693.
1.87000, 819.
1.88000, 1027.
1.89000, 1191.
1.90000, 1403.
1.91000, 1648.
1.92000, 1722.
1.93000, 1952.
1.94000, 2104.
1.95000, 2297.
1.96000, 2591.
1.97000, 3138.
1.98000, 3447.
1.99000, 4122.
2.00000, 4924.
2.01000, 5659.
2.02000, 6423.
2.03000, 7084.
2.04000, 7554.
2.05000, 7349.
2.06000, 7352.
2.07000, 7065.
2.08000, 6389.
2.09000, 6014.
2.10000, 5495.
2.11000, 4870.
2.12000, 4355.
2.13000, 3936.
2.14000, 3565.
2.15000, 3067.
2.16000, 2515.
2.17000, 2208.
2.18000, 1853.
2.19000, 1476.
2.20000, 1246.
2.21000, 927.
2.22000, 737.
2.23000, 575.
2.24000, 488.
2.25000, 363.
2.26000, 264.
2.27000, 199.
2.28000, 190.
2.29000, 161.
2.30000, 124.
2.31000, 86.
2.32000, 80.
2.33000, 62.
2.34000, 56.
2.35000, 40.
2.36000, 37.
2.37000, 32.
2.38000, 38.
2.39000, 19.
2.40000, 39.
2.41000, 30.
2.42000, 21.
2.43000, 28.
2.44000, 34.
2.45000, 29.
2.46000, 31.
2.47000, 35.
2.48000, 31.
2.49000, 42.
2.50000, 43.
2.51000, 36.
2.52000, 48.
2.53000, 34.
2.54000, 35.
2.55000, 28.
2.56000, 37.
2.57000, 28.
2.58000, 29.
2.59000, 28.
2.60000, 16.
2.61000, 16.
2.62000, 26.
2.63000, 21.
2.64000, 32.
2.65000, 29.
2.66000, 28.
2.67000, 18.
2.68000, 21.
2.69000, 24.
2.70000, 32.
2.71000, 37.
2.72000, 37.
2.73000, 37.
2.74000, 34.
2.75000, 31.
2.76000, 22.
2.77000, 27.
2.78000, 21.
2.79000, 20.
2.80000, 21.
2.81000, 21.
2.82000, 23.
2.83000, 20.
2.84000, 25.
2.85000, 23.
2.86000, 16.
2.87000, 14.
2.88000, 19.
2.89000, 15.
2.90000, 6.
2.91000, 5.
2.92000, 14.
2.93000, 15.
2.94000, 13.
2.95000, 16.
2.96000, 14.
2.97000, 9.
2.98000, 6.
2.99000, 4.
3.00000, 10.
3.01000, 9.
3.02000, 5.
3.03000, 4.
3.04000, 10.
3.05000, 5.
3.06000, 3.
3.07000, 12.
3.08000, 1.
3.09000, 5.
3.10000, 5.
3.11000, 5.
3.12000, 4.
3.13000, 5.
3.14000, 5.
3.15000, 7.
3.16000, 3.
3.17000, 5.
3.18000, 3.
3.19000, 5.
3.20000, 4.
3.21000, 7.
3.22000, 7.
3.23000, 5.
3.24000, 9.
3.25000, 5.
3.26000, 6.
3.27000, 6.
3.28000, 4.
3.29000, 5.
3.30000, 6.
3.31000, 5.
3.32000, 6.
3.33000, 5.
3.34000, 10.
3.35000, 7.
3.36000, 6.
3.37000, 8.
3.38000, 4.
3.39000, 2.
3.40000, 8.
3.41000, 3.
3.42000, 7.
3.43000, 6.
3.44000, 6.
3.45000, 6.
3.46000, 6.
3.47000, 5.
3.48000, 3.
3.49000, 10.
3.50000, 6.
3.51000, 5.
3.52000, 7.
3.53000, 7.
3.54000, 11.
3.55000, 6.
3.56000, 11.
3.57000, 6.
3.58000, 7.
3.59000, 4.
3.60000, 10.
3.61000, 10.
3.62000, 9.
3.63000, 8.
3.64000, 11.
3.65000, 17.
3.66000, 11.
3.67000, 16.
3.68000, 16.
3.69000, 16.
3.70000, 16.
3.71000, 24.
3.72000, 7.
3.73000, 12.
3.74000, 12.
3.75000, 14.
3.76000, 15.
3.77000, 16.
3.78000, 13.
3.79000, 11.
3.80000, 4.
3.81000, 8.
3.82000, 15.
3.83000, 3.
3.84000, 9.
3.85000, 9.
3.86000, 7.
3.87000, 11.
3.88000, 9.
3.89000, 12.
3.90000, 6.
3.91000, 10.
3.92000, 6.
3.93000, 8.
3.94000, 6.
3.95000, 16.
3.96000, 8.
3.97000, 5.
3.98000, 13.
3.99000, 14.
4.00000, 13.
4.01000, 12.
4.02000, 15.
4.03000, 20.
4.04000, 17.
4.05000, 22.
4.06000, 18.
4.07000, 13.
4.08000, 17.
4.09000, 17.
4.10000, 18.
4.11000, 25.
4.12000, 17.
4.13000, 11.
4.14000, 15.
4.15000, 21.
4.16000, 16.
4.17000, 13.
4.18000, 17.
4.19000, 14.
4.20000, 15.
4.21000, 11.
4.22000, 15.
4.23000, 13.
4.24000, 11.
4.25000, 17.
4.26000, 11.
4.27000, 12.
4.28000, 18.
4.29000, 16.
4.30000, 11.
4.31000, 11.
4.32000, 10.
4.33000, 11.
4.34000, 9.
4.35000, 9.
4.36000, 9.
4.37000, 12.
4.38000, 12.
4.39000, 9.
4.40000, 16.
4.41000, 10.
4.42000, 18.
4.43000, 13.
4.44000, 11.
4.45000, 9.
4.46000, 10.
4.47000, 10.
4.48000, 14.
4.49000, 9.
4.50000, 11.
4.51000, 19.
4.52000, 8.
4.53000, 21.
4.54000, 14.
4.55000, 12.
4.56000, 11.
4.57000, 12.
4.58000, 14.
4.59000, 10.
4.60000, 13.
4.61000, 12.
4.62000, 10.
4.63000, 5.
4.64000, 8.
4.65000, 16.
4.66000, 13.
4.67000, 8.
4.68000, 4.
4.69000, 14.
4.70000, 11.
4.71000, 11.
4.72000, 9.
4.73000, 13.
4.74000, 7.
4.75000, 6.
4.76000, 15.
4.77000, 10.
4.78000, 7.
4.79000, 8.
4.80000, 11.
4.81000, 9.
4.82000, 14.
4.83000, 13.
4.84000, 11.
4.85000, 9.
4.86000, 18.
4.87000, 13.
4.88000, 11.
4.89000, 14.
4.90000, 9.
4.91000, 14.
4.92000, 7.
4.93000, 8.
4.94000, 14.
4.95000, 14.
4.96000, 17.
4.97000, 11.
4.98000, 18.
4.99000, 18.
5.00000, 9.
5.01000, 5.
5.02000, 7.
5.03000, 14.
5.04000, 11.
5.05000, 8.
5.06000, 7.
5.07000, 8.
5.08000, 11.
5.09000, 11.
5.10000, 15.
5.11000, 11.
5.12000, 11.
5.13000, 9.
5.14000, 9.
5.15000, 9.
5.16000, 11.
5.17000, 5.
5.18000, 19.
5.19000, 7.
5.20000, 7.
5.21000, 11.
5.22000, 15.
5.23000, 11.
5.24000, 8.
5.25000, 11.
5.26000, 13.
5.27000, 15.
5.28000, 10.
5.29000, 16.
5.30000, 12.
5.31000, 13.
5.32000, 10.
5.33000, 11.
5.34000, 12.
5.35000, 16.
5.36000, 13.
5.37000, 8.
5.38000, 13.
5.39000, 9.
5.40000, 11.
5.41000, 7.
5.42000, 13.
5.43000, 7.
5.44000, 15.
5.45000, 10.
5.46000, 13.
5.47000, 12.
5.48000, 20.
5.49000, 14.
5.50000, 10.
5.51000, 19.
5.52000, 13.
5.53000, 21.
5.54000, 20.
5.55000, 23.
5.56000, 17.
5.57000, 19.
5.58000, 21.
5.59000, 22.
5.60000, 27.
5.61000, 24.
5.62000, 46.
5.63000, 41.
5.64000, 48.
5.65000, 60.
5.66000, 90.
5.67000, 100.
5.68000, 137.
5.69000, 182.
5.70000, 248.
5.71000, 264.
5.72000, 325.
5.73000, 386.
5.74000, 452.
5.75000, 555.
5.76000, 610.
5.77000, 716.
5.78000, 716.
5.79000, 721.
5.80000, 678.
5.81000, 747.
5.82000, 655.
5.83000, 593.
5.84000, 581.
5.85000, 509.
5.86000, 412.
5.87000, 319.
5.88000, 269.
5.89000, 196.
5.90000, 158.
5.91000, 144.
5.92000, 103.
5.93000, 78.
5.94000, 61.
5.95000, 55.
5.96000, 35.
5.97000, 34.
5.98000, 36.
5.99000, 27.
6.00000, 23.
6.01000, 22.
6.02000, 19.
6.03000, 23.
6.04000, 28.
6.05000, 9.
6.06000, 25.
6.07000, 20.
6.08000, 23.
6.09000, 13.
6.10000, 20.
6.11000, 16.
6.12000, 17.
6.13000, 19.
6.14000, 20.
6.15000, 29.
6.16000, 22.
6.17000, 15.
6.18000, 12.
6.19000, 17.
6.20000, 23.
6.21000, 8.
6.22000, 19.
6.23000, 13.
6.24000, 17.
6.25000, 13.
6.26000, 12.
6.27000, 21.
6.28000, 18.
6.29000, 15.
6.30000, 23.
6.31000, 17.
6.32000, 26.
6.33000, 17.
6.34000, 25.
6.35000, 19.
6.36000, 10.
6.37000, 22.
6.38000, 21.
6.39000, 13.
6.40000, 22.
6.41000, 25.
6.42000, 20.
6.43000, 12.
6.44000, 21.
6.45000, 20.
6.46000, 20.
6.47000, 16.
6.48000, 20.
6.49000, 21.
6.50000, 19.
6.51000, 17.
6.52000, 14.
6.53000, 14.
6.54000, 15.
6.55000, 21.
6.56000, 20.
6.57000, 21.
6.58000, 19.
6.59000, 22.
6.60000, 15.
6.61000, 11.
6.62000, 27.
6.63000, 22.
6.64000, 17.
6.65000, 14.
6.66000, 11.
6.67000, 25.
6.68000, 18.
6.69000, 13.
6.70000, 21.
6.71000, 30.
6.72000, 15.
6.73000, 14.
6.74000, 24.
6.75000, 17.
6.76000, 21.
6.77000, 19.
6.78000, 23.
6.79000, 19.
6.80000, 26.
6.81000, 22.
6.82000, 22.
6.83000, 28.
6.84000, 19.
6.85000, 20.
6.86000, 20.
6.87000, 29.
6.88000, 24.
6.89000, 20.
6.90000, 29.
6.91000, 28.
6.92000, 30.
6.93000, 36.
6.94000, 37.
6.95000, 39.
6.96000, 32.
6.97000, 25.
6.98000, 37.
6.99000, 40.
7.00000, 30.
7.01000, 27.
7.02000, 30.
7.03000, 26.
7.04000, 44.
7.05000, 30.
7.06000, 37.
7.07000, 23.
7.08000, 34.
7.09000, 32.
7.10000, 21.
7.11000, 28.
7.12000, 22.
7.13000, 33.
7.14000, 23.
7.15000, 25.
7.16000, 39.
7.17000, 19.
7.18000, 38.
7.19000, 29.
7.20000, 21.
7.21000, 31.
7.22000, 24.
7.23000, 27.
7.24000, 38.
7.25000, 28.
7.26000, 32.
7.27000, 35.
7.28000, 25.
7.29000, 16.
7.30000, 27.
7.31000, 30.
7.32000, 24.
7.33000, 33.
7.34000, 35.
7.35000, 31.
7.36000, 27.
7.37000, 28.
7.38000, 25.
7.39000, 32.
7.40000, 34.
7.41000, 35.
7.42000, 32.
7.43000, 41.
7.44000, 32.
7.45000, 31.
7.46000, 33.
7.47000, 43.
7.48000, 39.
7.49000, 27.
7.50000, 27.
7.51000, 26.
7.52000, 37.
7.53000, 45.
7.54000, 36.
7.55000, 28.
7.56000, 35.
7.57000, 41.
7.58000, 35.
7.59000, 29.
7.60000, 34.
7.61000, 36.
7.62000, 27.
7.63000, 35.
7.64000, 34.
7.65000, 28.
7.66000, 38.
7.67000, 31.
7.68000, 40.
7.69000, 51.
7.70000, 28.
7.71000, 52.
7.72000, 51.
7.73000, 60.
7.74000, 79.
7.75000, 91.
7.76000, 99.
7.77000, 114.
7.78000, 130.
7.79000, 137.
7.80000, 201.
7.81000, 208.
7.82000, 277.
7.83000, 276.
7.84000, 324.
7.85000, 335.
7.86000, 401.
7.87000, 396.
7.88000, 403.
7.89000, 417.
7.90000, 421.
7.91000, 417.
7.92000, 408.
7.93000, 392.
7.94000, 345.
7.95000, 334.
7.96000, 257.
7.97000, 294.
7.98000, 220.
7.99000, 190.
8.00000, 187.
8.01000, 155.
8.02000, 120.
8.03000, 113.
8.04000, 92.
8.05000, 81.
8.06000, 72.
8.07000, 62.
8.08000, 75.
8.09000, 52.
8.10000, 59.
8.11000, 66.
8.12000, 58.
8.13000, 63.
8.14000, 56.
8.15000, 56.
8.16000, 47.
8.17000, 69.
8.18000, 58.
8.19000, 47.
8.20000, 52.
8.21000, 64.
8.22000, 61.
8.23000, 72.
8.24000, 42.
8.25000, 58.
8.26000, 60.
8.27000, 46.
8.28000, 46.
8.29000, 45.
8.30000, 48.
8.31000, 43.
8.32000, 69.
8.33000, 55.
8.34000, 43.
8.35000, 56.
8.36000, 53.
8.37000, 58.
8.38000, 54.
8.39000, 55.
8.40000, 33.
8.41000, 43.
8.42000, 44.
8.43000, 47.
8.44000, 50.
8.45000, 56.
8.46000, 44.
8.47000, 45.
8.48000, 40.
8.49000, 42.
8.50000, 44.
8.51000, 41.
8.52000, 32.
8.53000, 46.
8.54000, 32.
8.55000, 33.
8.56000, 39.
8.57000, 30.
8.58000, 35.
8.59000, 39.
8.60000, 39.
8.61000, 52.
8.62000, 30.
8.63000, 34.
8.64000, 32.
8.65000, 31.
8.66000, 39.
8.67000, 35.
8.68000, 36.
8.69000, 36.
8.70000, 39.
8.71000, 37.
8.72000, 44.
8.73000, 48.
8.74000, 43.
8.75000, 41.
8.76000, 36.
8.77000, 33.
8.78000, 37.
8.79000, 38.
8.80000, 43.
8.81000, 48.
8.82000, 65.
8.83000, 52.
8.84000, 69.
8.85000, 67.
8.86000, 79.
8.87000, 87.
8.88000, 90.
8.89000, 95.
8.90000, 111.
8.91000, 128.
8.92000, 154.
8.93000, 199.
8.94000, 185.
8.95000, 221.
8.96000, 246.
8.97000, 269.
8.98000, 287.
8.99000, 253.
9.00000, 322.
9.01000, 291.
9.02000, 286.
9.03000, 313.
9.04000, 286.
9.05000, 305.
9.06000, 290.
9.07000, 269.
9.08000, 235.
9.09000, 212.
9.10000, 206.
9.11000, 185.
9.12000, 168.
9.13000, 170.
9.14000, 149.
9.15000, 139.
9.16000, 112.
9.17000, 115.
9.18000, 101.
9.19000, 111.
9.20000, 121.
9.21000, 115.
9.22000, 115.
9.23000, 135.
9.24000, 171.
9.25000, 173.
9.26000, 192.
9.27000, 159.
9.28000, 173.
9.29000, 184.
9.30000, 237.
9.31000, 192.
9.32000, 243.
9.33000, 274.
9.34000, 247.
9.35000, 266.
9.36000, 288.
9.37000, 266.
9.38000, 253.
9.39000, 212.
9.40000, 255.
9.41000, 221.
9.42000, 195.
9.43000, 177.
9.44000, 154.
9.45000, 135.
9.46000, 124.
9.47000, 101.
9.48000, 88.
9.49000, 102.
9.50000, 65.
9.51000, 81.
9.52000, 63.
9.53000, 69.
9.54000, 57.
9.55000, 63.
9.56000, 60.
9.57000, 88.
9.58000, 59.
9.59000, 71.
9.60000, 63.
9.61000, 57.
9.62000, 60.
9.63000, 72.
9.64000, 73.
9.65000, 52.
9.66000, 72.
9.67000, 71.
9.68000, 73.
9.69000, 56.
9.70000, 64.
9.71000, 70.
9.72000, 72.
9.73000, 60.
9.74000, 58.
9.75000, 55.
9.76000, 65.
9.77000, 74.
9.78000, 85.
9.79000, 75.
9.80000, 62.
9.81000, 61.
9.82000, 62.
9.83000, 56.
9.84000, 47.
9.85000, 55.
9.86000, 76.
9.87000, 44.
9.88000, 71.
9.89000, 56.
9.90000, 64.
9.91000, 56.
9.92000, 54.
9.93000, 55.
9.94000, 64.
9.95000, 63.
9.96000, 64.
9.97000, 53.
9.98000, 59.
9.99000, 47.
10.00000, 60.
10.01000, 39.
10.02000, 55.
10.03000, 52.
10.04000, 64.
10.05000, 55.
10.06000, 59.
10.07000, 46.
10.08000, 56.
10.09000, 63.
10.10000, 47.
10.11000, 69.
10.12000, 66.
10.13000, 66.
10.14000, 49.
10.15000, 63.
10.16000, 65.
10.17000, 45.
10.18000, 56.
10.19000, 52.
10.20000, 57.
10.21000, 53.
10.22000, 55.
10.23000, 38.
10.24000, 55.
10.25000, 35.
10.26000, 50.
10.27000, 57.
10.28000, 52.
10.29000, 50.
10.30000, 53.
10.31000, 62.
10.32000, 50.
10.33000, 56.
10.34000, 64.
10.35000, 55.
10.36000, 59.
10.37000, 59.
10.38000, 64.
10.39000, 74.
10.40000, 65.
10.41000, 68.
10.42000, 82.
10.43000, 74.
10.44000, 106.
10.45000, 96.
10.46000, 90.
10.47000, 111.
10.48000, 97.
10.49000, 107.
10.50000, 106.
10.51000, 95.
10.52000, 104.
10.53000, 87.
10.54000, 90.
10.55000, 82.
10.56000, 103.
10.57000, 78.
10.58000, 84.
10.59000, 82.
10.60000, 86.
10.61000, 67.
10.62000, 71.
10.63000, 77.
10.64000, 55.
10.65000, 50.
10.66000, 53.
10.67000, 49.
10.68000, 52.
10.69000, 57.
10.70000, 48.
10.71000, 67.
10.72000, 72.
10.73000, 49.
10.74000, 56.
10.75000, 48.
10.76000, 52.
10.77000, 62.
10.78000, 60.
10.79000, 58.
10.80000, 78.
10.81000, 62.
10.82000, 49.
10.83000, 66.
10.84000, 57.
10.85000, 66.
10.86000, 56.
10.87000, 77.
10.88000, 72.
10.89000, 47.
10.90000, 60.
10.91000, 55.
10.92000, 63.
10.93000, 56.
10.94000, 58.
10.95000, 46.
10.96000, 48.
10.97000, 59.
10.98000, 60.
10.99000, 62.
11.00000, 47.
11.01000, 57.
11.02000, 41.
11.03000, 54.
11.04000, 47.
11.05000, 43.
11.06000, 48.
11.07000, 41.
11.08000, 58.
11.09000, 44.
11.10000, 47.
11.11000, 38.
11.12000, 60.
11.13000, 44.
11.14000, 54.
11.15000, 64.
11.16000, 60.
11.17000, 52.
11.18000, 58.
11.19000, 45.
11.20000, 58.
11.21000, 55.
11.22000, 67.
11.23000, 49.
11.24000, 57.
11.25000, 58.
11.26000, 54.
11.27000, 57.
11.28000, 49.
11.29000, 61.
11.30000, 50.
11.31000, 70.
11.32000, 46.
11.33000, 61.
11.34000, 64.
11.35000, 58.
11.36000, 57.
11.37000, 68.
11.38000, 69.
11.39000, 71.
11.40000, 71.
11.41000, 84.
11.42000, 81.
11.43000, 91.
11.44000, 85.
11.45000, 106.
11.46000, 90.
11.47000, 114.
11.48000, 113.
11.49000, 109.
11.50000, 117.
11.51000, 116.
11.52000, 133.
11.53000, 128.
11.54000, 140.
11.55000, 138.
11.56000, 151.
11.57000, 158.
11.58000, 135.
11.59000, 146.
11.60000, 139.
11.61000, 146.
11.62000, 156.
11.63000, 155.
11.64000, 130.
11.65000, 126.
11.66000, 96.
11.67000, 118.
11.68000, 113.
11.69000, 94.
11.70000, 85.
11.71000, 88.
11.72000, 89.
11.73000, 87.
11.74000, 68.
11.75000, 81.
11.76000, 88.
11.77000, 63.
11.78000, 64.
11.79000, 71.
11.80000, 81.
11.81000, 58.
11.82000, 43.
11.83000, 71.
11.84000, 52.
11.85000, 56.
11.86000, 73.
11.87000, 54.
11.88000, 62.
11.89000, 49.
11.90000, 53.
11.91000, 43.
11.92000, 63.
11.93000, 43.
11.94000, 60.
11.95000, 60.
11.96000, 53.
11.97000, 51.
11.98000, 59.
11.99000, 56.
12.00000, 41.
12.01000, 49.
12.02000, 52.
12.03000, 42.
12.04000, 42.
12.05000, 43.
12.06000, 51.
12.07000, 41.
12.08000, 53.
12.09000, 47.
12.10000, 48.
12.11000, 39.
12.12000, 42.
12.13000, 52.
12.14000, 48.
12.15000, 42.
12.16000, 51.
12.17000, 56.
12.18000, 49.
12.19000, 59.
12.20000, 47.
12.21000, 52.
12.22000, 43.
12.23000, 40.
12.24000, 70.
12.25000, 52.
12.26000, 42.
12.27000, 46.
12.28000, 39.
12.29000, 34.
12.30000, 49.
12.31000, 46.
12.32000, 42.
12.33000, 35.
12.34000, 43.
12.35000, 42.
12.36000, 31.
12.37000, 42.
12.38000, 32.
12.39000, 39.
12.40000, 34.
12.41000, 38.
12.42000, 40.
12.43000, 31.
12.44000, 40.
12.45000, 37.
12.46000, 32.
12.47000, 47.
12.48000, 39.
12.49000, 37.
12.50000, 45.
12.51000, 35.
12.52000, 35.
12.53000, 40.
12.54000, 39.
12.55000, 48.
12.56000, 42.
12.57000, 45.
12.58000, 35.
12.59000, 36.
12.60000, 40.
12.61000, 38.
12.62000, 37.
12.63000, 35.
12.64000, 43.
12.65000, 35.
12.66000, 35.
12.67000, 51.
12.68000, 38.
12.69000, 40.
12.70000, 39.
12.71000, 37.
12.72000, 35.
12.73000, 36.
12.74000, 50.
12.75000, 55.
12.76000, 33.
12.77000, 44.
12.78000, 46.
12.79000, 38.
12.80000, 56.
12.81000, 52.
12.82000, 61.
12.83000, 54.
12.84000, 59.
12.85000, 51.
12.86000, 54.
12.87000, 69.
12.88000, 56.
12.89000, 62.
12.90000, 58.
12.91000, 74.
12.92000, 61.
12.93000, 86.
12.94000, 71.
12.95000, 64.
12.96000, 63.
12.97000, 72.
12.98000, 72.
12.99000, 77.
13.00000, 69.
13.01000, 63.
13.02000, 63.
13.03000, 52.
13.04000, 61.
13.05000, 46.
13.06000, 56.
13.07000, 61.
13.08000, 66.
13.09000, 45.
13.10000, 50.
13.11000, 67.
13.12000, 63.
13.13000, 52.
13.14000, 46.
13.15000, 54.
13.16000, 52.
13.17000, 41.
13.18000, 71.
13.19000, 47.
13.20000, 63.
13.21000, 49.
13.22000, 64.
13.23000, 62.
13.24000, 55.
13.25000, 60.
13.26000, 48.
13.27000, 64.
13.28000, 54.
13.29000, 74.
13.30000, 53.
13.31000, 46.
13.32000, 49.
13.33000, 53.
13.34000, 47.
13.35000, 54.
13.36000, 38.
13.37000, 52.
13.38000, 56.
13.39000, 56.
13.40000, 54.
13.41000, 70.
13.42000, 60.
13.43000, 50.
13.44000, 49.
13.45000, 65.
13.46000, 41.
13.47000, 39.
13.48000, 56.
13.49000, 34.
13.50000, 52.
13.51000, 49.
13.52000, 50.
13.53000, 46.
13.54000, 61.
13.55000, 62.
13.56000, 53.
13.57000, 50.
13.58000, 58.
13.59000, 49.
13.60000, 66.
13.61000, 50.
13.62000, 49.
13.63000, 47.
13.64000, 58.
13.65000, 53.
13.66000, 42.
13.67000, 51.
13.68000, 56.
13.69000, 57.
13.70000, 56.
13.71000, 57.
13.72000, 52.
13.73000, 55.
13.74000, 48.
13.75000, 49.
13.76000, 44.
13.77000, 66.
13.78000, 58.
13.79000, 50.
13.80000, 60.
13.81000, 51.
13.82000, 59.
13.83000, 46.
13.84000, 60.
13.85000, 65.
13.86000, 56.
13.87000, 79.
13.88000, 40.
13.89000, 58.
13.90000, 57.
13.91000, 50.
13.92000, 60.
13.93000, 64.
13.94000, 66.
13.95000, 63.
13.96000, 60.
13.97000, 59.
13.98000, 65.
13.99000, 60.
14.00000, 68.
14.01000, 70.
14.02000, 50.
14.03000, 83.
14.04000, 63.
14.05000, 60.
14.06000, 67.
14.07000, 58.
14.08000, 50.
14.09000, 78.
14.10000, 62.
14.11000, 54.
14.12000, 75.
14.13000, 57.
14.14000, 63.
14.15000, 65.
14.16000, 65.
14.17000, 54.
14.18000, 66.
14.19000, 56.
14.20000, 61.
14.21000, 52.
14.22000, 46.
14.23000, 61.
14.24000, 50.
14.25000, 56.
14.26000, 72.
14.27000, 73.
14.28000, 65.
14.29000, 59.
14.30000, 55.
14.31000, 79.
14.32000, 65.
14.33000, 59.
14.34000, 65.
14.35000, 51.
14.36000, 71.
14.37000, 53.
14.38000, 60.
14.39000, 64.
14.40000, 67.
14.41000, 66.
14.42000, 57.
14.43000, 75.
14.44000, 55.
14.45000, 74.
14.46000, 84.
14.47000, 76.
14.48000, 73.
14.49000, 67.
14.50000, 74.
14.51000, 75.
14.52000, 78.
14.53000, 77.
14.54000, 82.
14.55000, 78.
14.56000, 100.
14.57000, 80.
14.58000, 103.
14.59000, 93.
14.60000, 102.
14.61000, 97.
14.62000, 133.
14.63000, 160.
14.64000, 182.
14.65000, 191.
14.66000, 253.
14.67000, 313.
14.68000, 383.
14.69000, 427.
14.70000, 598.
14.71000, 661.
14.72000, 831.
14.73000, 1006.
14.74000, 1190.
14.75000, 1486.
14.76000, 1663.
14.77000, 1952.
14.78000, 2255.
14.79000, 2607.
14.80000, 3035.
14.81000, 3421.
14.82000, 3853.
14.83000, 4203.
14.84000, 4591.
14.85000, 4962.
14.86000, 5382.
14.87000, 5650.
14.88000, 5912.
14.89000, 6126.
14.90000, 6255.
14.91000, 6459.
14.92000, 6270.
14.93000, 6453.
14.94000, 6345.
14.95000, 6188.
14.96000, 5789.
14.97000, 5540.
14.98000, 5267.
14.99000, 4785.
15.00000, 4372.
15.01000, 4078.
15.02000, 3596.
15.03000, 3127.
15.04000, 2725.
15.05000, 2431.
15.06000, 2060.
15.07000, 1774.
15.08000, 1468.
15.09000, 1224.
15.10000, 997.
15.11000, 781.
15.12000, 686.
15.13000, 562.
15.14000, 456.
15.15000, 393.
15.16000, 340.
15.17000, 286.
15.18000, 234.
15.19000, 198.
15.20000, 156.
15.21000, 174.
15.22000, 141.
15.23000, 141.
15.24000, 114.
15.25000, 147.
15.26000, 130.
15.27000, 105.
15.28000, 131.
15.29000, 112.
15.30000, 136.
15.31000, 134.
15.32000, 127.
15.33000, 122.
15.34000, 132.
15.35000, 157.
15.36000, 126.
15.37000, 176.
15.38000, 175.
15.39000, 164.
15.40000, 215.
15.41000, 223.
15.42000, 267.
15.43000, 303.
15.44000, 340.
15.45000, 437.
15.46000, 523.
15.47000, 669.
15.48000, 787.
15.49000, 972.
15.50000, 1192.
15.51000, 1496.
15.52000, 1778.
15.53000, 2243.
15.54000, 2697.
15.55000, 3167.
15.56000, 3777.
15.57000, 4267.
15.58000, 5083.
15.59000, 5937.
15.60000, 6815.
15.61000, 7717.
15.62000, 8642.
15.63000, 9508.
15.64000, 10680.
15.65000, 11587.
15.66000, 12382.
15.67000, 13474.
15.68000, 13962.
15.69000, 14808.
15.70000, 15183.
15.71000, 15747.
15.72000, 15913.
15.73000, 15896.
15.74000, 16071.
15.75000, 15808.
15.76000, 15556.
15.77000, 14748.
15.78000, 14180.
15.79000, 13366.
15.80000, 12279.
15.81000, 11624.
15.82000, 10293.
15.83000, 9330.
15.84000, 8501.
15.85000, 7630.
15.86000, 6508.
15.87000, 5691.
15.88000, 4790.
15.89000, 4100.
15.90000, 3461.
15.91000, 2838.
15.92000, 2326.
15.93000, 1973.
15.94000, 1532.
15.95000, 1177.
15.96000, 1011.
15.97000, 733.
15.98000, 597.
15.99000, 463.
16.00000, 350.
16.01000, 309.
16.02000, 265.
16.03000, 217.
16.04000, 178.
16.05000, 134.
16.06000, 134.
16.07000, 119.
16.08000, 93.
16.09000, 91.
16.10000, 115.
16.11000, 87.
16.12000, 86.
16.13000, 79.
16.14000, 74.
16.15000, 75.
16.16000, 74.
16.17000, 84.
16.18000, 68.
16.19000, 62.
16.20000, 72.
16.21000, 56.
16.22000, 50.
16.23000, 47.
16.24000, 55.
16.25000, 59.
16.26000, 52.
16.27000, 54.
16.28000, 69.
16.29000, 60.
16.30000, 57.
16.31000, 58.
16.32000, 40.
16.33000, 54.
16.34000, 47.
16.35000, 58.
16.36000, 52.
16.37000, 53.
16.38000, 59.
16.39000, 58.
16.40000, 56.
16.41000, 47.
16.42000, 66.
16.43000, 78.
16.44000, 68.
16.45000, 76.
16.46000, 73.
16.47000, 86.
16.48000, 90.
16.49000, 107.
16.50000, 127.
16.51000, 130.
16.52000, 157.
16.53000, 198.
16.54000, 223.
16.55000, 232.
16.56000, 273.
16.57000, 340.
16.58000, 371.
16.59000, 467.
16.60000, 541.
16.61000, 561.
16.62000, 611.
16.63000, 684.
16.64000, 737.
16.65000, 805.
16.66000, 891.
16.67000, 959.
16.68000, 1032.
16.69000, 966.
16.70000, 981.
16.71000, 978.
16.72000, 1050.
16.73000, 1030.
16.74000, 928.
16.75000, 921.
16.76000, 870.
16.77000, 841.
16.78000, 775.
16.79000, 789.
16.80000, 676.
16.81000, 633.
16.82000, 557.
16.83000, 534.
16.84000, 449.
16.85000, 415.
16.86000, 336.
16.87000, 327.
16.88000, 307.
16.89000, 295.
16.90000, 246.
16.91000, 228.
16.92000, 214.
16.93000, 228.
16.94000, 227.
16.95000, 192.
16.96000, 207.
16.97000, 222.
16.98000, 182.
16.99000, 198.
17.00000, 192.
17.01000, 214.
17.02000, 181.
17.03000, 181.
17.04000, 159.
17.05000, 149.
17.06000, 146.
17.07000, 146.
17.08000, 134.
17.09000, 121.
17.10000, 134.
17.11000, 113.
17.12000, 93.
17.13000, 93.
17.14000, 86.
17.15000, 75.
17.16000, 56.
17.17000, 61.
17.18000, 56.
17.19000, 46.
17.20000, 43.
17.21000, 44.
17.22000, 49.
17.23000, 50.
17.24000, 40.
17.25000, 49.
17.26000, 49.
17.27000, 42.
17.28000, 41.
17.29000, 42.
17.30000, 50.
17.31000, 38.
17.32000, 41.
17.33000, 50.
17.34000, 65.
17.35000, 70.
17.36000, 71.
17.37000, 73.
17.38000, 86.
17.39000, 88.
17.40000, 114.
17.41000, 137.
17.42000, 172.
17.43000, 222.
17.44000, 217.
17.45000, 251.
17.46000, 327.
17.47000, 412.
17.48000, 436.
17.49000, 572.
17.50000, 643.
17.51000, 759.
17.52000, 793.
17.53000, 937.
17.54000, 1047.
17.55000, 1190.
17.56000, 1279.
17.57000, 1474.
17.58000, 1551.
17.59000, 1590.
17.60000, 1701.
17.61000, 1813.
17.62000, 1775.
17.63000, 1898.
17.64000, 1884.
17.65000, 1922.
17.66000, 1804.
17.67000, 1792.
17.68000, 1730.
17.69000, 1708.
17.70000, 1528.
17.71000, 1427.
17.72000, 1379.
17.73000, 1176.
17.74000, 1129.
17.75000, 1040.
17.76000, 931.
17.77000, 802.
17.78000, 793.
17.79000, 652.
17.80000, 597.
17.81000, 513.
17.82000, 457.
17.83000, 421.
17.84000, 385.
17.85000, 389.
17.86000, 360.
17.87000, 351.
17.88000, 283.
17.89000, 312.
17.90000, 317.
17.91000, 336.
17.92000, 305.
17.93000, 342.
17.94000, 293.
17.95000, 317.
17.96000, 310.
17.97000, 294.
17.98000, 275.
17.99000, 238.
18.00000, 270.
18.01000, 221.
18.02000, 217.
18.03000, 202.
18.04000, 193.
18.05000, 157.
18.06000, 141.
18.07000, 118.
18.08000, 104.
18.09000, 97.
18.10000, 99.
18.11000, 73.
18.12000, 45.
18.13000, 48.
18.14000, 35.
18.15000, 28.
18.16000, 19.
18.17000, 19.
18.18000, 15.
18.19000, 15.
18.20000, 12.
18.21000, 12.
18.22000, 16.
18.23000, 10.
18.24000, 13.
18.25000, 9.
18.26000, 4.
18.27000, 5.
18.28000, 5.
18.29000, 7.
18.30000, 4.
18.31000, 8.
18.32000, 6.
18.33000, 4.
18.34000, 4.
18.35000, 6.
18.36000, 7.
18.37000, 7.
18.38000, 2.
18.39000, 3.
18.40000, 7.
18.41000, 7.
18.42000, 7.
18.43000, 3.
18.44000, 3.
18.45000, 6.
18.46000, 1.
18.47000, 4.
18.48000, 8.
18.49000, 2.
18.50000, 8.
18.51000, 9.
18.52000, 5.
18.53000, 3.
18.54000, 4.
18.55000, 8.
18.56000, 4.
18.57000, 5.
18.58000, 8.
18.59000, 7.
18.60000, 5.
18.61000, 7.
18.62000, 2.
18.63000, 6.
18.64000, 3.
18.65000, 8.
18.66000, 4.
18.67000, 6.
18.68000, 8.
18.69000, 12.
18.70000, 7.
18.71000, 6.
18.72000, 5.
18.73000, 6.
18.74000, 11.
18.75000, 9.
18.76000, 6.
18.77000, 9.
18.78000, 7.
18.79000, 9.
18.80000, 12.
18.81000, 11.
18.82000, 9.
18.83000, 4.
18.84000, 6.
18.85000, 11.
18.86000, 5.
18.87000, 7.
18.88000, 5.
18.89000, 10.
18.90000, 11.
18.91000, 6.
18.92000, 8.
18.93000, 8.
18.94000, 6.
18.95000, 12.
18.96000, 9.
18.97000, 4.
18.98000, 8.
18.99000, 3.
19.00000, 5.
19.01000, 7.
19.02000, 6.
19.03000, 6.
19.04000, 9.
19.05000, 6.
19.06000, 7.
19.07000, 6.
19.08000, 7.
19.09000, 10.
19.10000, 9.
19.11000, 3.
19.12000, 4.
19.13000, 5.
19.14000, 5.
19.15000, 11.
19.16000, 5.
19.17000, 5.
19.18000, 6.
19.19000, 3.
19.20000, 8.
19.21000, 4.
19.22000, 4.
19.23000, 3.
19.24000, 8.
19.25000, 7.
19.26000, 5.
19.27000, 7.
19.28000, 6.
19.29000, 3.
19.30000, 3.
19.31000, 6.
19.32000, 4.
19.33000, 4.
19.34000, 5.
19.35000, 6.
19.36000, 2.
19.37000, 9.
19.38000, 5.
19.39000, 1.
19.40000, 6.
19.41000, 2.
19.42000, 1.
19.43000, 2.
19.44000, 6.
19.45000, 4.
19.46000, 3.
19.47000, 3.
19.48000, 7.
19.49000, 4.
19.50000, 1.
19.51000, 8.
19.52000, 8.
19.53000, 5.
19.54000, 5.
19.55000, 4.
19.56000, 7.
19.57000, 9.
19.58000, 4.
19.59000, 6.
19.60000, 6.
19.61000, 8.
19.62000, 10.
19.63000, 12.
19.64000, 10.
19.65000, 8.
19.66000, 8.
19.67000, 6.
19.68000, 12.
19.69000, 5.
19.70000, 12.
19.71000, 6.
19.72000, 7.
19.73000, 9.
19.74000, 8.
19.75000, 8.
19.76000, 10.
19.77000, 5.
19.78000, 9.
19.79000, 7.
19.80000, 4.
19.81000, 6.
19.82000, 5.
19.83000, 9.
19.84000, 8.
19.85000, 5.
19.86000, 7.
19.87000, 7.
19.88000, 3.
19.89000, 10.
19.90000, 6.
19.91000, 8.
19.92000, 4.
19.93000, 6.
19.94000, 4.
19.95000, 7.
19.96000, 7.
19.97000, 9.
19.98000, 8.
19.99000, 7.
20.00000, 9.
20.01000, 6.
20.02000, 14.
20.03000, 7.
20.04000, 8.
20.05000, 7.
20.06000, 14.
20.07000, 8.
20.08000, 9.
20.09000, 13.
20.10000, 12.
20.11000, 12.
20.12000, 13.
20.13000, 11.
20.14000, 10.
20.15000, 12.
20.16000, 17.
20.17000, 20.
20.18000, 11.
20.19000, 9.
20.20000, 3.
20.21000, 17.
20.22000, 12.
20.23000, 14.
20.24000, 8.
20.25000, 7.
20.26000, 14.
20.27000, 6.
20.28000, 7.
20.29000, 5.
20.30000, 7.
20.31000, 5.
20.32000, 9.
20.33000, 4.
20.34000, 3.
20.35000, 5.
20.36000, 1.
20.37000, 6.
20.38000, 3.
20.39000, 7.
20.40000, 5.
20.41000, 0.
20.42000, 5.
20.43000, 2.
20.44000, 1.
20.45000, 1.
20.46000, 2.
20.47000, 3.
20.48000, 2.
20.49000, 3.
20.50000, 2.
20.51000, 2.
20.52000, 4.
20.53000, 3.
20.54000, 4.
20.55000, 2.
20.56000, 4.
20.57000, 3.
20.58000, 2.
20.59000, 7.
20.60000, 1.
20.61000, 5.
20.62000, 6.
20.63000, 2.
20.64000, 2.
20.65000, 5.
20.66000, 6.
20.67000, 9.
20.68000, 4.
20.69000, 1.
20.70000, 7.
20.71000, 0.
20.72000, 1.
20.73000, 6.
20.74000, 7.
20.75000, 4.
20.76000, 6.
20.77000, 0.
20.78000, 2.
20.79000, 4.
20.80000, 6.
20.81000, 7.
20.82000, 4.
20.83000, 4.
20.84000, 1.
20.85000, 4.
20.86000, 0.
20.87000, 4.
20.88000, 4.
20.89000, 2.
20.90000, 2.
20.91000, 5.
20.92000, 4.
20.93000, 3.
20.94000, 1.
20.95000, 4.
20.96000, 2.
20.97000, 2.
20.98000, 1.
20.99000, 3.
21.00000, 1.
21.01000, 1.
21.02000, 3.
21.03000, 3.
21.04000, 4.
21.05000, 2.
21.06000, 6.
21.07000, 3.
21.08000, 3.
21.09000, 3.
21.10000, 5.
21.11000, 2.
21.12000, 3.
21.13000, 4.
21.14000, 6.
21.15000, 3.
21.16000, 3.
21.17000, 4.
21.18000, 3.
21.19000, 2.
21.20000, 0.
21.21000, 2.
21.22000, 2.
21.23000, 3.
21.24000, 1.
21.25000, 6.
21.26000, 5.
21.27000, 4.
21.28000, 5.
21.29000, 3.
21.30000, 3.
21.31000, 3.
21.32000, 5.
21.33000, 0.
21.34000, 6.
21.35000, 1.
21.36000, 4.
21.37000, 3.
21.38000, 3.
21.39000, 7.
21.40000, 3.
21.41000, 6.
21.42000, 4.
21.43000, 5.
21.44000, 3.
21.45000, 5.
21.46000, 6.
21.47000, 5.
21.48000, 3.
21.49000, 8.
21.50000, 3.
21.51000, 4.
21.52000, 3.
21.53000, 5.
21.54000, 6.
21.55000, 9.
21.56000, 5.
21.57000, 3.
21.58000, 2.
21.59000, 6.
21.60000, 6.
21.61000, 7.
21.62000, 7.
21.63000, 5.
21.64000, 5.
21.65000, 2.
21.66000, 3.
21.67000, 7.
21.68000, 6.
21.69000, 3.
21.70000, 2.
21.71000, 2.
21.72000, 1.
21.73000, 1.
21.74000, 5.
21.75000, 4.
21.76000, 1.
21.77000, 3.
21.78000, 2.
21.79000, 3.
21.80000, 3.
21.81000, 2.
21.82000, 3.
21.83000, 1.
21.84000, 0.
21.85000, 3.
21.86000, 1.
21.87000, 3.
21.88000, 2.
21.89000, 1.
21.90000, 5.
21.91000, 1.
21.92000, 3.
21.93000, 5.
21.94000, 4.
21.95000, 3.
21.96000, 1.
21.97000, 2.
21.98000, 1.
21.99000, 0.
22.00000, 2.
22.01000, 1.
22.02000, 2.
22.03000, 1.
22.04000, 0.
22.05000, 0.
22.06000, 2.
22.07000, 2.
22.08000, 2.
22.09000, 3.
22.10000, 4.
22.11000, 2.
22.12000, 1.
22.13000, 3.
22.14000, 2.
22.15000, 4.
22.16000, 4.
22.17000, 6.
22.18000, 1.
22.19000, 6.
22.20000, 1.
22.21000, 1.
22.22000, 1.
22.23000, 6.
22.24000, 4.
22.25000, 2.
22.26000, 3.
22.27000, 4.
22.28000, 3.
22.29000, 3.
22.30000, 3.
22.31000, 1.
22.32000, 2.
22.33000, 5.
22.34000, 1.
22.35000, 0.
22.36000, 1.
22.37000, 4.
22.38000, 7.
22.39000, 3.
22.40000, 3.
22.41000, 3.
22.42000, 2.
22.43000, 0.
22.44000, 4.
22.45000, 1.
22.46000, 3.
22.47000, 4.
22.48000, 2.
22.49000, 4.
22.50000, 3.
22.51000, 2.
22.52000, 2.
22.53000, 4.
22.54000, 4.
22.55000, 4.
22.56000, 3.
22.57000, 7.
22.58000, 3.
22.59000, 2.
22.60000, 5.
22.61000, 7.
22.62000, 3.
22.63000, 7.
22.64000, 5.
22.65000, 6.
22.66000, 5.
22.67000, 3.
22.68000, 2.
22.69000, 7.
22.70000, 0.
22.71000, 3.
22.72000, 5.
22.73000, 10.
22.74000, 0.
22.75000, 4.
22.76000, 7.
22.77000, 4.
22.78000, 5.
22.79000, 7.
22.80000, 3.
22.81000, 10.
22.82000, 4.
22.83000, 6.
22.84000, 2.
22.85000, 4.
22.86000, 0.
22.87000, 4.
22.88000, 1.
22.89000, 0.
22.90000, 4.
22.91000, 3.
22.92000, 5.
22.93000, 0.
22.94000, 2.
22.95000, 2.
22.96000, 4.
22.97000, 2.
22.98000, 4.
22.99000, 1.
23.00000, 2.
23.01000, 4.
23.02000, 0.
23.03000, 2.
23.04000, 3.
23.05000, 6.
23.06000, 6.
23.07000, 2.
23.08000, 3.
23.09000, 2.
23.10000, 2.
23.11000, 3.
23.12000, 3.
23.13000, 2.
23.14000, 3.
23.15000, 0.
23.16000, 0.
23.17000, 1.
23.18000, 4.
23.19000, 2.
23.20000, 2.
23.21000, 4.
23.22000, 2.
23.23000, 1.
23.24000, 2.
23.25000, 2.
23.26000, 2.
23.27000, 2.
23.28000, 2.
23.29000, 3.
23.30000, 2.
23.31000, 1.
23.32000, 1.
23.33000, 2.
23.34000, 2.
23.35000, 1.
23.36000, 6.
23.37000, 1.
23.38000, 2.
23.39000, 3.
23.40000, 1.
23.41000, 5.
23.42000, 1.
23.43000, 0.
23.44000, 4.
23.45000, 7.
23.46000, 3.
23.47000, 3.
23.48000, 4.
23.49000, 2.
23.50000, 3.
23.51000, 4.
23.52000, 5.
23.53000, 4.
23.54000, 1.
23.55000, 5.
23.56000, 7.
23.57000, 8.
23.58000, 2.
23.59000, 6.
23.60000, 3.
23.61000, 3.
23.62000, 8.
23.63000, 5.
23.64000, 4.
23.65000, 4.
23.66000, 5.
23.67000, 3.
23.68000, 3.
23.69000, 2.
23.70000, 6.
23.71000, 4.
23.72000, 1.
23.73000, 8.
23.74000, 4.
23.75000, 2.
23.76000, 1.
23.77000, 2.
23.78000, 2.
23.79000, 5.
23.80000, 6.
23.81000, 4.
23.82000, 5.
23.83000, 7.
23.84000, 0.
23.85000, 1.
23.86000, 3.
23.87000, 2.
23.88000, 5.
23.89000, 0.
23.90000, 2.
23.91000, 2.
23.92000, 1.
23.93000, 0.
23.94000, 2.
23.95000, 0.
23.96000, 5.
23.97000, 1.
23.98000, 0.
23.99000, 6.
24.00000, 3.
24.01000, 2.
24.02000, 6.
24.03000, 5.
24.04000, 3.
24.05000, 1.
24.06000, 1.
24.07000, 3.
24.08000, 3.
24.09000, 2.
24.10000, 5.
24.11000, 3.
24.12000, 1.
24.13000, 3.
24.14000, 2.
24.15000, 0.
24.16000, 3.
24.17000, 4.
24.18000, 3.
24.19000, 6.
24.20000, 1.
24.21000, 4.
24.22000, 1.
24.23000, 2.
24.24000, 3.
24.25000, 3.
24.26000, 3.
24.27000, 5.
24.28000, 2.
24.29000, 2.
24.30000, 3.
24.31000, 2.
24.32000, 2.
24.33000, 1.
24.34000, 2.
24.35000, 1.
24.36000, 0.
24.37000, 1.
24.38000, 0.
24.39000, 2.
24.40000, 3.
24.41000, 1.
24.42000, 5.
24.43000, 0.
24.44000, 2.
24.45000, 1.
24.46000, 3.
24.47000, 1.
24.48000, 2.
24.49000, 2.
24.50000, 4.
24.51000, 3.
24.52000, 4.
24.53000, 2.
24.54000, 6.
24.55000, 2.
24.56000, 3.
24.57000, 2.
24.58000, 0.
24.59000, 2.
24.60000, 4.
24.61000, 4.
24.62000, 3.
24.63000, 3.
24.64000, 3.
24.65000, 3.
24.66000, 4.
24.67000, 4.
24.68000, 2.
24.69000, 2.
24.70000, 4.
24.71000, 4.
24.72000, 8.
24.73000, 3.
24.74000, 4.
24.75000, 1.
24.76000, 5.
24.77000, 1.
24.78000, 3.
24.79000, 3.
24.80000, 4.
24.81000, 3.
24.82000, 1.
24.83000, 5.
24.84000, 2.
24.85000, 5.
24.86000, 3.
24.87000, 1.
24.88000, 2.
24.89000, 7.
24.90000, 3.
24.91000, 2.
24.92000, 2.
24.93000, 4.
24.94000, 3.
24.95000, 1.
24.96000, 6.
24.97000, 4.
24.98000, 5.
24.99000, 3.
25.00000, 2.
25.01000, 4.
25.02000, 2.
25.03000, 2.
25.04000, 4.
25.05000, 1.
25.06000, 3.
25.07000, 3.
25.08000, 3.
25.09000, 5.
25.10000, 5.
25.11000, 1.
25.12000, 4.
25.13000, 1.
25.14000, 7.
25.15000, 3.
25.16000, 1.
25.17000, 2.
25.18000, 2.
25.19000, 2.
25.20000, 0.
25.21000, 2.
25.22000, 4.
25.23000, 1.
25.24000, 4.
25.25000, 3.
25.26000, 0.
25.27000, 2.
25.28000, 2.
25.29000, 4.
25.30000, 3.
25.31000, 1.
25.32000, 2.
25.33000, 1.
25.34000, 6.
25.35000, 2.
25.36000, 5.
25.37000, 3.
25.38000, 2.
25.39000, 4.
25.40000, 0.
25.41000, 2.
25.42000, 4.
25.43000, 1.
25.44000, 1.
25.45000, 1.
25.46000, 3.
25.47000, 0.
25.48000, 1.
25.49000, 2.
25.50000, 2.
25.51000, 3.
25.52000, 2.
25.53000, 2.
25.54000, 1.
25.55000, 3.
25.56000, 3.
25.57000, 3.
25.58000, 0.
25.59000, 1.
25.60000, 5.
25.61000, 2.
25.62000, 3.
25.63000, 0.
25.64000, 1.
25.65000, 3.
25.66000, 3.
25.67000, 0.
25.68000, 3.
25.69000, 4.
25.70000, 0.
25.71000, 3.
25.72000, 1.
25.73000, 0.
25.74000, 2.
25.75000, 1.
25.76000, 4.
25.77000, 1.
25.78000, 2.
25.79000, 2.
25.80000, 0.
25.81000, 1.
25.82000, 1.
25.83000, 3.
25.84000, 2.
25.85000, 1.
25.86000, 0.
25.87000, 3.
25.88000, 1.
25.89000, 2.
25.90000, 3.
25.91000, 3.
25.92000, 1.
25.93000, 6.
25.94000, 0.
25.95000, 0.
25.96000, 2.
25.97000, 1.
25.98000, 1.
25.99000, 1.
26.00000, 1.
26.01000, 2.
26.02000, 0.
26.03000, 1.
26.04000, 0.
26.05000, 1.
26.06000, 0.
26.07000, 1.
26.08000, 1.
26.09000, 1.
26.10000, 5.
26.11000, 0.
26.12000, 5.
26.13000, 1.
26.14000, 1.
26.15000, 6.
26.16000, 1.
26.17000, 2.
26.18000, 2.
26.19000, 5.
26.20000, 2.
26.21000, 0.
26.22000, 3.
26.23000, 3.
26.24000, 2.
26.25000, 1.
26.26000, 5.
26.27000, 2.
26.28000, 4.
26.29000, 2.
26.30000, 1.
26.31000, 1.
26.32000, 3.
26.33000, 2.
26.34000, 2.
26.35000, 2.
26.36000, 2.
26.37000, 1.
26.38000, 2.
26.39000, 0.
26.40000, 2.
26.41000, 3.
26.42000, 6.
26.43000, 2.
26.44000, 3.
26.45000, 1.
26.46000, 1.
26.47000, 3.
26.48000, 2.
26.49000, 5.
26.50000, 3.
26.51000, 4.
26.52000, 0.
26.53000, 1.
26.54000, 1.
26.55000, 0.
26.56000, 1.
26.57000, 3.
26.58000, 3.
26.59000, 4.
26.60000, 3.
26.61000, 0.
26.62000, 2.
26.63000, 4.
26.64000, 1.
26.65000, 2.
26.66000, 1.
26.67000, 1.
26.68000, 1.
26.69000, 6.
26.70000, 2.
26.71000, 0.
26.72000, 3.
26.73000, 0.
26.74000, 0.
26.75000, 1.
26.76000, 1.
26.77000, 3.
26.78000, 1.
26.79000, 3.
26.80000, 2.
26.81000, 2.
26.82000, 4.
26.83000, 2.
26.84000, 4.
26.85000, 4.
26.86000, 0.
26.87000, 0.
26.88000, 1.
26.89000, 1.
26.90000, 4.
26.91000, 1.
26.92000, 2.
26.93000, 3.
26.94000, 5.
26.95000, 0.
26.96000, 1.
26.97000, 0.
26.98000, 1.
26.99000, 1.
27.00000, 0.
27.01000, 0.
27.02000, 2.
27.03000, 3.
27.04000, 4.
27.05000, 1.
27.06000, 5.
27.07000, 2.
27.08000, 1.
27.09000, 5.
27.10000, 4.
27.11000, 2.
27.12000, 1.
27.13000, 2.
27.14000, 0.
27.15000, 2.
27.16000, 1.
27.17000, 0.
27.18000, 0.
27.19000, 1.
27.20000, 1.
27.21000, 2.
27.22000, 3.
27.23000, 2.
27.24000, 1.
27.25000, 3.
27.26000, 0.
27.27000, 2.
27.28000, 2.
27.29000, 1.
27.30000, 3.
27.31000, 2.
27.32000, 0.
27.33000, 3.
27.34000, 2.
27.35000, 2.
27.36000, 2.
27.37000, 4.
27.38000, 0.
27.39000, 5.
27.40000, 2.
27.41000, 0.
27.42000, 4.
27.43000, 5.
27.44000, 4.
27.45000, 0.
27.46000, 1.
27.47000, 0.
27.48000, 3.
27.49000, 3.
27.50000, 0.
27.51000, 4.
27.52000, 4.
27.53000, 2.
27.54000, 2.
27.55000, 1.
27.56000, 1.
27.57000, 2.
27.58000, 0.
27.59000, 0.
27.60000, 2.
27.61000, 0.
27.62000, 1.
27.63000, 2.
27.64000, 1.
27.65000, 0.
27.66000, 2.
27.67000, 1.
27.68000, 2.
27.69000, 0.
27.70000, 2.
27.71000, 2.
27.72000, 1.
27.73000, 1.
27.74000, 2.
27.75000, 2.
27.76000, 0.
27.77000, 1.
27.78000, 3.
27.79000, 1.
27.80000, 0.
27.81000, 0.
27.82000, 0.
27.83000, 0.
27.84000, 1.
27.85000, 1.
27.86000, 3.
27.87000, 1.
27.88000, 2.
27.89000, 1.
27.90000, 1.
27.91000, 0.
27.92000, 1.
27.93000, 3.
27.94000, 0.
27.95000, 1.
27.96000, 0.
27.97000, 0.
27.98000, 0.
27.99000, 1.
28.00000, 0.
28.01000, 3.
28.02000, 1.
28.03000, 2.
28.04000, 2.
28.05000, 2.
28.06000, 2.
28.07000, 0.
28.08000, 1.
28.09000, 1.
28.10000, 1.
28.11000, 1.
28.12000, 1.
28.13000, 2.
28.14000, 0.
28.15000, 0.
28.16000, 2.
28.17000, 2.
28.18000, 0.
28.19000, 2.
28.20000, 0.
28.21000, 0.
28.22000, 1.
28.23000, 2.
28.24000, 0.
28.25000, 3.
28.26000, 0.
28.27000, 1.
28.28000, 4.
28.29000, 1.
28.30000, 2.
28.31000, 1.
28.32000, 0.
28.33000, 0.
28.34000, 2.
28.35000, 0.
28.36000, 0.
28.37000, 2.
28.38000, 0.
28.39000, 1.
28.40000, 1.
28.41000, 1.
28.42000, 1.
28.43000, 0.
28.44000, 0.
28.45000, 2.
28.46000, 2.
28.47000, 2.
28.48000, 0.
28.49000, 1.
28.50000, 1.
28.51000, 2.
28.52000, 0.
28.53000, 1.
28.54000, 2.
28.55000, 0.
28.56000, 1.
28.57000, 0.
28.58000, 2.
28.59000, 2.
28.60000, 2.
28.61000, 2.
28.62000, 0.
28.63000, 1.
28.64000, 2.
28.65000, 0.
28.66000, 2.
28.67000, 0.
28.68000, 1.
28.69000, 2.
28.70000, 0.
28.71000, 0.
28.72000, 0.
28.73000, 0.
28.74000, 0.
28.75000, 3.
28.76000, 1.
28.77000, 0.
28.78000, 1.
28.79000, 1.
28.80000, 2.
28.81000, 3.
28.82000, 1.
28.83000, 0.
28.84000, 1.
28.85000, 1.
28.86000, 1.
28.87000, 2.
28.88000, 1.
28.89000, 1.
28.90000, 0.
28.91000, 0.
28.92000, 0.
28.93000, 0.
28.94000, 2.
28.95000, 1.
28.96000, 0.
28.97000, 2.
28.98000, 2.
28.99000, 1.
29.00000, 1.
29.01000, 0.
29.02000, 3.
29.03000, 0.
29.04000, 4.
29.05000, 0.
29.06000, 0.
29.07000, 3.
29.08000, 1.
29.09000, 0.
29.10000, 1.
29.11000, 1.
29.12000, 0.
29.13000, 1.
29.14000, 0.
29.15000, 2.
29.16000, 1.
29.17000, 3.
29.18000, 1.
29.19000, 1.
29.20000, 2.
29.21000, 2.
29.22000, 0.
29.23000, 2.
29.24000, 0.
29.25000, 1.
29.26000, 1.
29.27000, 1.
29.28000, 1.
29.29000, 1.
29.30000, 3.
29.31000, 2.
29.32000, 2.
29.33000, 1.
29.34000, 1.
29.35000, 0.
29.36000, 0.
29.37000, 0.
29.38000, 1.
29.39000, 1.
29.40000, 0.
29.41000, 2.
29.42000, 2.
29.43000, 1.
29.44000, 2.
29.45000, 1.
29.46000, 0.
29.47000, 1.
29.48000, 1.
29.49000, 1.
29.50000, 1.
29.51000, 1.
29.52000, 1.
29.53000, 0.
29.54000, 6.
29.55000, 0.
29.56000, 6.
29.57000, 2.
29.58000, 3.
29.59000, 4.
29.60000, 3.
29.61000, 1.
29.62000, 5.
29.63000, 3.
29.64000, 6.
29.65000, 1.
29.66000, 4.
29.67000, 7.
29.68000, 12.
29.69000, 11.
29.70000, 8.
29.71000, 2.
29.72000, 12.
29.73000, 8.
29.74000, 6.
29.75000, 8.
29.76000, 8.
29.77000, 14.
29.78000, 5.
29.79000, 12.
29.80000, 17.
29.81000, 10.
29.82000, 13.
29.83000, 5.
29.84000, 12.
29.85000, 10.
29.86000, 9.
29.87000, 9.
29.88000, 11.
29.89000, 11.
29.90000, 16.
29.91000, 9.
29.92000, 12.
29.93000, 8.
29.94000, 11.
29.95000, 9.
29.96000, 4.
29.97000, 7.
29.98000, 5.
29.99000, 9.
30.00000, 5.
30.01000, 5.
30.02000, 3.
30.03000, 3.
30.04000, 6.
30.05000, 2.
30.06000, 3.
30.07000, 1.
30.08000, 5.
30.09000, 1.
30.10000, 1.
30.11000, 2.
30.12000, 3.
30.13000, 1.
30.14000, 1.
30.15000, 1.
30.16000, 1.
30.17000, 0.
30.18000, 1.
30.19000, 3.
30.20000, 2.
30.21000, 2.
30.22000, 1.
30.23000, 2.
30.24000, 0.
30.25000, 4.
30.26000, 1.
30.27000, 4.
30.28000, 3.
30.29000, 3.
30.30000, 3.
30.31000, 2.
30.32000, 4.
30.33000, 5.
30.34000, 2.
30.35000, 6.
30.36000, 1.
30.37000, 6.
30.38000, 12.
30.39000, 5.
30.40000, 12.
30.41000, 15.
30.42000, 11.
30.43000, 20.
30.44000, 15.
30.45000, 19.
30.46000, 22.
30.47000, 22.
30.48000, 22.
30.49000, 29.
30.50000, 27.
30.51000, 38.
30.52000, 36.
30.53000, 28.
30.54000, 30.
30.55000, 39.
30.56000, 33.
30.57000, 45.
30.58000, 44.
30.59000, 34.
30.60000, 47.
30.61000, 52.
30.62000, 54.
30.63000, 42.
30.64000, 52.
30.65000, 53.
30.66000, 49.
30.67000, 57.
30.68000, 48.
30.69000, 45.
30.70000, 48.
30.71000, 43.
30.72000, 48.
30.73000, 30.
30.74000, 43.
30.75000, 39.
30.76000, 23.
30.77000, 24.
30.78000, 25.
30.79000, 32.
30.80000, 28.
30.81000, 25.
30.82000, 21.
30.83000, 24.
30.84000, 16.
30.85000, 14.
30.86000, 13.
30.87000, 11.
30.88000, 16.
30.89000, 9.
30.90000, 6.
30.91000, 7.
30.92000, 10.
30.93000, 9.
30.94000, 3.
30.95000, 7.
30.96000, 3.
30.97000, 5.
30.98000, 5.
30.99000, 2.
31.00000, 4.
31.01000, 5.
31.02000, 1.
31.03000, 2.
31.04000, 5.
31.05000, 3.
31.06000, 1.
31.07000, 3.
31.08000, 4.
31.09000, 4.
31.10000, 2.
31.11000, 0.
31.12000, 4.
31.13000, 2.
31.14000, 5.
31.15000, 9.
31.16000, 3.
31.17000, 7.
31.18000, 9.
31.19000, 10.
31.20000, 9.
31.21000, 11.
31.22000, 18.
31.23000, 19.
31.24000, 17.
31.25000, 27.
31.26000, 33.
31.27000, 27.
31.28000, 26.
31.29000, 24.
31.30000, 35.
31.31000, 38.
31.32000, 30.
31.33000, 40.
31.34000, 34.
31.35000, 51.
31.36000, 45.
31.37000, 45.
31.38000, 57.
31.39000, 45.
31.40000, 56.
31.41000, 44.
31.42000, 61.
31.43000, 58.
31.44000, 63.
31.45000, 57.
31.46000, 70.
31.47000, 62.
31.48000, 66.
31.49000, 64.
31.50000, 59.
31.51000, 64.
31.52000, 54.
31.53000, 47.
31.54000, 51.
31.55000, 52.
31.56000, 59.
31.57000, 58.
31.58000, 42.
31.59000, 32.
31.60000, 39.
31.61000, 42.
31.62000, 20.
31.63000, 34.
31.64000, 37.
31.65000, 22.
31.66000, 23.
31.67000, 18.
31.68000, 20.
31.69000, 21.
31.70000, 15.
31.71000, 17.
31.72000, 14.
31.73000, 8.
31.74000, 1.
31.75000, 9.
31.76000, 5.
31.77000, 6.
31.78000, 8.
31.79000, 2.
31.80000, 5.
31.81000, 5.
31.82000, 0.
31.83000, 1.
31.84000, 1.
31.85000, 0.
31.86000, 2.
31.87000, 2.
31.88000, 1.
31.89000, 0.
31.90000, 0.
31.91000, 2.
31.92000, 1.
31.93000, 1.
31.94000, 0.
31.95000, 1.
31.96000, 0.
31.97000, 0.
31.98000, 0.
31.99000, 2.
32.00000, 2.
32.01000, 1.
32.02000, 1.
32.03000, 2.
32.04000, 0.
32.05000, 0.
32.06000, 2.
32.07000, 1.
32.08000, 3.
32.09000, 1.
32.10000, 2.
32.11000, 1.
32.12000, 0.
32.13000, 0.
32.14000, 1.
32.15000, 0.
32.16000, 1.
32.17000, 0.
32.18000, 3.
32.19000, 2.
32.20000, 0.
32.21000, 1.
32.22000, 2.
32.23000, 1.
32.24000, 3.
32.25000, 5.
32.26000, 0.
32.27000, 6.
32.28000, 2.
32.29000, 3.
32.30000, 8.
32.31000, 2.
32.32000, 2.
32.33000, 10.
32.34000, 6.
32.35000, 18.
32.36000, 10.
32.37000, 7.
32.38000, 8.
32.39000, 14.
32.40000, 5.
32.41000, 13.
32.42000, 7.
32.43000, 11.
32.44000, 16.
32.45000, 12.
32.46000, 10.
32.47000, 14.
32.48000, 10.
32.49000, 7.
32.50000, 12.
32.51000, 14.
32.52000, 7.
32.53000, 12.
32.54000, 14.
32.55000, 13.
32.56000, 6.
32.57000, 13.
32.58000, 9.
32.59000, 5.
32.60000, 8.
32.61000, 7.
32.62000, 9.
32.63000, 9.
32.64000, 15.
32.65000, 10.
32.66000, 6.
32.67000, 7.
32.68000, 7.
32.69000, 8.
32.70000, 4.
32.71000, 6.
32.72000, 9.
32.73000, 2.
32.74000, 6.
32.75000, 7.
32.76000, 5.
32.77000, 8.
32.78000, 7.
32.79000, 4.
32.80000, 2.
32.81000, 5.
32.82000, 2.
32.83000, 1.
32.84000, 4.
32.85000, 4.
32.86000, 1.
32.87000, 1.
32.88000, 1.
32.89000, 1.
32.90000, 2.
32.91000, 2.
32.92000, 2.
32.93000, 1.
32.94000, 2.
32.95000, 0.
32.96000, 1.
32.97000, 0.
32.98000, 0.
32.99000, 1.
33.00000, 1.
33.01000, 2.
33.02000, 4.
33.03000, 1.
33.04000, 1.
33.05000, 3.
33.06000, 4.
33.07000, 1.
33.08000, 1.
33.09000, 2.
33.10000, 3.
33.11000, 2.
33.12000, 4.
33.13000, 5.
33.14000, 3.
33.15000, 3.
33.16000, 0.
33.17000, 4.
33.18000, 5.
33.19000, 4.
33.20000, 6.
33.21000, 14.
33.22000, 14.
33.23000, 7.
33.24000, 12.
33.25000, 14.
33.26000, 10.
33.27000, 11.
33.28000, 14.
33.29000, 13.
33.30000, 19.
33.31000, 14.
33.32000, 11.
33.33000, 10.
33.34000, 13.
33.35000, 22.
33.36000, 16.
33.37000, 17.
33.38000, 14.
33.39000, 19.
33.40000, 16.
33.41000, 17.
33.42000, 17.
33.43000, 21.
33.44000, 8.
33.45000, 9.
33.46000, 12.
33.47000, 8.
33.48000, 14.
33.49000, 9.
33.50000, 10.
33.51000, 7.
33.52000, 9.
33.53000, 9.
33.54000, 7.
33.55000, 6.
33.56000, 3.
33.57000, 9.
33.58000, 7.
33.59000, 6.
33.60000, 8.
33.61000, 3.
33.62000, 5.
33.63000, 6.
33.64000, 4.
33.65000, 4.
33.66000, 1.
33.67000, 5.
33.68000, 7.
33.69000, 0.
33.70000, 2.
33.71000, 1.
33.72000, 4.
33.73000, 4.
33.74000, 4.
33.75000, 2.
33.76000, 1.
33.77000, 1.
33.78000, 4.
33.79000, 0.
33.80000, 2.
33.81000, 3.
33.82000, 1.
33.83000, 3.
33.84000, 1.
33.85000, 0.
33.86000, 2.
33.87000, 2.
33.88000, 1.
33.89000, 2.
33.90000, 1.
33.91000, 0.
33.92000, 0.
33.93000, 0.
33.94000, 0.
33.95000, 1.
33.96000, 1.
33.97000, 0.
33.98000, 0.
33.99000, 1.
34.00000, 0.
34.01000, 1.
34.02000, 0.
34.03000, 0.
34.04000, 1.
34.05000, 1.
34.06000, 0.
34.07000, 0.
34.08000, 0.
34.09000, 0.
34.10000, 0.
34.11000, 1.
34.12000, 1.
34.13000, 1.
34.14000, 0.
34.15000, 1.
34.16000, 0.
34.17000, 1.
34.18000, 0.
34.19000, 2.
34.20000, 0.
34.21000, 1.
34.22000, 2.
34.23000, 0.
34.24000, 2.
34.25000, 0.
34.26000, 0.
34.27000, 3.
34.28000, 0.
34.29000, 1.
34.30000, 3.
34.31000, 4.
34.32000, 1.
34.33000, 0.
34.34000, 0.
34.35000, 1.
34.36000, 2.
34.37000, 0.
34.38000, 1.
34.39000, 0.
34.40000, 0.
34.41000, 1.
34.42000, 1.
34.43000, 0.
34.44000, 2.
34.45000, 0.
34.46000, 1.
34.47000, 1.
34.48000, 1.
34.49000, 0.
34.50000, 1.
34.51000, 3.
34.52000, 0.
34.53000, 0.
34.54000, 0.
34.55000, 3.
34.56000, 1.
34.57000, 0.
34.58000, 1.
34.59000, 2.
34.60000, 0.
34.61000, 0.
34.62000, 1.
34.63000, 1.
34.64000, 0.
34.65000, 2.
34.66000, 0.
34.67000, 0.
34.68000, 0.
34.69000, 0.
34.70000, 0.
34.71000, 0.
34.72000, 0.
34.73000, 0.
34.74000, 0.
34.75000, 0.
34.76000, 0.
34.77000, 0.
34.78000, 0.
34.79000, 0.
34.80000, 0.
34.81000, 0.
34.82000, 0.
34.83000, 0.
34.84000, 0.
34.85000, 0.
34.86000, 1.
34.87000, 0.
34.88000, 0.
34.89000, 0.
34.90000, 0.
34.91000, 0.
34.92000, 1.
34.93000, 0.
34.94000, 0.
34.95000, 0.
34.96000, 0.
34.97000, 1.
34.98000, 0.
34.99000, 0.
35.00000, 0.
35.01000, 0.
35.02000, 0.
35.03000, 0.
35.04000, 1.
35.05000, 0.
35.06000, 0.
35.07000, 0.
35.08000, 0.
35.09000, 0.
35.10000, 0.
35.11000, 0.
35.12000, 1.
35.13000, 1.
35.14000, 0.
35.15000, 1.
35.16000, 0.
35.17000, 2.
35.18000, 2.
35.19000, 2.
35.20000, 1.
35.21000, 0.
35.22000, 0.
35.23000, 1.
35.24000, 1.
35.25000, 0.
35.26000, 1.
35.27000, 1.
35.28000, 1.
35.29000, 1.
35.30000, 0.
35.31000, 2.
35.32000, 0.
35.33000, 1.
35.34000, 0.
35.35000, 0.
35.36000, 2.
35.37000, 2.
35.38000, 2.
35.39000, 0.
35.40000, 0.
35.41000, 0.
35.42000, 0.
35.43000, 0.
35.44000, 2.
35.45000, 1.
35.46000, 1.
35.47000, 0.
35.48000, 0.
35.49000, 0.
35.50000, 0.
35.51000, 2.
35.52000, 2.
35.53000, 0.
35.54000, 1.
35.55000, 0.
35.56000, 1.
35.57000, 0.
35.58000, 0.
35.59000, 0.
35.60000, 1.
35.61000, 1.
35.62000, 0.
35.63000, 0.
35.64000, 0.
35.65000, 0.
35.66000, 0.
35.67000, 0.
35.68000, 1.
35.69000, 0.
35.70000, 0.
35.71000, 0.
35.72000, 0.
35.73000, 0.
35.74000, 0.
35.75000, 0.
35.76000, 1.
35.77000, 0.
35.78000, 0.
35.79000, 0.
35.80000, 0.
35.81000, 0.
35.82000, 0.
35.83000, 0.
35.84000, 0.
35.85000, 0.
35.86000, 0.
35.87000, 0.
35.88000, 1.
35.89000, 0.
35.90000, 0.
35.91000, 0.
35.92000, 0.
35.93000, 0.
35.94000, 0.
35.95000, 0.
35.96000, 0.
35.97000, 0.
35.98000, 0.
35.99000, 0.
36.00000, 0.
36.01000, 0.
36.02000, 0.
36.03000, 0.
36.04000, 2.
36.05000, 0.
36.06000, 0.
36.07000, 0.
36.08000, 1.
36.09000, 1.
36.10000, 0.
36.11000, 0.
36.12000, 0.
36.13000, 0.
36.14000, 0.
36.15000, 0.
36.16000, 0.
36.17000, 0.
36.18000, 0.
36.19000, 1.
36.20000, 0.
36.21000, 0.
36.22000, 0.
36.23000, 1.
36.24000, 0.
36.25000, 0.
36.26000, 0.
36.27000, 0.
36.28000, 0.
36.29000, 0.
36.30000, 0.
36.31000, 0.
36.32000, 0.
36.33000, 0.
36.34000, 0.
36.35000, 0.
36.36000, 0.
36.37000, 0.
36.38000, 0.
36.39000, 0.
36.40000, 0.
36.41000, 0.
36.42000, 0.
36.43000, 0.
36.44000, 0.
36.45000, 0.
36.46000, 0.
36.47000, 0.
36.48000, 0.
36.49000, 0.
36.50000, 0.
36.51000, 0.
36.52000, 0.
36.53000, 0.
36.54000, 0.
36.55000, 0.
36.56000, 0.
36.57000, 0.
36.58000, 0.
36.59000, 0.
36.60000, 0.
36.61000, 0.
36.62000, 0.
36.63000, 0.
36.64000, 0.
36.65000, 0.
36.66000, 0.
36.67000, 0.
36.68000, 0.
36.69000, 0.
36.70000, 0.
36.71000, 1.
36.72000, 0.
36.73000, 0.
36.74000, 1.
36.75000, 0.
36.76000, 0.
36.77000, 0.
36.78000, 0.
36.79000, 0.
36.80000, 0.
36.81000, 0.
36.82000, 0.
36.83000, 0.
36.84000, 0.
36.85000, 0.
36.86000, 0.
36.87000, 0.
36.88000, 0.
36.89000, 0.
36.90000, 0.
36.91000, 0.
36.92000, 0.
36.93000, 1.
36.94000, 0.
36.95000, 0.
36.96000, 0.
36.97000, 0.
36.98000, 0.
36.99000, 0.
37.00000, 0.
37.01000, 0.
37.02000, 0.
37.03000, 0.
37.04000, 0.
37.05000, 0.
37.06000, 0.
37.07000, 0.
37.08000, 0.
37.09000, 0.
37.10000, 0.
37.11000, 0.
37.12000, 0.
37.13000, 0.
37.14000, 0.
37.15000, 0.
37.16000, 0.
37.17000, 0.
37.18000, 0.
37.19000, 0.
37.20000, 0.
37.21000, 0.
37.22000, 1.
37.23000, 0.
37.24000, 0.
37.25000, 0.
37.26000, 0.
37.27000, 0.
37.28000, 0.
37.29000, 1.
37.30000, 0.
37.31000, 1.
37.32000, 0.
37.33000, 0.
37.34000, 0.
37.35000, 0.
37.36000, 2.
37.37000, 0.
37.38000, 0.
37.39000, 0.
37.40000, 0.
37.41000, 0.
37.42000, 0.
37.43000, 0.
37.44000, 0.
37.45000, 0.
37.46000, 0.
37.47000, 0.
37.48000, 0.
37.49000, 0.
37.50000, 0.
37.51000, 1.
37.52000, 0.
37.53000, 0.
37.54000, 0.
37.55000, 1.
37.56000, 0.
37.57000, 0.
37.58000, 0.
37.59000, 0.
37.60000, 0.
37.61000, 0.
37.62000, 0.
37.63000, 1.
37.64000, 0.
37.65000, 0.
37.66000, 0.
37.67000, 0.
37.68000, 0.
37.69000, 0.
37.70000, 0.
37.71000, 0.
37.72000, 0.
37.73000, 0.
37.74000, 0.
37.75000, 0.
37.76000, 0.
37.77000, 0.
37.78000, 0.
37.79000, 0.
37.80000, 0.
37.81000, 0.
37.82000, 0.
37.83000, 0.
37.84000, 1.
37.85000, 0.
37.86000, 0.
37.87000, 0.
37.88000, 0.
37.89000, 0.
37.90000, 0.
37.91000, 0.
37.92000, 0.
37.93000, 0.
37.94000, 0.
37.95000, 0.
37.96000, 0.
37.97000, 0.
37.98000, 0.
37.99000, 0.
38.00000, 0.
38.01000, 0.
38.02000, 0.
38.03000, 0.
38.04000, 0.
38.05000, 0.
38.06000, 0.
38.07000, 1.
38.08000, 0.
38.09000, 0.
38.10000, 0.
38.11000, 0.
38.12000, 0.
38.13000, 0.
38.14000, 0.
38.15000, 0.
38.16000, 0.
38.17000, 0.
38.18000, 0.
38.19000, 0.
38.20000, 0.
38.21000, 0.
38.22000, 0.
38.23000, 0.
38.24000, 0.
38.25000, 0.
38.26000, 0.
38.27000, 0.
38.28000, 1.
38.29000, 0.
38.30000, 0.
38.31000, 0.
38.32000, 1.
38.33000, 0.
38.34000, 0.
38.35000, 0.
38.36000, 1.
38.37000, 0.
38.38000, 0.
38.39000, 0.
38.40000, 0.
38.41000, 0.
38.42000, 0.
38.43000, 0.
38.44000, 0.
38.45000, 0.
38.46000, 0.
38.47000, 0.
38.48000, 0.
38.49000, 1.
38.50000, 0.
38.51000, 0.
38.52000, 0.
38.53000, 0.
38.54000, 0.
38.55000, 0.
38.56000, 0.
38.57000, 0.
38.58000, 0.
38.59000, 0.
38.60000, 0.
38.61000, 0.
38.62000, 0.
38.63000, 0.
38.64000, 0.
38.65000, 0.
38.66000, 0.
38.67000, 0.
38.68000, 0.
38.69000, 0.
38.70000, 0.
38.71000, 0.
38.72000, 1.
38.73000, 0.
38.74000, 0.
38.75000, 0.
38.76000, 0.
38.77000, 0.
38.78000, 0.
38.79000, 0.
38.80000, 0.
38.81000, 0.
38.82000, 0.
38.83000, 0.
38.84000, 0.
38.85000, 0.
38.86000, 0.
38.87000, 0.
38.88000, 0.
38.89000, 0.
38.90000, 0.
38.91000, 0.
38.92000, 0.
38.93000, 0.
38.94000, 0.
38.95000, 0.
38.96000, 0.
38.97000, 0.
38.98000, 0.
38.99000, 0.
39.00000, 0.
39.01000, 0.
39.02000, 0.
39.03000, 0.
39.04000, 0.
39.05000, 0.
39.06000, 0.
39.07000, 0.
39.08000, 0.
39.09000, 0.
39.10000, 0.
39.11000, 0.
39.12000, 0.
39.13000, 1.
39.14000, 0.
39.15000, 0.
39.16000, 0.
39.17000, 0.
39.18000, 0.
39.19000, 0.
39.20000, 0.
39.21000, 0.
39.22000, 0.
39.23000, 0.
39.24000, 0.
39.25000, 0.
39.26000, 0.
39.27000, 0.
39.28000, 0.
39.29000, 0.
39.30000, 0.
39.31000, 0.
39.32000, 0.
39.33000, 0.
39.34000, 0.
39.35000, 0.
39.36000, 0.
39.37000, 0.
39.38000, 0.
39.39000, 0.
39.40000, 0.
39.41000, 0.
39.42000, 0.
39.43000, 1.
39.44000, 0.
39.45000, 0.
39.46000, 0.
39.47000, 0.
39.48000, 0.
39.49000, 0.
39.50000, 0.
39.51000, 0.
39.52000, 0.
39.53000, 0.
39.54000, 0.
39.55000, 0.
39.56000, 0.
39.57000, 0.
39.58000, 0.
39.59000, 0.
39.60000, 0.
39.61000, 0.
39.62000, 0.
39.63000, 0.
39.64000, 0.
39.65000, 1.
39.66000, 0.
39.67000, 0.
39.68000, 0.
39.69000, 1.
39.70000, 0.
39.71000, 0.
39.72000, 0.
39.73000, 0.
39.74000, 0.
39.75000, 0.
39.76000, 0.
39.77000, 0.
39.78000, 0.
39.79000, 0.
39.80000, 0.
39.81000, 0.
39.82000, 0.
39.83000, 0.
39.84000, 0.
39.85000, 0.
39.86000, 0.
39.87000, 0.
39.88000, 0.
39.89000, 0.
39.90000, 0.
39.91000, 1.
39.92000, 0.
39.93000, 0.
39.94000, 0.
39.95000, 0.
39.96000, 0.
39.97000, 2.
39.98000, 0.
39.99000, 0.
40.00000, 0.
40.01000, 0.
40.02000, 1.
40.03000, 0.
40.04000, 0.
40.05000, 0.
40.06000, 0.
40.07000, 0.
40.08000, 0.
40.09000, 0.
40.10000, 0.
40.11000, 0.
40.12000, 0.
40.13000, 0.
40.14000, 0.
40.15000, 0.
40.16000, 0.
40.17000, 0.
40.18000, 0.
40.19000, 0.
40.20000, 0.
40.21000, 0.
40.22000, 0.
40.23000, 0.
40.24000, 0.
40.25000, 0.
40.26000, 0.
40.27000, 0.
40.28000, 0.
40.29000, 0.
40.30000, 0.
40.31000, 0.
40.32000, 0.
40.33000, 0.
40.34000, 0.
40.35000, 1.
40.36000, 0.
40.37000, 0.
40.38000, 1.
40.39000, 0.
40.40000, 0.
40.41000, 0.
40.42000, 0.
40.43000, 0.
40.44000, 0.
40.45000, 0.
40.46000, 0.
40.47000, 0.
40.48000, 0.
40.49000, 0.
40.50000, 0.
40.51000, 0.
40.52000, 0.
40.53000, 0.
40.54000, 0.
40.55000, 0.
#ENDOFDATA   : 
