#FORMAT      : EMSA/MAS Spectral Data File
#VERSION     : 1.0
#TITLE       : Spectrum 27
#DATE        : 21-AUG-2025
#TIME        : 15:31
#OWNER       : XGT7200
#NPOINTS     : 4096.
#NCOLUMNS    : 1.
#XUNITS      : keV
#YUNITS      : counts
#DATATYPE    : XY
#XPERCHAN    : 0.0100000
#OFFSET      : -0.400000
#SIGNALTYPE  : EDS
#CHOFFSET    : 40.0000
#LIVETIME    : 30.000000
#REALTIME    : 39.549786
#BEAMKV      : 50.0000
#PROBECUR    : 669000.
#MAGCAM      : 100.000
#XTILTSTGE   : 0.0
#AZIMANGLE   : 0.0
#ELEVANGLE   : 45.0
#XPOSITION mm: 0.0000
#YPOSITION mm: 0.0000
#ZPOSITION mm: 0.0000
##OXINSTPT   : 4
##OXINSTSTROB: 72.05
#SPECTRUM    : Spectral Data Starts Here
-0.40000, 0.
-0.39000, 0.
-0.38000, 0.
-0.37000, 0.
-0.36000, 0.
-0.35000, 0.
-0.34000, 0.
-0.33000, 0.
-0.32000, 0.
-0.31000, 0.
-0.30000, 0.
-0.29000, 0.
-0.28000, 0.
-0.27000, 0.
-0.26000, 0.
-0.25000, 0.
-0.24000, 0.
-0.23000, 0.
-0.22000, 0.
-0.21000, 0.
-0.20000, 0.
-0.19000, 0.
-0.18000, 0.
-0.17000, 0.
-0.16000, 0.
-0.15000, 0.
-0.14000, 0.
-0.13000, 0.
-0.12000, 0.
-0.11000, 0.
-0.10000, 0.
-0.09000, 0.
-0.08000, 0.
-0.07000, 0.
-0.06000, 0.
-0.05000, 0.
-0.04000, 0.
-0.03000, 0.
-0.02000, 0.
-0.01000, 0.
0.00000, 0.
0.01000, 0.
0.02000, 0.
0.03000, 0.
0.04000, 0.
0.05000, 0.
0.06000, 0.
0.07000, 0.
0.08000, 0.
0.09000, 0.
0.10000, 0.
0.11000, 0.
0.12000, 0.
0.13000, 0.
0.14000, 0.
0.15000, 0.
0.16000, 0.
0.17000, 0.
0.18000, 0.
0.19000, 0.
0.20000, 0.
0.21000, 0.
0.22000, 0.
0.23000, 0.
0.24000, 0.
0.25000, 0.
0.26000, 0.
0.27000, 0.
0.28000, 0.
0.29000, 0.
0.30000, 0.
0.31000, 0.
0.32000, 0.
0.33000, 0.
0.34000, 3.
0.35000, 3.
0.36000, 3.
0.37000, 9.
0.38000, 10.
0.39000, 10.
0.40000, 21.
0.41000, 26.
0.42000, 30.
0.43000, 31.
0.44000, 32.
0.45000, 46.
0.46000, 60.
0.47000, 47.
0.48000, 51.
0.49000, 37.
0.50000, 49.
0.51000, 45.
0.52000, 49.
0.53000, 35.
0.54000, 32.
0.55000, 40.
0.56000, 40.
0.57000, 42.
0.58000, 38.
0.59000, 44.
0.60000, 41.
0.61000, 35.
0.62000, 38.
0.63000, 31.
0.64000, 39.
0.65000, 35.
0.66000, 33.
0.67000, 54.
0.68000, 27.
0.69000, 34.
0.70000, 43.
0.71000, 48.
0.72000, 48.
0.73000, 43.
0.74000, 35.
0.75000, 33.
0.76000, 25.
0.77000, 41.
0.78000, 32.
0.79000, 44.
0.80000, 35.
0.81000, 29.
0.82000, 37.
0.83000, 36.
0.84000, 32.
0.85000, 26.
0.86000, 34.
0.87000, 39.
0.88000, 25.
0.89000, 40.
0.90000, 38.
0.91000, 34.
0.92000, 39.
0.93000, 48.
0.94000, 45.
0.95000, 49.
0.96000, 32.
0.97000, 53.
0.98000, 34.
0.99000, 43.
1.00000, 39.
1.01000, 34.
1.02000, 37.
1.03000, 44.
1.04000, 49.
1.05000, 52.
1.06000, 36.
1.07000, 39.
1.08000, 39.
1.09000, 40.
1.10000, 51.
1.11000, 46.
1.12000, 22.
1.13000, 38.
1.14000, 33.
1.15000, 37.
1.16000, 36.
1.17000, 35.
1.18000, 43.
1.19000, 50.
1.20000, 59.
1.21000, 59.
1.22000, 64.
1.23000, 73.
1.24000, 83.
1.25000, 84.
1.26000, 79.
1.27000, 84.
1.28000, 85.
1.29000, 69.
1.30000, 63.
1.31000, 48.
1.32000, 56.
1.33000, 41.
1.34000, 38.
1.35000, 44.
1.36000, 38.
1.37000, 43.
1.38000, 74.
1.39000, 60.
1.40000, 80.
1.41000, 128.
1.42000, 196.
1.43000, 235.
1.44000, 334.
1.45000, 449.
1.46000, 512.
1.47000, 637.
1.48000, 670.
1.49000, 722.
1.50000, 733.
1.51000, 664.
1.52000, 662.
1.53000, 531.
1.54000, 426.
1.55000, 341.
1.56000, 227.
1.57000, 188.
1.58000, 140.
1.59000, 116.
1.60000, 77.
1.61000, 100.
1.62000, 130.
1.63000, 172.
1.64000, 280.
1.65000, 494.
1.66000, 795.
1.67000, 1171.
1.68000, 1776.
1.69000, 2496.
1.70000, 3358.
1.71000, 4129.
1.72000, 4954.
1.73000, 5566.
1.74000, 5931.
1.75000, 6118.
1.76000, 5852.
1.77000, 5205.
1.78000, 4331.
1.79000, 3584.
1.80000, 2745.
1.81000, 2075.
1.82000, 1512.
1.83000, 1027.
1.84000, 736.
1.85000, 502.
1.86000, 406.
1.87000, 319.
1.88000, 206.
1.89000, 172.
1.90000, 132.
1.91000, 88.
1.92000, 79.
1.93000, 78.
1.94000, 68.
1.95000, 56.
1.96000, 64.
1.97000, 65.
1.98000, 74.
1.99000, 85.
2.00000, 79.
2.01000, 75.
2.02000, 80.
2.03000, 73.
2.04000, 64.
2.05000, 58.
2.06000, 42.
2.07000, 55.
2.08000, 39.
2.09000, 37.
2.10000, 26.
2.11000, 43.
2.12000, 29.
2.13000, 23.
2.14000, 25.
2.15000, 33.
2.16000, 23.
2.17000, 29.
2.18000, 33.
2.19000, 29.
2.20000, 28.
2.21000, 28.
2.22000, 27.
2.23000, 27.
2.24000, 36.
2.25000, 35.
2.26000, 51.
2.27000, 59.
2.28000, 72.
2.29000, 61.
2.30000, 76.
2.31000, 66.
2.32000, 100.
2.33000, 76.
2.34000, 72.
2.35000, 83.
2.36000, 48.
2.37000, 69.
2.38000, 59.
2.39000, 47.
2.40000, 44.
2.41000, 32.
2.42000, 36.
2.43000, 35.
2.44000, 31.
2.45000, 29.
2.46000, 50.
2.47000, 35.
2.48000, 32.
2.49000, 48.
2.50000, 36.
2.51000, 35.
2.52000, 47.
2.53000, 39.
2.54000, 40.
2.55000, 40.
2.56000, 56.
2.57000, 59.
2.58000, 59.
2.59000, 76.
2.60000, 120.
2.61000, 135.
2.62000, 154.
2.63000, 228.
2.64000, 273.
2.65000, 302.
2.66000, 361.
2.67000, 446.
2.68000, 482.
2.69000, 501.
2.70000, 551.
2.71000, 560.
2.72000, 522.
2.73000, 488.
2.74000, 410.
2.75000, 392.
2.76000, 330.
2.77000, 281.
2.78000, 260.
2.79000, 262.
2.80000, 247.
2.81000, 255.
2.82000, 264.
2.83000, 284.
2.84000, 287.
2.85000, 287.
2.86000, 235.
2.87000, 303.
2.88000, 250.
2.89000, 222.
2.90000, 194.
2.91000, 181.
2.92000, 152.
2.93000, 129.
2.94000, 115.
2.95000, 112.
2.96000, 97.
2.97000, 77.
2.98000, 83.
2.99000, 63.
3.00000, 77.
3.01000, 64.
3.02000, 60.
3.03000, 57.
3.04000, 45.
3.05000, 43.
3.06000, 44.
3.07000, 38.
3.08000, 32.
3.09000, 38.
3.10000, 32.
3.11000, 33.
3.12000, 31.
3.13000, 42.
3.14000, 27.
3.15000, 19.
3.16000, 37.
3.17000, 31.
3.18000, 40.
3.19000, 58.
3.20000, 49.
3.21000, 65.
3.22000, 85.
3.23000, 108.
3.24000, 152.
3.25000, 195.
3.26000, 222.
3.27000, 289.
3.28000, 329.
3.29000, 384.
3.30000, 379.
3.31000, 439.
3.32000, 465.
3.33000, 461.
3.34000, 411.
3.35000, 357.
3.36000, 303.
3.37000, 271.
3.38000, 229.
3.39000, 163.
3.40000, 134.
3.41000, 102.
3.42000, 87.
3.43000, 76.
3.44000, 42.
3.45000, 41.
3.46000, 33.
3.47000, 50.
3.48000, 46.
3.49000, 39.
3.50000, 61.
3.51000, 57.
3.52000, 55.
3.53000, 57.
3.54000, 87.
3.55000, 85.
3.56000, 111.
3.57000, 169.
3.58000, 167.
3.59000, 226.
3.60000, 294.
3.61000, 378.
3.62000, 509.
3.63000, 622.
3.64000, 770.
3.65000, 911.
3.66000, 1096.
3.67000, 1207.
3.68000, 1323.
3.69000, 1366.
3.70000, 1288.
3.71000, 1251.
3.72000, 1182.
3.73000, 1117.
3.74000, 919.
3.75000, 765.
3.76000, 586.
3.77000, 478.
3.78000, 335.
3.79000, 274.
3.80000, 184.
3.81000, 130.
3.82000, 89.
3.83000, 59.
3.84000, 50.
3.85000, 27.
3.86000, 42.
3.87000, 46.
3.88000, 46.
3.89000, 40.
3.90000, 36.
3.91000, 53.
3.92000, 61.
3.93000, 85.
3.94000, 90.
3.95000, 124.
3.96000, 148.
3.97000, 144.
3.98000, 188.
3.99000, 194.
4.00000, 235.
4.01000, 211.
4.02000, 223.
4.03000, 218.
4.04000, 225.
4.05000, 184.
4.06000, 200.
4.07000, 156.
4.08000, 111.
4.09000, 116.
4.10000, 78.
4.11000, 56.
4.12000, 52.
4.13000, 43.
4.14000, 44.
4.15000, 32.
4.16000, 30.
4.17000, 25.
4.18000, 33.
4.19000, 27.
4.20000, 34.
4.21000, 35.
4.22000, 37.
4.23000, 27.
4.24000, 28.
4.25000, 29.
4.26000, 31.
4.27000, 33.
4.28000, 36.
4.29000, 38.
4.30000, 45.
4.31000, 46.
4.32000, 31.
4.33000, 23.
4.34000, 44.
4.35000, 35.
4.36000, 50.
4.37000, 52.
4.38000, 91.
4.39000, 95.
4.40000, 121.
4.41000, 162.
4.42000, 183.
4.43000, 254.
4.44000, 324.
4.45000, 464.
4.46000, 482.
4.47000, 577.
4.48000, 713.
4.49000, 712.
4.50000, 778.
4.51000, 753.
4.52000, 745.
4.53000, 730.
4.54000, 638.
4.55000, 610.
4.56000, 557.
4.57000, 502.
4.58000, 392.
4.59000, 318.
4.60000, 275.
4.61000, 258.
4.62000, 180.
4.63000, 138.
4.64000, 117.
4.65000, 120.
4.66000, 139.
4.67000, 110.
4.68000, 99.
4.69000, 87.
4.70000, 91.
4.71000, 81.
4.72000, 77.
4.73000, 71.
4.74000, 77.
4.75000, 66.
4.76000, 71.
4.77000, 66.
4.78000, 62.
4.79000, 63.
4.80000, 66.
4.81000, 69.
4.82000, 87.
4.83000, 82.
4.84000, 98.
4.85000, 108.
4.86000, 123.
4.87000, 131.
4.88000, 136.
4.89000, 145.
4.90000, 175.
4.91000, 157.
4.92000, 166.
4.93000, 187.
4.94000, 194.
4.95000, 196.
4.96000, 172.
4.97000, 175.
4.98000, 156.
4.99000, 138.
5.00000, 134.
5.01000, 104.
5.02000, 98.
5.03000, 78.
5.04000, 50.
5.05000, 66.
5.06000, 47.
5.07000, 50.
5.08000, 63.
5.09000, 58.
5.10000, 67.
5.11000, 61.
5.12000, 41.
5.13000, 57.
5.14000, 44.
5.15000, 55.
5.16000, 54.
5.17000, 63.
5.18000, 64.
5.19000, 55.
5.20000, 56.
5.21000, 59.
5.22000, 45.
5.23000, 45.
5.24000, 70.
5.25000, 55.
5.26000, 63.
5.27000, 65.
5.28000, 60.
5.29000, 69.
5.30000, 71.
5.31000, 89.
5.32000, 85.
5.33000, 85.
5.34000, 69.
5.35000, 104.
5.36000, 99.
5.37000, 124.
5.38000, 143.
5.39000, 124.
5.40000, 120.
5.41000, 144.
5.42000, 143.
5.43000, 134.
5.44000, 133.
5.45000, 122.
5.46000, 128.
5.47000, 118.
5.48000, 83.
5.49000, 81.
5.50000, 87.
5.51000, 99.
5.52000, 84.
5.53000, 83.
5.54000, 70.
5.55000, 58.
5.56000, 53.
5.57000, 63.
5.58000, 55.
5.59000, 70.
5.60000, 64.
5.61000, 58.
5.62000, 59.
5.63000, 63.
5.64000, 57.
5.65000, 56.
5.66000, 42.
5.67000, 57.
5.68000, 57.
5.69000, 43.
5.70000, 71.
5.71000, 76.
5.72000, 51.
5.73000, 46.
5.74000, 52.
5.75000, 51.
5.76000, 81.
5.77000, 84.
5.78000, 101.
5.79000, 95.
5.80000, 98.
5.81000, 144.
5.82000, 166.
5.83000, 199.
5.84000, 221.
5.85000, 240.
5.86000, 265.
5.87000, 300.
5.88000, 308.
5.89000, 295.
5.90000, 310.
5.91000, 296.
5.92000, 306.
5.93000, 261.
5.94000, 237.
5.95000, 256.
5.96000, 215.
5.97000, 179.
5.98000, 146.
5.99000, 131.
6.00000, 113.
6.01000, 120.
6.02000, 109.
6.03000, 80.
6.04000, 86.
6.05000, 78.
6.06000, 97.
6.07000, 88.
6.08000, 61.
6.09000, 85.
6.10000, 76.
6.11000, 98.
6.12000, 85.
6.13000, 108.
6.14000, 127.
6.15000, 125.
6.16000, 125.
6.17000, 105.
6.18000, 151.
6.19000, 181.
6.20000, 240.
6.21000, 279.
6.22000, 419.
6.23000, 573.
6.24000, 714.
6.25000, 1014.
6.26000, 1402.
6.27000, 1935.
6.28000, 2646.
6.29000, 3486.
6.30000, 4589.
6.31000, 6005.
6.32000, 7278.
6.33000, 9028.
6.34000, 10504.
6.35000, 12224.
6.36000, 13879.
6.37000, 15082.
6.38000, 16220.
6.39000, 16841.
6.40000, 17009.
6.41000, 16852.
6.42000, 16119.
6.43000, 14880.
6.44000, 13820.
6.45000, 12180.
6.46000, 10440.
6.47000, 8898.
6.48000, 7156.
6.49000, 5913.
6.50000, 4612.
6.51000, 3508.
6.52000, 2600.
6.53000, 1853.
6.54000, 1462.
6.55000, 976.
6.56000, 637.
6.57000, 495.
6.58000, 330.
6.59000, 285.
6.60000, 183.
6.61000, 198.
6.62000, 143.
6.63000, 121.
6.64000, 133.
6.65000, 95.
6.66000, 101.
6.67000, 101.
6.68000, 111.
6.69000, 104.
6.70000, 119.
6.71000, 129.
6.72000, 92.
6.73000, 90.
6.74000, 95.
6.75000, 111.
6.76000, 111.
6.77000, 133.
6.78000, 116.
6.79000, 114.
6.80000, 98.
6.81000, 123.
6.82000, 133.
6.83000, 138.
6.84000, 134.
6.85000, 161.
6.86000, 177.
6.87000, 200.
6.88000, 237.
6.89000, 261.
6.90000, 311.
6.91000, 396.
6.92000, 469.
6.93000, 603.
6.94000, 709.
6.95000, 919.
6.96000, 1042.
6.97000, 1249.
6.98000, 1422.
6.99000, 1798.
7.00000, 2013.
7.01000, 2227.
7.02000, 2403.
7.03000, 2573.
7.04000, 2722.
7.05000, 2743.
7.06000, 2718.
7.07000, 2596.
7.08000, 2469.
7.09000, 2337.
7.10000, 2128.
7.11000, 1948.
7.12000, 1713.
7.13000, 1346.
7.14000, 1202.
7.15000, 937.
7.16000, 773.
7.17000, 627.
7.18000, 461.
7.19000, 348.
7.20000, 252.
7.21000, 228.
7.22000, 169.
7.23000, 133.
7.24000, 105.
7.25000, 105.
7.26000, 82.
7.27000, 69.
7.28000, 61.
7.29000, 91.
7.30000, 96.
7.31000, 75.
7.32000, 77.
7.33000, 91.
7.34000, 63.
7.35000, 61.
7.36000, 96.
7.37000, 70.
7.38000, 79.
7.39000, 74.
7.40000, 86.
7.41000, 105.
7.42000, 99.
7.43000, 85.
7.44000, 103.
7.45000, 101.
7.46000, 115.
7.47000, 104.
7.48000, 90.
7.49000, 93.
7.50000, 91.
7.51000, 68.
7.52000, 91.
7.53000, 96.
7.54000, 71.
7.55000, 89.
7.56000, 90.
7.57000, 67.
7.58000, 67.
7.59000, 76.
7.60000, 86.
7.61000, 74.
7.62000, 85.
7.63000, 69.
7.64000, 93.
7.65000, 66.
7.66000, 63.
7.67000, 72.
7.68000, 81.
7.69000, 74.
7.70000, 60.
7.71000, 69.
7.72000, 77.
7.73000, 73.
7.74000, 77.
7.75000, 74.
7.76000, 71.
7.77000, 79.
7.78000, 99.
7.79000, 87.
7.80000, 88.
7.81000, 83.
7.82000, 94.
7.83000, 85.
7.84000, 100.
7.85000, 88.
7.86000, 92.
7.87000, 111.
7.88000, 102.
7.89000, 96.
7.90000, 125.
7.91000, 102.
7.92000, 126.
7.93000, 105.
7.94000, 114.
7.95000, 134.
7.96000, 139.
7.97000, 129.
7.98000, 158.
7.99000, 171.
8.00000, 126.
8.01000, 176.
8.02000, 163.
8.03000, 164.
8.04000, 166.
8.05000, 172.
8.06000, 179.
8.07000, 169.
8.08000, 198.
8.09000, 167.
8.10000, 153.
8.11000, 189.
8.12000, 187.
8.13000, 143.
8.14000, 155.
8.15000, 134.
8.16000, 150.
8.17000, 150.
8.18000, 143.
8.19000, 114.
8.20000, 117.
8.21000, 126.
8.22000, 120.
8.23000, 126.
8.24000, 107.
8.25000, 140.
8.26000, 111.
8.27000, 119.
8.28000, 135.
8.29000, 114.
8.30000, 115.
8.31000, 100.
8.32000, 114.
8.33000, 105.
8.34000, 100.
8.35000, 103.
8.36000, 111.
8.37000, 113.
8.38000, 103.
8.39000, 102.
8.40000, 104.
8.41000, 110.
8.42000, 81.
8.43000, 116.
8.44000, 120.
8.45000, 106.
8.46000, 120.
8.47000, 104.
8.48000, 94.
8.49000, 121.
8.50000, 136.
8.51000, 151.
8.52000, 145.
8.53000, 155.
8.54000, 177.
8.55000, 194.
8.56000, 229.
8.57000, 243.
8.58000, 256.
8.59000, 262.
8.60000, 249.
8.61000, 296.
8.62000, 272.
8.63000, 250.
8.64000, 258.
8.65000, 267.
8.66000, 265.
8.67000, 247.
8.68000, 222.
8.69000, 229.
8.70000, 195.
8.71000, 191.
8.72000, 181.
8.73000, 167.
8.74000, 144.
8.75000, 128.
8.76000, 135.
8.77000, 119.
8.78000, 119.
8.79000, 104.
8.80000, 114.
8.81000, 122.
8.82000, 100.
8.83000, 104.
8.84000, 118.
8.85000, 116.
8.86000, 99.
8.87000, 121.
8.88000, 122.
8.89000, 108.
8.90000, 106.
8.91000, 112.
8.92000, 132.
8.93000, 99.
8.94000, 133.
8.95000, 135.
8.96000, 107.
8.97000, 108.
8.98000, 114.
8.99000, 121.
9.00000, 112.
9.01000, 118.
9.02000, 110.
9.03000, 117.
9.04000, 119.
9.05000, 107.
9.06000, 118.
9.07000, 132.
9.08000, 111.
9.09000, 116.
9.10000, 111.
9.11000, 101.
9.12000, 123.
9.13000, 118.
9.14000, 130.
9.15000, 127.
9.16000, 112.
9.17000, 119.
9.18000, 121.
9.19000, 114.
9.20000, 118.
9.21000, 129.
9.22000, 123.
9.23000, 135.
9.24000, 126.
9.25000, 130.
9.26000, 120.
9.27000, 140.
9.28000, 107.
9.29000, 105.
9.30000, 126.
9.31000, 131.
9.32000, 129.
9.33000, 108.
9.34000, 122.
9.35000, 133.
9.36000, 118.
9.37000, 110.
9.38000, 105.
9.39000, 115.
9.40000, 118.
9.41000, 127.
9.42000, 104.
9.43000, 118.
9.44000, 134.
9.45000, 134.
9.46000, 146.
9.47000, 147.
9.48000, 128.
9.49000, 125.
9.50000, 125.
9.51000, 150.
9.52000, 147.
9.53000, 129.
9.54000, 142.
9.55000, 137.
9.56000, 128.
9.57000, 160.
9.58000, 143.
9.59000, 152.
9.60000, 144.
9.61000, 146.
9.62000, 111.
9.63000, 123.
9.64000, 114.
9.65000, 129.
9.66000, 145.
9.67000, 134.
9.68000, 120.
9.69000, 126.
9.70000, 131.
9.71000, 123.
9.72000, 107.
9.73000, 112.
9.74000, 125.
9.75000, 128.
9.76000, 117.
9.77000, 124.
9.78000, 113.
9.79000, 125.
9.80000, 119.
9.81000, 102.
9.82000, 125.
9.83000, 129.
9.84000, 111.
9.85000, 132.
9.86000, 116.
9.87000, 109.
9.88000, 121.
9.89000, 109.
9.90000, 128.
9.91000, 109.
9.92000, 102.
9.93000, 133.
9.94000, 107.
9.95000, 122.
9.96000, 126.
9.97000, 98.
9.98000, 117.
9.99000, 132.
10.00000, 133.
10.01000, 128.
10.02000, 122.
10.03000, 125.
10.04000, 126.
10.05000, 106.
10.06000, 122.
10.07000, 116.
10.08000, 134.
10.09000, 135.
10.10000, 108.
10.11000, 121.
10.12000, 119.
10.13000, 127.
10.14000, 111.
10.15000, 107.
10.16000, 149.
10.17000, 123.
10.18000, 101.
10.19000, 123.
10.20000, 123.
10.21000, 130.
10.22000, 135.
10.23000, 132.
10.24000, 109.
10.25000, 106.
10.26000, 130.
10.27000, 116.
10.28000, 126.
10.29000, 117.
10.30000, 118.
10.31000, 133.
10.32000, 130.
10.33000, 117.
10.34000, 142.
10.35000, 130.
10.36000, 133.
10.37000, 153.
10.38000, 141.
10.39000, 146.
10.40000, 136.
10.41000, 165.
10.42000, 183.
10.43000, 183.
10.44000, 181.
10.45000, 192.
10.46000, 196.
10.47000, 225.
10.48000, 229.
10.49000, 210.
10.50000, 233.
10.51000, 220.
10.52000, 211.
10.53000, 247.
10.54000, 228.
10.55000, 283.
10.56000, 261.
10.57000, 242.
10.58000, 238.
10.59000, 241.
10.60000, 200.
10.61000, 185.
10.62000, 218.
10.63000, 189.
10.64000, 178.
10.65000, 173.
10.66000, 196.
10.67000, 150.
10.68000, 161.
10.69000, 155.
10.70000, 151.
10.71000, 143.
10.72000, 140.
10.73000, 131.
10.74000, 119.
10.75000, 124.
10.76000, 114.
10.77000, 139.
10.78000, 134.
10.79000, 125.
10.80000, 134.
10.81000, 116.
10.82000, 110.
10.83000, 127.
10.84000, 149.
10.85000, 131.
10.86000, 143.
10.87000, 134.
10.88000, 132.
10.89000, 112.
10.90000, 139.
10.91000, 134.
10.92000, 149.
10.93000, 116.
10.94000, 145.
10.95000, 123.
10.96000, 147.
10.97000, 132.
10.98000, 134.
10.99000, 129.
11.00000, 130.
11.01000, 155.
11.02000, 148.
11.03000, 110.
11.04000, 112.
11.05000, 132.
11.06000, 131.
11.07000, 131.
11.08000, 137.
11.09000, 135.
11.10000, 120.
11.11000, 137.
11.12000, 148.
11.13000, 127.
11.14000, 135.
11.15000, 126.
11.16000, 141.
11.17000, 122.
11.18000, 128.
11.19000, 122.
11.20000, 127.
11.21000, 142.
11.22000, 139.
11.23000, 124.
11.24000, 144.
11.25000, 127.
11.26000, 139.
11.27000, 139.
11.28000, 122.
11.29000, 134.
11.30000, 136.
11.31000, 118.
11.32000, 141.
11.33000, 120.
11.34000, 124.
11.35000, 141.
11.36000, 131.
11.37000, 132.
11.38000, 124.
11.39000, 129.
11.40000, 119.
11.41000, 131.
11.42000, 129.
11.43000, 132.
11.44000, 138.
11.45000, 132.
11.46000, 143.
11.47000, 110.
11.48000, 143.
11.49000, 137.
11.50000, 142.
11.51000, 135.
11.52000, 121.
11.53000, 131.
11.54000, 146.
11.55000, 124.
11.56000, 119.
11.57000, 133.
11.58000, 131.
11.59000, 135.
11.60000, 127.
11.61000, 136.
11.62000, 115.
11.63000, 133.
11.64000, 123.
11.65000, 150.
11.66000, 108.
11.67000, 116.
11.68000, 120.
11.69000, 127.
11.70000, 137.
11.71000, 136.
11.72000, 124.
11.73000, 114.
11.74000, 148.
11.75000, 146.
11.76000, 127.
11.77000, 114.
11.78000, 158.
11.79000, 136.
11.80000, 127.
11.81000, 150.
11.82000, 138.
11.83000, 148.
11.84000, 151.
11.85000, 129.
11.86000, 156.
11.87000, 145.
11.88000, 123.
11.89000, 130.
11.90000, 130.
11.91000, 135.
11.92000, 147.
11.93000, 167.
11.94000, 124.
11.95000, 144.
11.96000, 128.
11.97000, 143.
11.98000, 147.
11.99000, 139.
12.00000, 152.
12.01000, 130.
12.02000, 124.
12.03000, 134.
12.04000, 133.
12.05000, 150.
12.06000, 134.
12.07000, 144.
12.08000, 138.
12.09000, 142.
12.10000, 122.
12.11000, 136.
12.12000, 141.
12.13000, 126.
12.14000, 141.
12.15000, 146.
12.16000, 150.
12.17000, 136.
12.18000, 135.
12.19000, 124.
12.20000, 134.
12.21000, 117.
12.22000, 127.
12.23000, 151.
12.24000, 142.
12.25000, 142.
12.26000, 140.
12.27000, 147.
12.28000, 154.
12.29000, 134.
12.30000, 153.
12.31000, 137.
12.32000, 155.
12.33000, 148.
12.34000, 137.
12.35000, 135.
12.36000, 121.
12.37000, 162.
12.38000, 140.
12.39000, 148.
12.40000, 143.
12.41000, 159.
12.42000, 154.
12.43000, 153.
12.44000, 159.
12.45000, 158.
12.46000, 170.
12.47000, 162.
12.48000, 184.
12.49000, 182.
12.50000, 185.
12.51000, 188.
12.52000, 216.
12.53000, 195.
12.54000, 277.
12.55000, 228.
12.56000, 272.
12.57000, 230.
12.58000, 255.
12.59000, 225.
12.60000, 238.
12.61000, 274.
12.62000, 274.
12.63000, 259.
12.64000, 256.
12.65000, 231.
12.66000, 251.
12.67000, 257.
12.68000, 202.
12.69000, 243.
12.70000, 214.
12.71000, 235.
12.72000, 185.
12.73000, 215.
12.74000, 211.
12.75000, 192.
12.76000, 193.
12.77000, 176.
12.78000, 207.
12.79000, 188.
12.80000, 208.
12.81000, 201.
12.82000, 201.
12.83000, 183.
12.84000, 217.
12.85000, 188.
12.86000, 163.
12.87000, 171.
12.88000, 171.
12.89000, 174.
12.90000, 171.
12.91000, 143.
12.92000, 129.
12.93000, 141.
12.94000, 157.
12.95000, 142.
12.96000, 154.
12.97000, 143.
12.98000, 147.
12.99000, 149.
13.00000, 149.
13.01000, 153.
13.02000, 153.
13.03000, 156.
13.04000, 158.
13.05000, 154.
13.06000, 148.
13.07000, 136.
13.08000, 154.
13.09000, 150.
13.10000, 163.
13.11000, 153.
13.12000, 127.
13.13000, 145.
13.14000, 144.
13.15000, 126.
13.16000, 136.
13.17000, 183.
13.18000, 141.
13.19000, 165.
13.20000, 167.
13.21000, 166.
13.22000, 148.
13.23000, 141.
13.24000, 153.
13.25000, 173.
13.26000, 156.
13.27000, 190.
13.28000, 154.
13.29000, 157.
13.30000, 171.
13.31000, 175.
13.32000, 195.
13.33000, 197.
13.34000, 218.
13.35000, 210.
13.36000, 217.
13.37000, 183.
13.38000, 200.
13.39000, 213.
13.40000, 208.
13.41000, 219.
13.42000, 170.
13.43000, 181.
13.44000, 177.
13.45000, 179.
13.46000, 162.
13.47000, 166.
13.48000, 184.
13.49000, 165.
13.50000, 164.
13.51000, 167.
13.52000, 160.
13.53000, 176.
13.54000, 136.
13.55000, 164.
13.56000, 173.
13.57000, 146.
13.58000, 138.
13.59000, 166.
13.60000, 145.
13.61000, 136.
13.62000, 149.
13.63000, 166.
13.64000, 136.
13.65000, 144.
13.66000, 163.
13.67000, 146.
13.68000, 156.
13.69000, 147.
13.70000, 158.
13.71000, 123.
13.72000, 131.
13.73000, 137.
13.74000, 153.
13.75000, 149.
13.76000, 147.
13.77000, 116.
13.78000, 120.
13.79000, 148.
13.80000, 130.
13.81000, 147.
13.82000, 132.
13.83000, 139.
13.84000, 147.
13.85000, 127.
13.86000, 159.
13.87000, 128.
13.88000, 142.
13.89000, 140.
13.90000, 144.
13.91000, 139.
13.92000, 157.
13.93000, 134.
13.94000, 149.
13.95000, 153.
13.96000, 154.
13.97000, 172.
13.98000, 185.
13.99000, 182.
14.00000, 167.
14.01000, 170.
14.02000, 183.
14.03000, 201.
14.04000, 176.
14.05000, 181.
14.06000, 214.
14.07000, 207.
14.08000, 183.
14.09000, 223.
14.10000, 202.
14.11000, 207.
14.12000, 200.
14.13000, 218.
14.14000, 201.
14.15000, 211.
14.16000, 221.
14.17000, 189.
14.18000, 213.
14.19000, 181.
14.20000, 199.
14.21000, 198.
14.22000, 179.
14.23000, 156.
14.24000, 165.
14.25000, 160.
14.26000, 159.
14.27000, 143.
14.28000, 138.
14.29000, 153.
14.30000, 146.
14.31000, 136.
14.32000, 145.
14.33000, 148.
14.34000, 143.
14.35000, 166.
14.36000, 136.
14.37000, 147.
14.38000, 126.
14.39000, 123.
14.40000, 153.
14.41000, 139.
14.42000, 148.
14.43000, 129.
14.44000, 130.
14.45000, 136.
14.46000, 147.
14.47000, 141.
14.48000, 124.
14.49000, 139.
14.50000, 133.
14.51000, 140.
14.52000, 142.
14.53000, 130.
14.54000, 119.
14.55000, 127.
14.56000, 134.
14.57000, 138.
14.58000, 140.
14.59000, 171.
14.60000, 158.
14.61000, 128.
14.62000, 141.
14.63000, 140.
14.64000, 150.
14.65000, 155.
14.66000, 138.
14.67000, 155.
14.68000, 172.
14.69000, 146.
14.70000, 153.
14.71000, 150.
14.72000, 165.
14.73000, 164.
14.74000, 178.
14.75000, 162.
14.76000, 159.
14.77000, 174.
14.78000, 174.
14.79000, 172.
14.80000, 156.
14.81000, 158.
14.82000, 143.
14.83000, 171.
14.84000, 147.
14.85000, 178.
14.86000, 172.
14.87000, 153.
14.88000, 187.
14.89000, 176.
14.90000, 168.
14.91000, 173.
14.92000, 170.
14.93000, 176.
14.94000, 146.
14.95000, 195.
14.96000, 187.
14.97000, 171.
14.98000, 172.
14.99000, 162.
15.00000, 162.
15.01000, 172.
15.02000, 172.
15.03000, 152.
15.04000, 146.
15.05000, 191.
15.06000, 169.
15.07000, 158.
15.08000, 160.
15.09000, 154.
15.10000, 145.
15.11000, 159.
15.12000, 138.
15.13000, 141.
15.14000, 128.
15.15000, 138.
15.16000, 158.
15.17000, 149.
15.18000, 165.
15.19000, 150.
15.20000, 155.
15.21000, 146.
15.22000, 126.
15.23000, 152.
15.24000, 120.
15.25000, 133.
15.26000, 132.
15.27000, 139.
15.28000, 116.
15.29000, 153.
15.30000, 144.
15.31000, 122.
15.32000, 154.
15.33000, 143.
15.34000, 152.
15.35000, 135.
15.36000, 125.
15.37000, 128.
15.38000, 150.
15.39000, 141.
15.40000, 133.
15.41000, 143.
15.42000, 142.
15.43000, 149.
15.44000, 131.
15.45000, 140.
15.46000, 140.
15.47000, 147.
15.48000, 135.
15.49000, 155.
15.50000, 160.
15.51000, 145.
15.52000, 156.
15.53000, 170.
15.54000, 164.
15.55000, 181.
15.56000, 183.
15.57000, 180.
15.58000, 185.
15.59000, 231.
15.60000, 237.
15.61000, 234.
15.62000, 249.
15.63000, 236.
15.64000, 283.
15.65000, 266.
15.66000, 316.
15.67000, 318.
15.68000, 333.
15.69000, 356.
15.70000, 336.
15.71000, 344.
15.72000, 348.
15.73000, 345.
15.74000, 366.
15.75000, 306.
15.76000, 360.
15.77000, 381.
15.78000, 325.
15.79000, 338.
15.80000, 306.
15.81000, 309.
15.82000, 287.
15.83000, 263.
15.84000, 259.
15.85000, 241.
15.86000, 235.
15.87000, 214.
15.88000, 176.
15.89000, 194.
15.90000, 195.
15.91000, 169.
15.92000, 159.
15.93000, 186.
15.94000, 171.
15.95000, 140.
15.96000, 142.
15.97000, 175.
15.98000, 156.
15.99000, 135.
16.00000, 132.
16.01000, 130.
16.02000, 142.
16.03000, 156.
16.04000, 126.
16.05000, 121.
16.06000, 164.
16.07000, 146.
16.08000, 139.
16.09000, 125.
16.10000, 153.
16.11000, 131.
16.12000, 134.
16.13000, 131.
16.14000, 144.
16.15000, 134.
16.16000, 141.
16.17000, 134.
16.18000, 135.
16.19000, 124.
16.20000, 140.
16.21000, 136.
16.22000, 145.
16.23000, 163.
16.24000, 146.
16.25000, 139.
16.26000, 135.
16.27000, 126.
16.28000, 127.
16.29000, 148.
16.30000, 152.
16.31000, 129.
16.32000, 117.
16.33000, 128.
16.34000, 122.
16.35000, 127.
16.36000, 147.
16.37000, 141.
16.38000, 144.
16.39000, 140.
16.40000, 140.
16.41000, 132.
16.42000, 157.
16.43000, 136.
16.44000, 132.
16.45000, 143.
16.46000, 164.
16.47000, 143.
16.48000, 137.
16.49000, 138.
16.50000, 140.
16.51000, 156.
16.52000, 127.
16.53000, 152.
16.54000, 141.
16.55000, 143.
16.56000, 167.
16.57000, 145.
16.58000, 141.
16.59000, 141.
16.60000, 152.
16.61000, 141.
16.62000, 146.
16.63000, 124.
16.64000, 158.
16.65000, 140.
16.66000, 155.
16.67000, 140.
16.68000, 135.
16.69000, 126.
16.70000, 166.
16.71000, 128.
16.72000, 143.
16.73000, 146.
16.74000, 134.
16.75000, 163.
16.76000, 143.
16.77000, 150.
16.78000, 140.
16.79000, 159.
16.80000, 144.
16.81000, 159.
16.82000, 141.
16.83000, 121.
16.84000, 148.
16.85000, 128.
16.86000, 131.
16.87000, 118.
16.88000, 142.
16.89000, 138.
16.90000, 122.
16.91000, 168.
16.92000, 153.
16.93000, 119.
16.94000, 136.
16.95000, 132.
16.96000, 138.
16.97000, 136.
16.98000, 136.
16.99000, 153.
17.00000, 131.
17.01000, 146.
17.02000, 150.
17.03000, 125.
17.04000, 128.
17.05000, 124.
17.06000, 154.
17.07000, 132.
17.08000, 128.
17.09000, 127.
17.10000, 124.
17.11000, 143.
17.12000, 163.
17.13000, 138.
17.14000, 162.
17.15000, 128.
17.16000, 137.
17.17000, 147.
17.18000, 142.
17.19000, 127.
17.20000, 134.
17.21000, 129.
17.22000, 144.
17.23000, 128.
17.24000, 149.
17.25000, 137.
17.26000, 150.
17.27000, 131.
17.28000, 159.
17.29000, 137.
17.30000, 157.
17.31000, 140.
17.32000, 163.
17.33000, 153.
17.34000, 143.
17.35000, 165.
17.36000, 153.
17.37000, 150.
17.38000, 122.
17.39000, 171.
17.40000, 157.
17.41000, 149.
17.42000, 161.
17.43000, 160.
17.44000, 150.
17.45000, 142.
17.46000, 174.
17.47000, 159.
17.48000, 182.
17.49000, 197.
17.50000, 161.
17.51000, 180.
17.52000, 176.
17.53000, 202.
17.54000, 170.
17.55000, 169.
17.56000, 167.
17.57000, 197.
17.58000, 186.
17.59000, 207.
17.60000, 187.
17.61000, 182.
17.62000, 206.
17.63000, 200.
17.64000, 195.
17.65000, 189.
17.66000, 211.
17.67000, 188.
17.68000, 199.
17.69000, 186.
17.70000, 217.
17.71000, 191.
17.72000, 213.
17.73000, 201.
17.74000, 204.
17.75000, 191.
17.76000, 186.
17.77000, 201.
17.78000, 201.
17.79000, 174.
17.80000, 175.
17.81000, 178.
17.82000, 165.
17.83000, 160.
17.84000, 198.
17.85000, 209.
17.86000, 204.
17.87000, 210.
17.88000, 205.
17.89000, 185.
17.90000, 188.
17.91000, 206.
17.92000, 216.
17.93000, 176.
17.94000, 160.
17.95000, 165.
17.96000, 192.
17.97000, 190.
17.98000, 195.
17.99000, 194.
18.00000, 207.
18.01000, 214.
18.02000, 210.
18.03000, 223.
18.04000, 225.
18.05000, 209.
18.06000, 193.
18.07000, 211.
18.08000, 211.
18.09000, 200.
18.10000, 233.
18.11000, 228.
18.12000, 247.
18.13000, 238.
18.14000, 228.
18.15000, 266.
18.16000, 238.
18.17000, 249.
18.18000, 271.
18.19000, 229.
18.20000, 262.
18.21000, 247.
18.22000, 257.
18.23000, 267.
18.24000, 283.
18.25000, 287.
18.26000, 301.
18.27000, 279.
18.28000, 279.
18.29000, 304.
18.30000, 303.
18.31000, 325.
18.32000, 344.
18.33000, 323.
18.34000, 342.
18.35000, 338.
18.36000, 340.
18.37000, 382.
18.38000, 380.
18.39000, 380.
18.40000, 397.
18.41000, 399.
18.42000, 412.
18.43000, 415.
18.44000, 455.
18.45000, 474.
18.46000, 458.
18.47000, 495.
18.48000, 499.
18.49000, 493.
18.50000, 528.
18.51000, 536.
18.52000, 556.
18.53000, 584.
18.54000, 569.
18.55000, 580.
18.56000, 623.
18.57000, 674.
18.58000, 681.
18.59000, 627.
18.60000, 683.
18.61000, 691.
18.62000, 652.
18.63000, 746.
18.64000, 699.
18.65000, 700.
18.66000, 714.
18.67000, 760.
18.68000, 780.
18.69000, 765.
18.70000, 798.
18.71000, 833.
18.72000, 881.
18.73000, 822.
18.74000, 787.
18.75000, 906.
18.76000, 806.
18.77000, 834.
18.78000, 810.
18.79000, 837.
18.80000, 854.
18.81000, 865.
18.82000, 859.
18.83000, 810.
18.84000, 835.
18.85000, 815.
18.86000, 778.
18.87000, 813.
18.88000, 765.
18.89000, 822.
18.90000, 766.
18.91000, 749.
18.92000, 776.
18.93000, 724.
18.94000, 756.
18.95000, 717.
18.96000, 726.
18.97000, 671.
18.98000, 672.
18.99000, 667.
19.00000, 706.
19.01000, 613.
19.02000, 634.
19.03000, 633.
19.04000, 610.
19.05000, 562.
19.06000, 565.
19.07000, 536.
19.08000, 556.
19.09000, 512.
19.10000, 497.
19.11000, 486.
19.12000, 495.
19.13000, 449.
19.14000, 472.
19.15000, 478.
19.16000, 409.
19.17000, 393.
19.18000, 444.
19.19000, 410.
19.20000, 362.
19.21000, 370.
19.22000, 345.
19.23000, 373.
19.24000, 333.
19.25000, 325.
19.26000, 340.
19.27000, 339.
19.28000, 337.
19.29000, 296.
19.30000, 283.
19.31000, 284.
19.32000, 264.
19.33000, 267.
19.34000, 279.
19.35000, 263.
19.36000, 245.
19.37000, 234.
19.38000, 265.
19.39000, 224.
19.40000, 255.
19.41000, 247.
19.42000, 265.
19.43000, 267.
19.44000, 237.
19.45000, 240.
19.46000, 202.
19.47000, 202.
19.48000, 247.
19.49000, 202.
19.50000, 224.
19.51000, 241.
19.52000, 200.
19.53000, 215.
19.54000, 226.
19.55000, 202.
19.56000, 204.
19.57000, 188.
19.58000, 191.
19.59000, 234.
19.60000, 192.
19.61000, 165.
19.62000, 175.
19.63000, 158.
19.64000, 174.
19.65000, 165.
19.66000, 153.
19.67000, 190.
19.68000, 195.
19.69000, 181.
19.70000, 165.
19.71000, 143.
19.72000, 172.
19.73000, 165.
19.74000, 156.
19.75000, 151.
19.76000, 136.
19.77000, 154.
19.78000, 151.
19.79000, 129.
19.80000, 154.
19.81000, 164.
19.82000, 158.
19.83000, 171.
19.84000, 169.
19.85000, 170.
19.86000, 181.
19.87000, 187.
19.88000, 196.
19.89000, 188.
19.90000, 210.
19.91000, 239.
19.92000, 242.
19.93000, 215.
19.94000, 266.
19.95000, 288.
19.96000, 293.
19.97000, 307.
19.98000, 301.
19.99000, 336.
20.00000, 338.
20.01000, 339.
20.02000, 363.
20.03000, 368.
20.04000, 399.
20.05000, 403.
20.06000, 428.
20.07000, 445.
20.08000, 463.
20.09000, 521.
20.10000, 475.
20.11000, 490.
20.12000, 538.
20.13000, 535.
20.14000, 490.
20.15000, 519.
20.16000, 547.
20.17000, 564.
20.18000, 506.
20.19000, 528.
20.20000, 482.
20.21000, 515.
20.22000, 461.
20.23000, 447.
20.24000, 447.
20.25000, 418.
20.26000, 407.
20.27000, 369.
20.28000, 338.
20.29000, 304.
20.30000, 265.
20.31000, 272.
20.32000, 251.
20.33000, 297.
20.34000, 217.
20.35000, 190.
20.36000, 202.
20.37000, 176.
20.38000, 184.
20.39000, 157.
20.40000, 142.
20.41000, 156.
20.42000, 139.
20.43000, 173.
20.44000, 150.
20.45000, 168.
20.46000, 139.
20.47000, 131.
20.48000, 157.
20.49000, 143.
20.50000, 146.
20.51000, 166.
20.52000, 155.
20.53000, 143.
20.54000, 142.
20.55000, 143.
20.56000, 140.
20.57000, 160.
20.58000, 156.
20.59000, 166.
20.60000, 173.
20.61000, 159.
20.62000, 151.
20.63000, 165.
20.64000, 182.
20.65000, 189.
20.66000, 164.
20.67000, 178.
20.68000, 159.
20.69000, 184.
20.70000, 176.
20.71000, 175.
20.72000, 171.
20.73000, 195.
20.74000, 188.
20.75000, 186.
20.76000, 196.
20.77000, 222.
20.78000, 187.
20.79000, 191.
20.80000, 206.
20.81000, 220.
20.82000, 190.
20.83000, 209.
20.84000, 195.
20.85000, 196.
20.86000, 224.
20.87000, 217.
20.88000, 214.
20.89000, 219.
20.90000, 204.
20.91000, 232.
20.92000, 206.
20.93000, 221.
20.94000, 242.
20.95000, 234.
20.96000, 249.
20.97000, 236.
20.98000, 216.
20.99000, 214.
21.00000, 236.
21.01000, 211.
21.02000, 239.
21.03000, 202.
21.04000, 209.
21.05000, 221.
21.06000, 200.
21.07000, 217.
21.08000, 241.
21.09000, 219.
21.10000, 237.
21.11000, 221.
21.12000, 232.
21.13000, 204.
21.14000, 199.
21.15000, 197.
21.16000, 229.
21.17000, 181.
21.18000, 221.
21.19000, 187.
21.20000, 210.
21.21000, 194.
21.22000, 203.
21.23000, 157.
21.24000, 209.
21.25000, 205.
21.26000, 167.
21.27000, 192.
21.28000, 153.
21.29000, 182.
21.30000, 166.
21.31000, 207.
21.32000, 184.
21.33000, 171.
21.34000, 154.
21.35000, 142.
21.36000, 160.
21.37000, 156.
21.38000, 156.
21.39000, 144.
21.40000, 180.
21.41000, 130.
21.42000, 132.
21.43000, 156.
21.44000, 146.
21.45000, 133.
21.46000, 135.
21.47000, 155.
21.48000, 141.
21.49000, 133.
21.50000, 131.
21.51000, 148.
21.52000, 123.
21.53000, 146.
21.54000, 141.
21.55000, 143.
21.56000, 119.
21.57000, 134.
21.58000, 145.
21.59000, 129.
21.60000, 115.
21.61000, 121.
21.62000, 109.
21.63000, 114.
21.64000, 106.
21.65000, 123.
21.66000, 114.
21.67000, 110.
21.68000, 114.
21.69000, 117.
21.70000, 125.
21.71000, 96.
21.72000, 110.
21.73000, 94.
21.74000, 103.
21.75000, 88.
21.76000, 104.
21.77000, 118.
21.78000, 112.
21.79000, 94.
21.80000, 98.
21.81000, 102.
21.82000, 107.
21.83000, 93.
21.84000, 101.
21.85000, 96.
21.86000, 97.
21.87000, 97.
21.88000, 113.
21.89000, 81.
21.90000, 89.
21.91000, 109.
21.92000, 95.
21.93000, 100.
21.94000, 89.
21.95000, 91.
21.96000, 90.
21.97000, 93.
21.98000, 88.
21.99000, 106.
22.00000, 96.
22.01000, 81.
22.02000, 85.
22.03000, 97.
22.04000, 74.
22.05000, 88.
22.06000, 83.
22.07000, 94.
22.08000, 83.
22.09000, 89.
22.10000, 74.
22.11000, 85.
22.12000, 85.
22.13000, 97.
22.14000, 88.
22.15000, 95.
22.16000, 83.
22.17000, 84.
22.18000, 87.
22.19000, 69.
22.20000, 90.
22.21000, 82.
22.22000, 89.
22.23000, 89.
22.24000, 85.
22.25000, 67.
22.26000, 65.
22.27000, 73.
22.28000, 64.
22.29000, 73.
22.30000, 76.
22.31000, 81.
22.32000, 61.
22.33000, 82.
22.34000, 71.
22.35000, 81.
22.36000, 67.
22.37000, 76.
22.38000, 87.
22.39000, 76.
22.40000, 79.
22.41000, 87.
22.42000, 73.
22.43000, 72.
22.44000, 87.
22.45000, 80.
22.46000, 82.
22.47000, 91.
22.48000, 78.
22.49000, 90.
22.50000, 79.
22.51000, 96.
22.52000, 98.
22.53000, 110.
22.54000, 95.
22.55000, 101.
22.56000, 108.
22.57000, 117.
22.58000, 93.
22.59000, 127.
22.60000, 128.
22.61000, 113.
22.62000, 120.
22.63000, 129.
22.64000, 133.
22.65000, 126.
22.66000, 134.
22.67000, 130.
22.68000, 126.
22.69000, 152.
22.70000, 142.
22.71000, 144.
22.72000, 140.
22.73000, 141.
22.74000, 118.
22.75000, 125.
22.76000, 108.
22.77000, 122.
22.78000, 93.
22.79000, 90.
22.80000, 96.
22.81000, 103.
22.82000, 94.
22.83000, 91.
22.84000, 82.
22.85000, 95.
22.86000, 94.
22.87000, 71.
22.88000, 84.
22.89000, 80.
22.90000, 54.
22.91000, 65.
22.92000, 63.
22.93000, 53.
22.94000, 63.
22.95000, 70.
22.96000, 84.
22.97000, 77.
22.98000, 67.
22.99000, 83.
23.00000, 70.
23.01000, 73.
23.02000, 68.
23.03000, 79.
23.04000, 81.
23.05000, 61.
23.06000, 88.
23.07000, 71.
23.08000, 86.
23.09000, 89.
23.10000, 74.
23.11000, 83.
23.12000, 85.
23.13000, 74.
23.14000, 88.
23.15000, 80.
23.16000, 65.
23.17000, 90.
23.18000, 70.
23.19000, 73.
23.20000, 72.
23.21000, 66.
23.22000, 84.
23.23000, 79.
23.24000, 76.
23.25000, 79.
23.26000, 66.
23.27000, 58.
23.28000, 73.
23.29000, 60.
23.30000, 60.
23.31000, 78.
23.32000, 58.
23.33000, 71.
23.34000, 78.
23.35000, 76.
23.36000, 72.
23.37000, 51.
23.38000, 50.
23.39000, 59.
23.40000, 57.
23.41000, 66.
23.42000, 66.
23.43000, 49.
23.44000, 54.
23.45000, 56.
23.46000, 63.
23.47000, 72.
23.48000, 44.
23.49000, 73.
23.50000, 68.
23.51000, 55.
23.52000, 56.
23.53000, 61.
23.54000, 62.
23.55000, 55.
23.56000, 63.
23.57000, 57.
23.58000, 58.
23.59000, 65.
23.60000, 54.
23.61000, 74.
23.62000, 67.
23.63000, 63.
23.64000, 77.
23.65000, 65.
23.66000, 68.
23.67000, 55.
23.68000, 68.
23.69000, 68.
23.70000, 62.
23.71000, 65.
23.72000, 65.
23.73000, 66.
23.74000, 54.
23.75000, 58.
23.76000, 57.
23.77000, 75.
23.78000, 53.
23.79000, 64.
23.80000, 62.
23.81000, 65.
23.82000, 77.
23.83000, 54.
23.84000, 66.
23.85000, 56.
23.86000, 54.
23.87000, 53.
23.88000, 49.
23.89000, 75.
23.90000, 56.
23.91000, 66.
23.92000, 56.
23.93000, 58.
23.94000, 69.
23.95000, 60.
23.96000, 64.
23.97000, 66.
23.98000, 59.
23.99000, 68.
24.00000, 61.
24.01000, 48.
24.02000, 76.
24.03000, 62.
24.04000, 55.
24.05000, 65.
24.06000, 70.
24.07000, 51.
24.08000, 59.
24.09000, 51.
24.10000, 55.
24.11000, 71.
24.12000, 86.
24.13000, 67.
24.14000, 63.
24.15000, 69.
24.16000, 46.
24.17000, 55.
24.18000, 58.
24.19000, 49.
24.20000, 58.
24.21000, 69.
24.22000, 60.
24.23000, 50.
24.24000, 69.
24.25000, 62.
24.26000, 58.
24.27000, 67.
24.28000, 62.
24.29000, 51.
24.30000, 64.
24.31000, 77.
24.32000, 59.
24.33000, 51.
24.34000, 80.
24.35000, 63.
24.36000, 53.
24.37000, 60.
24.38000, 62.
24.39000, 46.
24.40000, 65.
24.41000, 70.
24.42000, 61.
24.43000, 58.
24.44000, 51.
24.45000, 65.
24.46000, 61.
24.47000, 65.
24.48000, 67.
24.49000, 64.
24.50000, 56.
24.51000, 54.
24.52000, 51.
24.53000, 69.
24.54000, 52.
24.55000, 53.
24.56000, 65.
24.57000, 35.
24.58000, 70.
24.59000, 62.
24.60000, 61.
24.61000, 45.
24.62000, 54.
24.63000, 53.
24.64000, 57.
24.65000, 50.
24.66000, 53.
24.67000, 58.
24.68000, 48.
24.69000, 65.
24.70000, 61.
24.71000, 69.
24.72000, 66.
24.73000, 62.
24.74000, 56.
24.75000, 68.
24.76000, 64.
24.77000, 58.
24.78000, 50.
24.79000, 58.
24.80000, 73.
24.81000, 56.
24.82000, 60.
24.83000, 65.
24.84000, 63.
24.85000, 54.
24.86000, 54.
24.87000, 64.
24.88000, 56.
24.89000, 56.
24.90000, 72.
24.91000, 65.
24.92000, 69.
24.93000, 53.
24.94000, 56.
24.95000, 64.
24.96000, 54.
24.97000, 58.
24.98000, 64.
24.99000, 58.
25.00000, 71.
25.01000, 60.
25.02000, 68.
25.03000, 64.
25.04000, 81.
25.05000, 76.
25.06000, 55.
25.07000, 65.
25.08000, 63.
25.09000, 62.
25.10000, 60.
25.11000, 79.
25.12000, 60.
25.13000, 74.
25.14000, 67.
25.15000, 68.
25.16000, 58.
25.17000, 62.
25.18000, 75.
25.19000, 48.
25.20000, 70.
25.21000, 67.
25.22000, 67.
25.23000, 52.
25.24000, 56.
25.25000, 70.
25.26000, 77.
25.27000, 56.
25.28000, 69.
25.29000, 62.
25.30000, 55.
25.31000, 81.
25.32000, 54.
25.33000, 62.
25.34000, 70.
25.35000, 69.
25.36000, 59.
25.37000, 62.
25.38000, 59.
25.39000, 53.
25.40000, 50.
25.41000, 66.
25.42000, 48.
25.43000, 63.
25.44000, 55.
25.45000, 54.
25.46000, 59.
25.47000, 56.
25.48000, 52.
25.49000, 60.
25.50000, 69.
25.51000, 57.
25.52000, 60.
25.53000, 55.
25.54000, 46.
25.55000, 59.
25.56000, 56.
25.57000, 47.
25.58000, 48.
25.59000, 67.
25.60000, 57.
25.61000, 82.
25.62000, 63.
25.63000, 53.
25.64000, 58.
25.65000, 56.
25.66000, 61.
25.67000, 56.
25.68000, 51.
25.69000, 64.
25.70000, 58.
25.71000, 55.
25.72000, 48.
25.73000, 52.
25.74000, 56.
25.75000, 50.
25.76000, 62.
25.77000, 55.
25.78000, 51.
25.79000, 47.
25.80000, 54.
25.81000, 51.
25.82000, 57.
25.83000, 55.
25.84000, 45.
25.85000, 39.
25.86000, 61.
25.87000, 47.
25.88000, 59.
25.89000, 45.
25.90000, 56.
25.91000, 52.
25.92000, 40.
25.93000, 43.
25.94000, 56.
25.95000, 59.
25.96000, 58.
25.97000, 44.
25.98000, 57.
25.99000, 49.
26.00000, 49.
26.01000, 46.
26.02000, 47.
26.03000, 55.
26.04000, 50.
26.05000, 52.
26.06000, 46.
26.07000, 59.
26.08000, 40.
26.09000, 36.
26.10000, 41.
26.11000, 63.
26.12000, 43.
26.13000, 55.
26.14000, 51.
26.15000, 65.
26.16000, 47.
26.17000, 48.
26.18000, 57.
26.19000, 60.
26.20000, 49.
26.21000, 59.
26.22000, 57.
26.23000, 51.
26.24000, 61.
26.25000, 63.
26.26000, 47.
26.27000, 55.
26.28000, 58.
26.29000, 42.
26.30000, 44.
26.31000, 47.
26.32000, 42.
26.33000, 37.
26.34000, 55.
26.35000, 47.
26.36000, 50.
26.37000, 64.
26.38000, 48.
26.39000, 48.
26.40000, 48.
26.41000, 54.
26.42000, 37.
26.43000, 39.
26.44000, 48.
26.45000, 58.
26.46000, 59.
26.47000, 47.
26.48000, 51.
26.49000, 52.
26.50000, 53.
26.51000, 48.
26.52000, 55.
26.53000, 53.
26.54000, 53.
26.55000, 46.
26.56000, 60.
26.57000, 56.
26.58000, 55.
26.59000, 41.
26.60000, 39.
26.61000, 59.
26.62000, 43.
26.63000, 45.
26.64000, 56.
26.65000, 55.
26.66000, 45.
26.67000, 56.
26.68000, 44.
26.69000, 60.
26.70000, 59.
26.71000, 56.
26.72000, 50.
26.73000, 50.
26.74000, 44.
26.75000, 49.
26.76000, 48.
26.77000, 45.
26.78000, 38.
26.79000, 55.
26.80000, 53.
26.81000, 40.
26.82000, 44.
26.83000, 47.
26.84000, 59.
26.85000, 51.
26.86000, 47.
26.87000, 48.
26.88000, 50.
26.89000, 43.
26.90000, 45.
26.91000, 41.
26.92000, 47.
26.93000, 48.
26.94000, 55.
26.95000, 40.
26.96000, 48.
26.97000, 53.
26.98000, 48.
26.99000, 35.
27.00000, 44.
27.01000, 35.
27.02000, 40.
27.03000, 54.
27.04000, 42.
27.05000, 41.
27.06000, 46.
27.07000, 46.
27.08000, 56.
27.09000, 52.
27.10000, 48.
27.11000, 50.
27.12000, 51.
27.13000, 40.
27.14000, 44.
27.15000, 43.
27.16000, 45.
27.17000, 49.
27.18000, 47.
27.19000, 41.
27.20000, 45.
27.21000, 44.
27.22000, 48.
27.23000, 51.
27.24000, 53.
27.25000, 42.
27.26000, 51.
27.27000, 45.
27.28000, 45.
27.29000, 48.
27.30000, 50.
27.31000, 45.
27.32000, 44.
27.33000, 34.
27.34000, 35.
27.35000, 57.
27.36000, 42.
27.37000, 44.
27.38000, 46.
27.39000, 43.
27.40000, 53.
27.41000, 47.
27.42000, 60.
27.43000, 49.
27.44000, 51.
27.45000, 58.
27.46000, 40.
27.47000, 56.
27.48000, 47.
27.49000, 45.
27.50000, 50.
27.51000, 49.
27.52000, 46.
27.53000, 50.
27.54000, 47.
27.55000, 42.
27.56000, 36.
27.57000, 47.
27.58000, 52.
27.59000, 51.
27.60000, 32.
27.61000, 58.
27.62000, 42.
27.63000, 37.
27.64000, 55.
27.65000, 47.
27.66000, 49.
27.67000, 39.
27.68000, 52.
27.69000, 41.
27.70000, 49.
27.71000, 44.
27.72000, 40.
27.73000, 39.
27.74000, 56.
27.75000, 52.
27.76000, 47.
27.77000, 28.
27.78000, 45.
27.79000, 37.
27.80000, 43.
27.81000, 35.
27.82000, 33.
27.83000, 41.
27.84000, 40.
27.85000, 39.
27.86000, 47.
27.87000, 52.
27.88000, 47.
27.89000, 35.
27.90000, 46.
27.91000, 47.
27.92000, 31.
27.93000, 41.
27.94000, 34.
27.95000, 37.
27.96000, 48.
27.97000, 43.
27.98000, 45.
27.99000, 33.
28.00000, 36.
28.01000, 27.
28.02000, 40.
28.03000, 51.
28.04000, 42.
28.05000, 49.
28.06000, 37.
28.07000, 42.
28.08000, 39.
28.09000, 32.
28.10000, 37.
28.11000, 36.
28.12000, 38.
28.13000, 45.
28.14000, 45.
28.15000, 47.
28.16000, 35.
28.17000, 37.
28.18000, 42.
28.19000, 33.
28.20000, 41.
28.21000, 56.
28.22000, 33.
28.23000, 51.
28.24000, 36.
28.25000, 46.
28.26000, 35.
28.27000, 37.
28.28000, 36.
28.29000, 35.
28.30000, 32.
28.31000, 46.
28.32000, 35.
28.33000, 46.
28.34000, 33.
28.35000, 44.
28.36000, 37.
28.37000, 38.
28.38000, 54.
28.39000, 47.
28.40000, 50.
28.41000, 44.
28.42000, 38.
28.43000, 47.
28.44000, 31.
28.45000, 39.
28.46000, 39.
28.47000, 44.
28.48000, 34.
28.49000, 46.
28.50000, 39.
28.51000, 33.
28.52000, 44.
28.53000, 49.
28.54000, 40.
28.55000, 30.
28.56000, 42.
28.57000, 36.
28.58000, 51.
28.59000, 27.
28.60000, 53.
28.61000, 34.
28.62000, 45.
28.63000, 41.
28.64000, 45.
28.65000, 46.
28.66000, 39.
28.67000, 35.
28.68000, 39.
28.69000, 47.
28.70000, 49.
28.71000, 42.
28.72000, 43.
28.73000, 44.
28.74000, 35.
28.75000, 44.
28.76000, 44.
28.77000, 45.
28.78000, 31.
28.79000, 38.
28.80000, 40.
28.81000, 37.
28.82000, 34.
28.83000, 53.
28.84000, 41.
28.85000, 47.
28.86000, 36.
28.87000, 51.
28.88000, 29.
28.89000, 45.
28.90000, 48.
28.91000, 31.
28.92000, 38.
28.93000, 45.
28.94000, 33.
28.95000, 24.
28.96000, 47.
28.97000, 37.
28.98000, 40.
28.99000, 32.
29.00000, 45.
29.01000, 38.
29.02000, 45.
29.03000, 35.
29.04000, 32.
29.05000, 38.
29.06000, 27.
29.07000, 55.
29.08000, 40.
29.09000, 37.
29.10000, 35.
29.11000, 30.
29.12000, 47.
29.13000, 43.
29.14000, 36.
29.15000, 39.
29.16000, 37.
29.17000, 36.
29.18000, 46.
29.19000, 36.
29.20000, 38.
29.21000, 36.
29.22000, 31.
29.23000, 38.
29.24000, 30.
29.25000, 36.
29.26000, 32.
29.27000, 36.
29.28000, 54.
29.29000, 37.
29.30000, 38.
29.31000, 30.
29.32000, 44.
29.33000, 33.
29.34000, 38.
29.35000, 31.
29.36000, 41.
29.37000, 41.
29.38000, 36.
29.39000, 36.
29.40000, 40.
29.41000, 32.
29.42000, 41.
29.43000, 34.
29.44000, 35.
29.45000, 36.
29.46000, 39.
29.47000, 34.
29.48000, 14.
29.49000, 30.
29.50000, 33.
29.51000, 33.
29.52000, 32.
29.53000, 39.
29.54000, 35.
29.55000, 38.
29.56000, 38.
29.57000, 44.
29.58000, 44.
29.59000, 40.
29.60000, 48.
29.61000, 41.
29.62000, 39.
29.63000, 39.
29.64000, 42.
29.65000, 41.
29.66000, 40.
29.67000, 30.
29.68000, 42.
29.69000, 43.
29.70000, 34.
29.71000, 37.
29.72000, 27.
29.73000, 42.
29.74000, 34.
29.75000, 37.
29.76000, 31.
29.77000, 43.
29.78000, 35.
29.79000, 27.
29.80000, 28.
29.81000, 39.
29.82000, 44.
29.83000, 38.
29.84000, 36.
29.85000, 29.
29.86000, 53.
29.87000, 25.
29.88000, 38.
29.89000, 31.
29.90000, 43.
29.91000, 38.
29.92000, 37.
29.93000, 39.
29.94000, 29.
29.95000, 26.
29.96000, 38.
29.97000, 36.
29.98000, 23.
29.99000, 22.
30.00000, 32.
30.01000, 29.
30.02000, 32.
30.03000, 36.
30.04000, 36.
30.05000, 45.
30.06000, 34.
30.07000, 35.
30.08000, 33.
30.09000, 35.
30.10000, 45.
30.11000, 33.
30.12000, 34.
30.13000, 28.
30.14000, 30.
30.15000, 36.
30.16000, 38.
30.17000, 44.
30.18000, 33.
30.19000, 26.
30.20000, 28.
30.21000, 26.
30.22000, 30.
30.23000, 31.
30.24000, 35.
30.25000, 34.
30.26000, 35.
30.27000, 29.
30.28000, 42.
30.29000, 35.
30.30000, 27.
30.31000, 31.
30.32000, 38.
30.33000, 34.
30.34000, 39.
30.35000, 28.
30.36000, 30.
30.37000, 16.
30.38000, 31.
30.39000, 35.
30.40000, 40.
30.41000, 34.
30.42000, 23.
30.43000, 29.
30.44000, 36.
30.45000, 30.
30.46000, 35.
30.47000, 35.
30.48000, 46.
30.49000, 44.
30.50000, 26.
30.51000, 35.
30.52000, 27.
30.53000, 33.
30.54000, 35.
30.55000, 38.
30.56000, 20.
30.57000, 29.
30.58000, 34.
30.59000, 33.
30.60000, 24.
30.61000, 43.
30.62000, 27.
30.63000, 30.
30.64000, 37.
30.65000, 29.
30.66000, 28.
30.67000, 21.
30.68000, 28.
30.69000, 25.
30.70000, 32.
30.71000, 26.
30.72000, 33.
30.73000, 32.
30.74000, 37.
30.75000, 27.
30.76000, 35.
30.77000, 33.
30.78000, 30.
30.79000, 33.
30.80000, 30.
30.81000, 35.
30.82000, 39.
30.83000, 32.
30.84000, 28.
30.85000, 32.
30.86000, 35.
30.87000, 31.
30.88000, 33.
30.89000, 28.
30.90000, 34.
30.91000, 34.
30.92000, 31.
30.93000, 38.
30.94000, 28.
30.95000, 28.
30.96000, 34.
30.97000, 31.
30.98000, 29.
30.99000, 22.
31.00000, 25.
31.01000, 38.
31.02000, 35.
31.03000, 34.
31.04000, 26.
31.05000, 33.
31.06000, 29.
31.07000, 28.
31.08000, 32.
31.09000, 25.
31.10000, 33.
31.11000, 21.
31.12000, 33.
31.13000, 25.
31.14000, 30.
31.15000, 27.
31.16000, 30.
31.17000, 31.
31.18000, 26.
31.19000, 25.
31.20000, 30.
31.21000, 30.
31.22000, 32.
31.23000, 26.
31.24000, 28.
31.25000, 21.
31.26000, 29.
31.27000, 25.
31.28000, 34.
31.29000, 27.
31.30000, 28.
31.31000, 21.
31.32000, 37.
31.33000, 31.
31.34000, 19.
31.35000, 24.
31.36000, 27.
31.37000, 28.
31.38000, 31.
31.39000, 31.
31.40000, 28.
31.41000, 26.
31.42000, 26.
31.43000, 23.
31.44000, 24.
31.45000, 34.
31.46000, 38.
31.47000, 31.
31.48000, 38.
31.49000, 28.
31.50000, 27.
31.51000, 33.
31.52000, 33.
31.53000, 24.
31.54000, 29.
31.55000, 14.
31.56000, 26.
31.57000, 31.
31.58000, 32.
31.59000, 29.
31.60000, 27.
31.61000, 26.
31.62000, 22.
31.63000, 26.
31.64000, 30.
31.65000, 24.
31.66000, 28.
31.67000, 24.
31.68000, 40.
31.69000, 29.
31.70000, 25.
31.71000, 30.
31.72000, 30.
31.73000, 40.
31.74000, 26.
31.75000, 28.
31.76000, 26.
31.77000, 30.
31.78000, 30.
31.79000, 35.
31.80000, 46.
31.81000, 24.
31.82000, 34.
31.83000, 30.
31.84000, 27.
31.85000, 22.
31.86000, 31.
31.87000, 28.
31.88000, 36.
31.89000, 32.
31.90000, 21.
31.91000, 23.
31.92000, 27.
31.93000, 20.
31.94000, 31.
31.95000, 22.
31.96000, 19.
31.97000, 23.
31.98000, 32.
31.99000, 22.
32.00000, 22.
32.01000, 27.
32.02000, 15.
32.03000, 32.
32.04000, 29.
32.05000, 33.
32.06000, 30.
32.07000, 24.
32.08000, 41.
32.09000, 41.
32.10000, 40.
32.11000, 41.
32.12000, 30.
32.13000, 23.
32.14000, 28.
32.15000, 23.
32.16000, 30.
32.17000, 16.
32.18000, 29.
32.19000, 35.
32.20000, 35.
32.21000, 28.
32.22000, 32.
32.23000, 20.
32.24000, 23.
32.25000, 33.
32.26000, 21.
32.27000, 35.
32.28000, 18.
32.29000, 26.
32.30000, 28.
32.31000, 28.
32.32000, 20.
32.33000, 30.
32.34000, 20.
32.35000, 21.
32.36000, 25.
32.37000, 28.
32.38000, 23.
32.39000, 22.
32.40000, 33.
32.41000, 24.
32.42000, 25.
32.43000, 20.
32.44000, 21.
32.45000, 24.
32.46000, 30.
32.47000, 28.
32.48000, 20.
32.49000, 26.
32.50000, 28.
32.51000, 32.
32.52000, 28.
32.53000, 23.
32.54000, 26.
32.55000, 28.
32.56000, 21.
32.57000, 23.
32.58000, 25.
32.59000, 19.
32.60000, 33.
32.61000, 18.
32.62000, 26.
32.63000, 24.
32.64000, 19.
32.65000, 23.
32.66000, 30.
32.67000, 16.
32.68000, 24.
32.69000, 31.
32.70000, 23.
32.71000, 26.
32.72000, 30.
32.73000, 20.
32.74000, 19.
32.75000, 19.
32.76000, 27.
32.77000, 19.
32.78000, 19.
32.79000, 20.
32.80000, 17.
32.81000, 28.
32.82000, 19.
32.83000, 22.
32.84000, 34.
32.85000, 34.
32.86000, 26.
32.87000, 26.
32.88000, 25.
32.89000, 28.
32.90000, 26.
32.91000, 14.
32.92000, 33.
32.93000, 29.
32.94000, 24.
32.95000, 30.
32.96000, 15.
32.97000, 20.
32.98000, 18.
32.99000, 22.
33.00000, 21.
33.01000, 33.
33.02000, 21.
33.03000, 14.
33.04000, 23.
33.05000, 28.
33.06000, 18.
33.07000, 21.
33.08000, 25.
33.09000, 21.
33.10000, 25.
33.11000, 17.
33.12000, 19.
33.13000, 19.
33.14000, 24.
33.15000, 20.
33.16000, 21.
33.17000, 21.
33.18000, 28.
33.19000, 26.
33.20000, 19.
33.21000, 33.
33.22000, 25.
33.23000, 25.
33.24000, 16.
33.25000, 19.
33.26000, 17.
33.27000, 19.
33.28000, 18.
33.29000, 17.
33.30000, 22.
33.31000, 25.
33.32000, 24.
33.33000, 30.
33.34000, 15.
33.35000, 19.
33.36000, 27.
33.37000, 24.
33.38000, 24.
33.39000, 21.
33.40000, 22.
33.41000, 25.
33.42000, 29.
33.43000, 27.
33.44000, 18.
33.45000, 17.
33.46000, 13.
33.47000, 23.
33.48000, 16.
33.49000, 18.
33.50000, 11.
33.51000, 22.
33.52000, 18.
33.53000, 29.
33.54000, 30.
33.55000, 20.
33.56000, 24.
33.57000, 19.
33.58000, 15.
33.59000, 18.
33.60000, 16.
33.61000, 24.
33.62000, 17.
33.63000, 21.
33.64000, 21.
33.65000, 21.
33.66000, 15.
33.67000, 18.
33.68000, 18.
33.69000, 23.
33.70000, 34.
33.71000, 19.
33.72000, 16.
33.73000, 18.
33.74000, 20.
33.75000, 20.
33.76000, 22.
33.77000, 22.
33.78000, 25.
33.79000, 21.
33.80000, 13.
33.81000, 18.
33.82000, 15.
33.83000, 19.
33.84000, 26.
33.85000, 23.
33.86000, 30.
33.87000, 18.
33.88000, 14.
33.89000, 28.
33.90000, 17.
33.91000, 13.
33.92000, 19.
33.93000, 26.
33.94000, 20.
33.95000, 15.
33.96000, 14.
33.97000, 25.
33.98000, 20.
33.99000, 23.
34.00000, 16.
34.01000, 17.
34.02000, 22.
34.03000, 20.
34.04000, 20.
34.05000, 20.
34.06000, 24.
34.07000, 17.
34.08000, 12.
34.09000, 20.
34.10000, 20.
34.11000, 30.
34.12000, 19.
34.13000, 23.
34.14000, 17.
34.15000, 22.
34.16000, 19.
34.17000, 20.
34.18000, 10.
34.19000, 14.
34.20000, 16.
34.21000, 18.
34.22000, 10.
34.23000, 18.
34.24000, 22.
34.25000, 20.
34.26000, 19.
34.27000, 17.
34.28000, 16.
34.29000, 20.
34.30000, 14.
34.31000, 21.
34.32000, 27.
34.33000, 16.
34.34000, 14.
34.35000, 16.
34.36000, 13.
34.37000, 23.
34.38000, 19.
34.39000, 19.
34.40000, 8.
34.41000, 18.
34.42000, 19.
34.43000, 25.
34.44000, 15.
34.45000, 20.
34.46000, 22.
34.47000, 15.
34.48000, 16.
34.49000, 16.
34.50000, 15.
34.51000, 16.
34.52000, 14.
34.53000, 25.
34.54000, 24.
34.55000, 24.
34.56000, 11.
34.57000, 22.
34.58000, 13.
34.59000, 17.
34.60000, 20.
34.61000, 10.
34.62000, 17.
34.63000, 14.
34.64000, 17.
34.65000, 16.
34.66000, 14.
34.67000, 19.
34.68000, 24.
34.69000, 21.
34.70000, 26.
34.71000, 18.
34.72000, 19.
34.73000, 16.
34.74000, 13.
34.75000, 19.
34.76000, 16.
34.77000, 24.
34.78000, 16.
34.79000, 18.
34.80000, 15.
34.81000, 16.
34.82000, 13.
34.83000, 18.
34.84000, 15.
34.85000, 18.
34.86000, 11.
34.87000, 15.
34.88000, 17.
34.89000, 10.
34.90000, 19.
34.91000, 15.
34.92000, 21.
34.93000, 15.
34.94000, 17.
34.95000, 12.
34.96000, 20.
34.97000, 11.
34.98000, 11.
34.99000, 16.
35.00000, 21.
35.01000, 18.
35.02000, 14.
35.03000, 17.
35.04000, 16.
35.05000, 16.
35.06000, 20.
35.07000, 8.
35.08000, 11.
35.09000, 11.
35.10000, 13.
35.11000, 18.
35.12000, 12.
35.13000, 21.
35.14000, 17.
35.15000, 13.
35.16000, 15.
35.17000, 21.
35.18000, 21.
35.19000, 14.
35.20000, 14.
35.21000, 14.
35.22000, 14.
35.23000, 16.
35.24000, 10.
35.25000, 15.
35.26000, 17.
35.27000, 19.
35.28000, 16.
35.29000, 18.
35.30000, 14.
35.31000, 11.
35.32000, 17.
35.33000, 23.
35.34000, 14.
35.35000, 14.
35.36000, 12.
35.37000, 14.
35.38000, 22.
35.39000, 16.
35.40000, 15.
35.41000, 11.
35.42000, 12.
35.43000, 16.
35.44000, 13.
35.45000, 26.
35.46000, 14.
35.47000, 13.
35.48000, 11.
35.49000, 15.
35.50000, 21.
35.51000, 19.
35.52000, 14.
35.53000, 15.
35.54000, 26.
35.55000, 10.
35.56000, 13.
35.57000, 14.
35.58000, 15.
35.59000, 18.
35.60000, 25.
35.61000, 22.
35.62000, 11.
35.63000, 13.
35.64000, 10.
35.65000, 20.
35.66000, 12.
35.67000, 9.
35.68000, 19.
35.69000, 16.
35.70000, 17.
35.71000, 14.
35.72000, 12.
35.73000, 11.
35.74000, 16.
35.75000, 15.
35.76000, 12.
35.77000, 11.
35.78000, 13.
35.79000, 14.
35.80000, 19.
35.81000, 17.
35.82000, 13.
35.83000, 5.
35.84000, 25.
35.85000, 13.
35.86000, 18.
35.87000, 20.
35.88000, 16.
35.89000, 12.
35.90000, 11.
35.91000, 16.
35.92000, 15.
35.93000, 16.
35.94000, 10.
35.95000, 20.
35.96000, 12.
35.97000, 14.
35.98000, 11.
35.99000, 19.
36.00000, 16.
36.01000, 8.
36.02000, 17.
36.03000, 15.
36.04000, 16.
36.05000, 8.
36.06000, 20.
36.07000, 14.
36.08000, 14.
36.09000, 13.
36.10000, 10.
36.11000, 13.
36.12000, 11.
36.13000, 11.
36.14000, 14.
36.15000, 20.
36.16000, 13.
36.17000, 16.
36.18000, 14.
36.19000, 11.
36.20000, 13.
36.21000, 17.
36.22000, 21.
36.23000, 12.
36.24000, 18.
36.25000, 7.
36.26000, 20.
36.27000, 10.
36.28000, 27.
36.29000, 17.
36.30000, 15.
36.31000, 19.
36.32000, 14.
36.33000, 13.
36.34000, 12.
36.35000, 10.
36.36000, 11.
36.37000, 9.
36.38000, 13.
36.39000, 17.
36.40000, 15.
36.41000, 11.
36.42000, 16.
36.43000, 13.
36.44000, 14.
36.45000, 10.
36.46000, 16.
36.47000, 13.
36.48000, 10.
36.49000, 8.
36.50000, 10.
36.51000, 15.
36.52000, 7.
36.53000, 21.
36.54000, 12.
36.55000, 21.
36.56000, 10.
36.57000, 14.
36.58000, 10.
36.59000, 12.
36.60000, 13.
36.61000, 10.
36.62000, 10.
36.63000, 15.
36.64000, 9.
36.65000, 10.
36.66000, 11.
36.67000, 15.
36.68000, 15.
36.69000, 8.
36.70000, 10.
36.71000, 11.
36.72000, 16.
36.73000, 10.
36.74000, 16.
36.75000, 10.
36.76000, 14.
36.77000, 8.
36.78000, 19.
36.79000, 5.
36.80000, 14.
36.81000, 18.
36.82000, 10.
36.83000, 10.
36.84000, 7.
36.85000, 11.
36.86000, 6.
36.87000, 9.
36.88000, 13.
36.89000, 9.
36.90000, 15.
36.91000, 8.
36.92000, 8.
36.93000, 12.
36.94000, 12.
36.95000, 8.
36.96000, 7.
36.97000, 7.
36.98000, 7.
36.99000, 12.
37.00000, 11.
37.01000, 8.
37.02000, 6.
37.03000, 10.
37.04000, 10.
37.05000, 13.
37.06000, 8.
37.07000, 10.
37.08000, 15.
37.09000, 10.
37.10000, 15.
37.11000, 13.
37.12000, 12.
37.13000, 8.
37.14000, 11.
37.15000, 13.
37.16000, 7.
37.17000, 9.
37.18000, 18.
37.19000, 10.
37.20000, 5.
37.21000, 6.
37.22000, 11.
37.23000, 13.
37.24000, 12.
37.25000, 13.
37.26000, 14.
37.27000, 9.
37.28000, 7.
37.29000, 16.
37.30000, 14.
37.31000, 10.
37.32000, 12.
37.33000, 10.
37.34000, 8.
37.35000, 9.
37.36000, 12.
37.37000, 14.
37.38000, 17.
37.39000, 14.
37.40000, 11.
37.41000, 12.
37.42000, 10.
37.43000, 11.
37.44000, 8.
37.45000, 8.
37.46000, 12.
37.47000, 7.
37.48000, 13.
37.49000, 9.
37.50000, 12.
37.51000, 12.
37.52000, 12.
37.53000, 10.
37.54000, 18.
37.55000, 7.
37.56000, 15.
37.57000, 7.
37.58000, 12.
37.59000, 8.
37.60000, 13.
37.61000, 14.
37.62000, 11.
37.63000, 6.
37.64000, 9.
37.65000, 12.
37.66000, 12.
37.67000, 11.
37.68000, 8.
37.69000, 16.
37.70000, 13.
37.71000, 13.
37.72000, 18.
37.73000, 13.
37.74000, 10.
37.75000, 8.
37.76000, 15.
37.77000, 5.
37.78000, 12.
37.79000, 12.
37.80000, 8.
37.81000, 11.
37.82000, 9.
37.83000, 16.
37.84000, 9.
37.85000, 9.
37.86000, 7.
37.87000, 2.
37.88000, 14.
37.89000, 10.
37.90000, 17.
37.91000, 3.
37.92000, 11.
37.93000, 13.
37.94000, 10.
37.95000, 10.
37.96000, 6.
37.97000, 4.
37.98000, 11.
37.99000, 3.
38.00000, 6.
38.01000, 13.
38.02000, 4.
38.03000, 8.
38.04000, 10.
38.05000, 12.
38.06000, 6.
38.07000, 5.
38.08000, 8.
38.09000, 13.
38.10000, 13.
38.11000, 11.
38.12000, 11.
38.13000, 9.
38.14000, 3.
38.15000, 9.
38.16000, 11.
38.17000, 11.
38.18000, 9.
38.19000, 5.
38.20000, 9.
38.21000, 5.
38.22000, 11.
38.23000, 9.
38.24000, 6.
38.25000, 14.
38.26000, 6.
38.27000, 7.
38.28000, 11.
38.29000, 7.
38.30000, 4.
38.31000, 12.
38.32000, 9.
38.33000, 9.
38.34000, 11.
38.35000, 3.
38.36000, 7.
38.37000, 7.
38.38000, 8.
38.39000, 6.
38.40000, 9.
38.41000, 6.
38.42000, 10.
38.43000, 7.
38.44000, 5.
38.45000, 4.
38.46000, 7.
38.47000, 10.
38.48000, 8.
38.49000, 9.
38.50000, 10.
38.51000, 7.
38.52000, 9.
38.53000, 10.
38.54000, 8.
38.55000, 8.
38.56000, 10.
38.57000, 10.
38.58000, 9.
38.59000, 9.
38.60000, 7.
38.61000, 8.
38.62000, 9.
38.63000, 8.
38.64000, 11.
38.65000, 5.
38.66000, 7.
38.67000, 9.
38.68000, 8.
38.69000, 7.
38.70000, 7.
38.71000, 7.
38.72000, 6.
38.73000, 12.
38.74000, 9.
38.75000, 11.
38.76000, 9.
38.77000, 4.
38.78000, 9.
38.79000, 6.
38.80000, 8.
38.81000, 3.
38.82000, 9.
38.83000, 10.
38.84000, 4.
38.85000, 8.
38.86000, 9.
38.87000, 6.
38.88000, 6.
38.89000, 4.
38.90000, 4.
38.91000, 6.
38.92000, 5.
38.93000, 7.
38.94000, 2.
38.95000, 5.
38.96000, 8.
38.97000, 4.
38.98000, 8.
38.99000, 6.
39.00000, 11.
39.01000, 3.
39.02000, 3.
39.03000, 5.
39.04000, 8.
39.05000, 3.
39.06000, 9.
39.07000, 4.
39.08000, 10.
39.09000, 10.
39.10000, 10.
39.11000, 6.
39.12000, 6.
39.13000, 1.
39.14000, 6.
39.15000, 9.
39.16000, 5.
39.17000, 7.
39.18000, 8.
39.19000, 6.
39.20000, 9.
39.21000, 6.
39.22000, 4.
39.23000, 6.
39.24000, 5.
39.25000, 3.
39.26000, 4.
39.27000, 7.
39.28000, 8.
39.29000, 6.
39.30000, 4.
39.31000, 7.
39.32000, 4.
39.33000, 6.
39.34000, 11.
39.35000, 6.
39.36000, 9.
39.37000, 4.
39.38000, 4.
39.39000, 5.
39.40000, 5.
39.41000, 12.
39.42000, 11.
39.43000, 7.
39.44000, 10.
39.45000, 7.
39.46000, 3.
39.47000, 4.
39.48000, 8.
39.49000, 6.
39.50000, 8.
39.51000, 7.
39.52000, 10.
39.53000, 6.
39.54000, 5.
39.55000, 3.
39.56000, 6.
39.57000, 7.
39.58000, 6.
39.59000, 9.
39.60000, 5.
39.61000, 10.
39.62000, 8.
39.63000, 6.
39.64000, 4.
39.65000, 8.
39.66000, 4.
39.67000, 8.
39.68000, 2.
39.69000, 6.
39.70000, 3.
39.71000, 8.
39.72000, 4.
39.73000, 2.
39.74000, 5.
39.75000, 6.
39.76000, 3.
39.77000, 5.
39.78000, 2.
39.79000, 3.
39.80000, 5.
39.81000, 4.
39.82000, 6.
39.83000, 5.
39.84000, 6.
39.85000, 7.
39.86000, 4.
39.87000, 4.
39.88000, 5.
39.89000, 5.
39.90000, 12.
39.91000, 4.
39.92000, 2.
39.93000, 1.
39.94000, 5.
39.95000, 0.
39.96000, 4.
39.97000, 2.
39.98000, 5.
39.99000, 2.
40.00000, 7.
40.01000, 7.
40.02000, 3.
40.03000, 3.
40.04000, 5.
40.05000, 4.
40.06000, 3.
40.07000, 3.
40.08000, 4.
40.09000, 5.
40.10000, 4.
40.11000, 3.
40.12000, 4.
40.13000, 7.
40.14000, 5.
40.15000, 1.
40.16000, 6.
40.17000, 3.
40.18000, 3.
40.19000, 2.
40.20000, 10.
40.21000, 2.
40.22000, 8.
40.23000, 6.
40.24000, 2.
40.25000, 4.
40.26000, 7.
40.27000, 6.
40.28000, 5.
40.29000, 6.
40.30000, 0.
40.31000, 7.
40.32000, 6.
40.33000, 2.
40.34000, 7.
40.35000, 9.
40.36000, 4.
40.37000, 4.
40.38000, 8.
40.39000, 6.
40.40000, 4.
40.41000, 6.
40.42000, 6.
40.43000, 4.
40.44000, 1.
40.45000, 3.
40.46000, 4.
40.47000, 3.
40.48000, 4.
40.49000, 6.
40.50000, 5.
40.51000, 5.
40.52000, 3.
40.53000, 6.
40.54000, 3.
40.55000, 0.
#ENDOFDATA   : 
