#FORMAT      : EMSA/MAS Spectral Data File
#VERSION     : 1.0
#TITLE       : Spectrum 20
#DATE        : 21-AUG-2025
#TIME        : 15:24
#OWNER       : XGT7200
#NPOINTS     : 4096.
#NCOLUMNS    : 1.
#XUNITS      : keV
#YUNITS      : counts
#DATATYPE    : XY
#XPERCHAN    : 0.0100000
#OFFSET      : -0.400000
#SIGNALTYPE  : EDS
#CHOFFSET    : 40.0000
#LIVETIME    : 30.000000
#REALTIME    : 39.829354
#BEAMKV      : 50.0000
#PROBECUR    : 706000.
#MAGCAM      : 100.000
#XTILTSTGE   : 0.0
#AZIMANGLE   : 0.0
#ELEVANGLE   : 45.0
#XPOSITION mm: 0.0000
#YPOSITION mm: 0.0000
#ZPOSITION mm: 0.0000
##OXINSTPT   : 4
##OXINSTSTROB: 71.96
#SPECTRUM    : Spectral Data Starts Here
-0.40000, 0.
-0.39000, 0.
-0.38000, 0.
-0.37000, 0.
-0.36000, 0.
-0.35000, 0.
-0.34000, 0.
-0.33000, 0.
-0.32000, 0.
-0.31000, 0.
-0.30000, 0.
-0.29000, 0.
-0.28000, 0.
-0.27000, 0.
-0.26000, 0.
-0.25000, 0.
-0.24000, 0.
-0.23000, 0.
-0.22000, 0.
-0.21000, 0.
-0.20000, 0.
-0.19000, 0.
-0.18000, 0.
-0.17000, 0.
-0.16000, 0.
-0.15000, 0.
-0.14000, 0.
-0.13000, 0.
-0.12000, 0.
-0.11000, 0.
-0.10000, 0.
-0.09000, 0.
-0.08000, 0.
-0.07000, 0.
-0.06000, 0.
-0.05000, 0.
-0.04000, 0.
-0.03000, 0.
-0.02000, 0.
-0.01000, 0.
0.00000, 0.
0.01000, 0.
0.02000, 0.
0.03000, 0.
0.04000, 0.
0.05000, 0.
0.06000, 0.
0.07000, 0.
0.08000, 0.
0.09000, 0.
0.10000, 0.
0.11000, 0.
0.12000, 0.
0.13000, 0.
0.14000, 0.
0.15000, 0.
0.16000, 0.
0.17000, 0.
0.18000, 0.
0.19000, 0.
0.20000, 0.
0.21000, 0.
0.22000, 0.
0.23000, 0.
0.24000, 0.
0.25000, 0.
0.26000, 0.
0.27000, 0.
0.28000, 0.
0.29000, 0.
0.30000, 0.
0.31000, 0.
0.32000, 1.
0.33000, 1.
0.34000, 2.
0.35000, 2.
0.36000, 1.
0.37000, 6.
0.38000, 8.
0.39000, 13.
0.40000, 24.
0.41000, 29.
0.42000, 28.
0.43000, 37.
0.44000, 45.
0.45000, 47.
0.46000, 42.
0.47000, 52.
0.48000, 41.
0.49000, 41.
0.50000, 44.
0.51000, 40.
0.52000, 44.
0.53000, 36.
0.54000, 45.
0.55000, 37.
0.56000, 39.
0.57000, 38.
0.58000, 34.
0.59000, 41.
0.60000, 41.
0.61000, 29.
0.62000, 32.
0.63000, 34.
0.64000, 54.
0.65000, 45.
0.66000, 33.
0.67000, 39.
0.68000, 42.
0.69000, 22.
0.70000, 33.
0.71000, 35.
0.72000, 34.
0.73000, 39.
0.74000, 31.
0.75000, 35.
0.76000, 36.
0.77000, 27.
0.78000, 33.
0.79000, 25.
0.80000, 40.
0.81000, 33.
0.82000, 23.
0.83000, 38.
0.84000, 39.
0.85000, 45.
0.86000, 32.
0.87000, 41.
0.88000, 35.
0.89000, 34.
0.90000, 33.
0.91000, 37.
0.92000, 37.
0.93000, 31.
0.94000, 38.
0.95000, 47.
0.96000, 34.
0.97000, 41.
0.98000, 38.
0.99000, 52.
1.00000, 49.
1.01000, 41.
1.02000, 43.
1.03000, 49.
1.04000, 39.
1.05000, 53.
1.06000, 50.
1.07000, 45.
1.08000, 35.
1.09000, 42.
1.10000, 55.
1.11000, 45.
1.12000, 34.
1.13000, 33.
1.14000, 38.
1.15000, 43.
1.16000, 33.
1.17000, 47.
1.18000, 49.
1.19000, 66.
1.20000, 50.
1.21000, 66.
1.22000, 72.
1.23000, 71.
1.24000, 69.
1.25000, 103.
1.26000, 97.
1.27000, 82.
1.28000, 87.
1.29000, 85.
1.30000, 82.
1.31000, 75.
1.32000, 43.
1.33000, 43.
1.34000, 44.
1.35000, 38.
1.36000, 37.
1.37000, 50.
1.38000, 48.
1.39000, 83.
1.40000, 99.
1.41000, 137.
1.42000, 225.
1.43000, 307.
1.44000, 415.
1.45000, 548.
1.46000, 658.
1.47000, 732.
1.48000, 820.
1.49000, 938.
1.50000, 894.
1.51000, 830.
1.52000, 766.
1.53000, 601.
1.54000, 487.
1.55000, 403.
1.56000, 261.
1.57000, 212.
1.58000, 134.
1.59000, 132.
1.60000, 118.
1.61000, 89.
1.62000, 127.
1.63000, 181.
1.64000, 285.
1.65000, 461.
1.66000, 716.
1.67000, 1157.
1.68000, 1682.
1.69000, 2331.
1.70000, 3096.
1.71000, 3902.
1.72000, 4573.
1.73000, 5157.
1.74000, 5576.
1.75000, 5615.
1.76000, 5260.
1.77000, 4916.
1.78000, 4111.
1.79000, 3182.
1.80000, 2556.
1.81000, 1885.
1.82000, 1458.
1.83000, 1043.
1.84000, 720.
1.85000, 503.
1.86000, 405.
1.87000, 267.
1.88000, 199.
1.89000, 154.
1.90000, 128.
1.91000, 116.
1.92000, 83.
1.93000, 91.
1.94000, 79.
1.95000, 89.
1.96000, 91.
1.97000, 86.
1.98000, 85.
1.99000, 92.
2.00000, 85.
2.01000, 80.
2.02000, 98.
2.03000, 80.
2.04000, 71.
2.05000, 76.
2.06000, 56.
2.07000, 60.
2.08000, 48.
2.09000, 39.
2.10000, 38.
2.11000, 41.
2.12000, 37.
2.13000, 29.
2.14000, 33.
2.15000, 31.
2.16000, 27.
2.17000, 17.
2.18000, 23.
2.19000, 29.
2.20000, 27.
2.21000, 39.
2.22000, 39.
2.23000, 36.
2.24000, 39.
2.25000, 44.
2.26000, 46.
2.27000, 70.
2.28000, 61.
2.29000, 71.
2.30000, 68.
2.31000, 70.
2.32000, 65.
2.33000, 77.
2.34000, 65.
2.35000, 70.
2.36000, 59.
2.37000, 47.
2.38000, 53.
2.39000, 42.
2.40000, 37.
2.41000, 38.
2.42000, 36.
2.43000, 37.
2.44000, 27.
2.45000, 29.
2.46000, 39.
2.47000, 46.
2.48000, 40.
2.49000, 53.
2.50000, 41.
2.51000, 36.
2.52000, 46.
2.53000, 51.
2.54000, 61.
2.55000, 58.
2.56000, 54.
2.57000, 54.
2.58000, 79.
2.59000, 102.
2.60000, 101.
2.61000, 150.
2.62000, 176.
2.63000, 204.
2.64000, 251.
2.65000, 310.
2.66000, 364.
2.67000, 436.
2.68000, 473.
2.69000, 517.
2.70000, 499.
2.71000, 564.
2.72000, 486.
2.73000, 478.
2.74000, 386.
2.75000, 362.
2.76000, 312.
2.77000, 264.
2.78000, 275.
2.79000, 236.
2.80000, 203.
2.81000, 214.
2.82000, 230.
2.83000, 244.
2.84000, 250.
2.85000, 218.
2.86000, 230.
2.87000, 224.
2.88000, 219.
2.89000, 173.
2.90000, 163.
2.91000, 148.
2.92000, 119.
2.93000, 121.
2.94000, 109.
2.95000, 87.
2.96000, 102.
2.97000, 84.
2.98000, 74.
2.99000, 63.
3.00000, 64.
3.01000, 71.
3.02000, 56.
3.03000, 55.
3.04000, 53.
3.05000, 35.
3.06000, 48.
3.07000, 44.
3.08000, 38.
3.09000, 26.
3.10000, 36.
3.11000, 29.
3.12000, 30.
3.13000, 30.
3.14000, 33.
3.15000, 32.
3.16000, 29.
3.17000, 62.
3.18000, 42.
3.19000, 64.
3.20000, 86.
3.21000, 88.
3.22000, 138.
3.23000, 176.
3.24000, 254.
3.25000, 327.
3.26000, 410.
3.27000, 508.
3.28000, 618.
3.29000, 698.
3.30000, 740.
3.31000, 793.
3.32000, 797.
3.33000, 784.
3.34000, 761.
3.35000, 635.
3.36000, 617.
3.37000, 460.
3.38000, 394.
3.39000, 310.
3.40000, 219.
3.41000, 179.
3.42000, 123.
3.43000, 94.
3.44000, 81.
3.45000, 53.
3.46000, 46.
3.47000, 59.
3.48000, 72.
3.49000, 56.
3.50000, 65.
3.51000, 76.
3.52000, 76.
3.53000, 113.
3.54000, 116.
3.55000, 164.
3.56000, 183.
3.57000, 241.
3.58000, 291.
3.59000, 385.
3.60000, 464.
3.61000, 594.
3.62000, 757.
3.63000, 879.
3.64000, 1094.
3.65000, 1300.
3.66000, 1542.
3.67000, 1752.
3.68000, 1802.
3.69000, 1881.
3.70000, 1829.
3.71000, 1824.
3.72000, 1665.
3.73000, 1524.
3.74000, 1269.
3.75000, 1068.
3.76000, 833.
3.77000, 687.
3.78000, 501.
3.79000, 331.
3.80000, 246.
3.81000, 178.
3.82000, 138.
3.83000, 75.
3.84000, 67.
3.85000, 45.
3.86000, 47.
3.87000, 45.
3.88000, 51.
3.89000, 49.
3.90000, 60.
3.91000, 60.
3.92000, 85.
3.93000, 84.
3.94000, 135.
3.95000, 146.
3.96000, 165.
3.97000, 212.
3.98000, 256.
3.99000, 239.
4.00000, 291.
4.01000, 275.
4.02000, 288.
4.03000, 296.
4.04000, 245.
4.05000, 240.
4.06000, 227.
4.07000, 182.
4.08000, 149.
4.09000, 134.
4.10000, 111.
4.11000, 78.
4.12000, 72.
4.13000, 56.
4.14000, 49.
4.15000, 42.
4.16000, 30.
4.17000, 30.
4.18000, 29.
4.19000, 30.
4.20000, 38.
4.21000, 28.
4.22000, 30.
4.23000, 31.
4.24000, 22.
4.25000, 34.
4.26000, 31.
4.27000, 36.
4.28000, 38.
4.29000, 43.
4.30000, 23.
4.31000, 29.
4.32000, 33.
4.33000, 40.
4.34000, 39.
4.35000, 35.
4.36000, 46.
4.37000, 61.
4.38000, 60.
4.39000, 89.
4.40000, 105.
4.41000, 122.
4.42000, 150.
4.43000, 219.
4.44000, 220.
4.45000, 297.
4.46000, 385.
4.47000, 416.
4.48000, 498.
4.49000, 517.
4.50000, 525.
4.51000, 510.
4.52000, 534.
4.53000, 486.
4.54000, 443.
4.55000, 440.
4.56000, 406.
4.57000, 309.
4.58000, 287.
4.59000, 242.
4.60000, 225.
4.61000, 156.
4.62000, 176.
4.63000, 145.
4.64000, 128.
4.65000, 117.
4.66000, 131.
4.67000, 133.
4.68000, 105.
4.69000, 84.
4.70000, 95.
4.71000, 87.
4.72000, 91.
4.73000, 67.
4.74000, 85.
4.75000, 76.
4.76000, 78.
4.77000, 77.
4.78000, 71.
4.79000, 69.
4.80000, 57.
4.81000, 65.
4.82000, 73.
4.83000, 91.
4.84000, 91.
4.85000, 73.
4.86000, 129.
4.87000, 111.
4.88000, 113.
4.89000, 116.
4.90000, 131.
4.91000, 141.
4.92000, 134.
4.93000, 152.
4.94000, 161.
4.95000, 155.
4.96000, 161.
4.97000, 127.
4.98000, 119.
4.99000, 99.
5.00000, 110.
5.01000, 94.
5.02000, 74.
5.03000, 81.
5.04000, 63.
5.05000, 69.
5.06000, 63.
5.07000, 64.
5.08000, 55.
5.09000, 60.
5.10000, 44.
5.11000, 63.
5.12000, 46.
5.13000, 55.
5.14000, 55.
5.15000, 53.
5.16000, 63.
5.17000, 60.
5.18000, 47.
5.19000, 54.
5.20000, 57.
5.21000, 64.
5.22000, 50.
5.23000, 64.
5.24000, 55.
5.25000, 59.
5.26000, 64.
5.27000, 57.
5.28000, 61.
5.29000, 59.
5.30000, 65.
5.31000, 67.
5.32000, 65.
5.33000, 59.
5.34000, 83.
5.35000, 79.
5.36000, 83.
5.37000, 80.
5.38000, 83.
5.39000, 82.
5.40000, 77.
5.41000, 107.
5.42000, 108.
5.43000, 80.
5.44000, 92.
5.45000, 101.
5.46000, 76.
5.47000, 78.
5.48000, 88.
5.49000, 78.
5.50000, 66.
5.51000, 73.
5.52000, 77.
5.53000, 58.
5.54000, 63.
5.55000, 57.
5.56000, 53.
5.57000, 60.
5.58000, 55.
5.59000, 71.
5.60000, 46.
5.61000, 46.
5.62000, 57.
5.63000, 58.
5.64000, 61.
5.65000, 58.
5.66000, 44.
5.67000, 68.
5.68000, 61.
5.69000, 66.
5.70000, 63.
5.71000, 48.
5.72000, 54.
5.73000, 64.
5.74000, 73.
5.75000, 82.
5.76000, 84.
5.77000, 75.
5.78000, 87.
5.79000, 134.
5.80000, 114.
5.81000, 174.
5.82000, 203.
5.83000, 220.
5.84000, 265.
5.85000, 249.
5.86000, 298.
5.87000, 334.
5.88000, 353.
5.89000, 334.
5.90000, 357.
5.91000, 333.
5.92000, 304.
5.93000, 354.
5.94000, 283.
5.95000, 250.
5.96000, 236.
5.97000, 192.
5.98000, 186.
5.99000, 181.
6.00000, 113.
6.01000, 121.
6.02000, 97.
6.03000, 95.
6.04000, 107.
6.05000, 85.
6.06000, 89.
6.07000, 83.
6.08000, 95.
6.09000, 96.
6.10000, 116.
6.11000, 105.
6.12000, 99.
6.13000, 119.
6.14000, 94.
6.15000, 146.
6.16000, 108.
6.17000, 137.
6.18000, 122.
6.19000, 194.
6.20000, 248.
6.21000, 314.
6.22000, 422.
6.23000, 576.
6.24000, 745.
6.25000, 1105.
6.26000, 1538.
6.27000, 2026.
6.28000, 2814.
6.29000, 3872.
6.30000, 4859.
6.31000, 6275.
6.32000, 7893.
6.33000, 9342.
6.34000, 11161.
6.35000, 12784.
6.36000, 14584.
6.37000, 15818.
6.38000, 17101.
6.39000, 17706.
6.40000, 17818.
6.41000, 17756.
6.42000, 16843.
6.43000, 15631.
6.44000, 14133.
6.45000, 12793.
6.46000, 10898.
6.47000, 9177.
6.48000, 7562.
6.49000, 6125.
6.50000, 4703.
6.51000, 3691.
6.52000, 2673.
6.53000, 2040.
6.54000, 1382.
6.55000, 974.
6.56000, 686.
6.57000, 495.
6.58000, 353.
6.59000, 257.
6.60000, 220.
6.61000, 177.
6.62000, 142.
6.63000, 124.
6.64000, 102.
6.65000, 107.
6.66000, 116.
6.67000, 101.
6.68000, 104.
6.69000, 109.
6.70000, 103.
6.71000, 119.
6.72000, 121.
6.73000, 100.
6.74000, 109.
6.75000, 105.
6.76000, 116.
6.77000, 112.
6.78000, 119.
6.79000, 126.
6.80000, 120.
6.81000, 118.
6.82000, 147.
6.83000, 133.
6.84000, 145.
6.85000, 136.
6.86000, 192.
6.87000, 187.
6.88000, 218.
6.89000, 269.
6.90000, 332.
6.91000, 425.
6.92000, 499.
6.93000, 568.
6.94000, 727.
6.95000, 895.
6.96000, 1103.
6.97000, 1321.
6.98000, 1597.
6.99000, 1853.
7.00000, 2104.
7.01000, 2295.
7.02000, 2609.
7.03000, 2685.
7.04000, 2770.
7.05000, 2873.
7.06000, 2871.
7.07000, 2765.
7.08000, 2590.
7.09000, 2584.
7.10000, 2236.
7.11000, 2014.
7.12000, 1631.
7.13000, 1434.
7.14000, 1217.
7.15000, 948.
7.16000, 780.
7.17000, 614.
7.18000, 484.
7.19000, 330.
7.20000, 309.
7.21000, 232.
7.22000, 162.
7.23000, 140.
7.24000, 112.
7.25000, 104.
7.26000, 84.
7.27000, 75.
7.28000, 86.
7.29000, 87.
7.30000, 85.
7.31000, 74.
7.32000, 78.
7.33000, 69.
7.34000, 75.
7.35000, 64.
7.36000, 91.
7.37000, 86.
7.38000, 73.
7.39000, 89.
7.40000, 89.
7.41000, 79.
7.42000, 80.
7.43000, 94.
7.44000, 86.
7.45000, 91.
7.46000, 73.
7.47000, 100.
7.48000, 89.
7.49000, 89.
7.50000, 67.
7.51000, 98.
7.52000, 89.
7.53000, 85.
7.54000, 87.
7.55000, 90.
7.56000, 77.
7.57000, 64.
7.58000, 81.
7.59000, 71.
7.60000, 69.
7.61000, 80.
7.62000, 73.
7.63000, 77.
7.64000, 70.
7.65000, 74.
7.66000, 90.
7.67000, 69.
7.68000, 66.
7.69000, 71.
7.70000, 88.
7.71000, 77.
7.72000, 74.
7.73000, 91.
7.74000, 83.
7.75000, 66.
7.76000, 83.
7.77000, 79.
7.78000, 88.
7.79000, 83.
7.80000, 85.
7.81000, 72.
7.82000, 104.
7.83000, 89.
7.84000, 82.
7.85000, 110.
7.86000, 110.
7.87000, 110.
7.88000, 107.
7.89000, 95.
7.90000, 83.
7.91000, 91.
7.92000, 112.
7.93000, 113.
7.94000, 108.
7.95000, 127.
7.96000, 125.
7.97000, 109.
7.98000, 123.
7.99000, 121.
8.00000, 135.
8.01000, 135.
8.02000, 134.
8.03000, 143.
8.04000, 156.
8.05000, 127.
8.06000, 143.
8.07000, 135.
8.08000, 143.
8.09000, 149.
8.10000, 142.
8.11000, 131.
8.12000, 163.
8.13000, 145.
8.14000, 167.
8.15000, 130.
8.16000, 127.
8.17000, 132.
8.18000, 114.
8.19000, 115.
8.20000, 114.
8.21000, 132.
8.22000, 112.
8.23000, 122.
8.24000, 121.
8.25000, 123.
8.26000, 91.
8.27000, 119.
8.28000, 102.
8.29000, 86.
8.30000, 95.
8.31000, 103.
8.32000, 103.
8.33000, 108.
8.34000, 120.
8.35000, 91.
8.36000, 96.
8.37000, 92.
8.38000, 102.
8.39000, 107.
8.40000, 103.
8.41000, 104.
8.42000, 99.
8.43000, 94.
8.44000, 100.
8.45000, 86.
8.46000, 102.
8.47000, 132.
8.48000, 95.
8.49000, 124.
8.50000, 133.
8.51000, 142.
8.52000, 137.
8.53000, 135.
8.54000, 172.
8.55000, 170.
8.56000, 194.
8.57000, 219.
8.58000, 202.
8.59000, 220.
8.60000, 200.
8.61000, 250.
8.62000, 256.
8.63000, 266.
8.64000, 254.
8.65000, 234.
8.66000, 248.
8.67000, 226.
8.68000, 216.
8.69000, 190.
8.70000, 172.
8.71000, 189.
8.72000, 166.
8.73000, 144.
8.74000, 133.
8.75000, 172.
8.76000, 145.
8.77000, 124.
8.78000, 133.
8.79000, 131.
8.80000, 105.
8.81000, 109.
8.82000, 114.
8.83000, 116.
8.84000, 117.
8.85000, 112.
8.86000, 110.
8.87000, 111.
8.88000, 123.
8.89000, 130.
8.90000, 96.
8.91000, 115.
8.92000, 118.
8.93000, 113.
8.94000, 95.
8.95000, 110.
8.96000, 110.
8.97000, 102.
8.98000, 101.
8.99000, 101.
9.00000, 103.
9.01000, 103.
9.02000, 113.
9.03000, 113.
9.04000, 102.
9.05000, 96.
9.06000, 105.
9.07000, 100.
9.08000, 96.
9.09000, 116.
9.10000, 106.
9.11000, 100.
9.12000, 113.
9.13000, 109.
9.14000, 132.
9.15000, 122.
9.16000, 106.
9.17000, 124.
9.18000, 111.
9.19000, 116.
9.20000, 123.
9.21000, 113.
9.22000, 121.
9.23000, 140.
9.24000, 127.
9.25000, 112.
9.26000, 130.
9.27000, 112.
9.28000, 105.
9.29000, 119.
9.30000, 124.
9.31000, 130.
9.32000, 113.
9.33000, 132.
9.34000, 113.
9.35000, 106.
9.36000, 94.
9.37000, 125.
9.38000, 116.
9.39000, 117.
9.40000, 121.
9.41000, 118.
9.42000, 122.
9.43000, 113.
9.44000, 114.
9.45000, 120.
9.46000, 132.
9.47000, 127.
9.48000, 124.
9.49000, 116.
9.50000, 125.
9.51000, 156.
9.52000, 134.
9.53000, 129.
9.54000, 140.
9.55000, 130.
9.56000, 128.
9.57000, 158.
9.58000, 130.
9.59000, 135.
9.60000, 130.
9.61000, 121.
9.62000, 134.
9.63000, 139.
9.64000, 138.
9.65000, 140.
9.66000, 146.
9.67000, 135.
9.68000, 130.
9.69000, 141.
9.70000, 123.
9.71000, 103.
9.72000, 117.
9.73000, 104.
9.74000, 123.
9.75000, 108.
9.76000, 103.
9.77000, 111.
9.78000, 103.
9.79000, 123.
9.80000, 119.
9.81000, 122.
9.82000, 112.
9.83000, 99.
9.84000, 109.
9.85000, 102.
9.86000, 120.
9.87000, 106.
9.88000, 106.
9.89000, 110.
9.90000, 112.
9.91000, 122.
9.92000, 106.
9.93000, 104.
9.94000, 116.
9.95000, 120.
9.96000, 118.
9.97000, 113.
9.98000, 127.
9.99000, 137.
10.00000, 108.
10.01000, 115.
10.02000, 132.
10.03000, 109.
10.04000, 117.
10.05000, 122.
10.06000, 124.
10.07000, 119.
10.08000, 128.
10.09000, 112.
10.10000, 116.
10.11000, 134.
10.12000, 130.
10.13000, 121.
10.14000, 126.
10.15000, 123.
10.16000, 114.
10.17000, 119.
10.18000, 122.
10.19000, 141.
10.20000, 118.
10.21000, 113.
10.22000, 136.
10.23000, 107.
10.24000, 118.
10.25000, 103.
10.26000, 118.
10.27000, 127.
10.28000, 114.
10.29000, 125.
10.30000, 103.
10.31000, 131.
10.32000, 111.
10.33000, 144.
10.34000, 120.
10.35000, 127.
10.36000, 126.
10.37000, 132.
10.38000, 114.
10.39000, 118.
10.40000, 140.
10.41000, 121.
10.42000, 150.
10.43000, 148.
10.44000, 157.
10.45000, 153.
10.46000, 156.
10.47000, 160.
10.48000, 157.
10.49000, 156.
10.50000, 175.
10.51000, 158.
10.52000, 163.
10.53000, 167.
10.54000, 172.
10.55000, 147.
10.56000, 167.
10.57000, 181.
10.58000, 152.
10.59000, 179.
10.60000, 147.
10.61000, 153.
10.62000, 140.
10.63000, 118.
10.64000, 155.
10.65000, 147.
10.66000, 133.
10.67000, 131.
10.68000, 147.
10.69000, 124.
10.70000, 115.
10.71000, 138.
10.72000, 134.
10.73000, 123.
10.74000, 115.
10.75000, 126.
10.76000, 100.
10.77000, 107.
10.78000, 125.
10.79000, 121.
10.80000, 128.
10.81000, 123.
10.82000, 145.
10.83000, 131.
10.84000, 115.
10.85000, 145.
10.86000, 118.
10.87000, 157.
10.88000, 122.
10.89000, 130.
10.90000, 109.
10.91000, 144.
10.92000, 124.
10.93000, 109.
10.94000, 135.
10.95000, 135.
10.96000, 118.
10.97000, 121.
10.98000, 132.
10.99000, 121.
11.00000, 146.
11.01000, 123.
11.02000, 137.
11.03000, 125.
11.04000, 145.
11.05000, 114.
11.06000, 132.
11.07000, 116.
11.08000, 139.
11.09000, 123.
11.10000, 145.
11.11000, 135.
11.12000, 137.
11.13000, 138.
11.14000, 133.
11.15000, 148.
11.16000, 127.
11.17000, 119.
11.18000, 119.
11.19000, 117.
11.20000, 121.
11.21000, 127.
11.22000, 130.
11.23000, 131.
11.24000, 106.
11.25000, 120.
11.26000, 119.
11.27000, 120.
11.28000, 120.
11.29000, 128.
11.30000, 134.
11.31000, 119.
11.32000, 152.
11.33000, 144.
11.34000, 119.
11.35000, 125.
11.36000, 136.
11.37000, 138.
11.38000, 114.
11.39000, 140.
11.40000, 129.
11.41000, 119.
11.42000, 128.
11.43000, 140.
11.44000, 137.
11.45000, 148.
11.46000, 135.
11.47000, 135.
11.48000, 146.
11.49000, 133.
11.50000, 141.
11.51000, 162.
11.52000, 132.
11.53000, 153.
11.54000, 134.
11.55000, 109.
11.56000, 120.
11.57000, 121.
11.58000, 133.
11.59000, 141.
11.60000, 116.
11.61000, 115.
11.62000, 136.
11.63000, 117.
11.64000, 137.
11.65000, 130.
11.66000, 145.
11.67000, 148.
11.68000, 127.
11.69000, 143.
11.70000, 131.
11.71000, 139.
11.72000, 134.
11.73000, 145.
11.74000, 165.
11.75000, 122.
11.76000, 135.
11.77000, 111.
11.78000, 134.
11.79000, 144.
11.80000, 124.
11.81000, 114.
11.82000, 158.
11.83000, 128.
11.84000, 125.
11.85000, 133.
11.86000, 146.
11.87000, 114.
11.88000, 139.
11.89000, 133.
11.90000, 140.
11.91000, 143.
11.92000, 137.
11.93000, 132.
11.94000, 161.
11.95000, 138.
11.96000, 145.
11.97000, 130.
11.98000, 122.
11.99000, 136.
12.00000, 135.
12.01000, 142.
12.02000, 129.
12.03000, 160.
12.04000, 131.
12.05000, 123.
12.06000, 159.
12.07000, 132.
12.08000, 140.
12.09000, 131.
12.10000, 161.
12.11000, 142.
12.12000, 132.
12.13000, 136.
12.14000, 144.
12.15000, 129.
12.16000, 133.
12.17000, 141.
12.18000, 128.
12.19000, 134.
12.20000, 142.
12.21000, 136.
12.22000, 155.
12.23000, 130.
12.24000, 146.
12.25000, 138.
12.26000, 127.
12.27000, 130.
12.28000, 133.
12.29000, 145.
12.30000, 133.
12.31000, 145.
12.32000, 134.
12.33000, 156.
12.34000, 125.
12.35000, 155.
12.36000, 124.
12.37000, 129.
12.38000, 145.
12.39000, 124.
12.40000, 110.
12.41000, 131.
12.42000, 128.
12.43000, 141.
12.44000, 144.
12.45000, 152.
12.46000, 142.
12.47000, 155.
12.48000, 155.
12.49000, 157.
12.50000, 165.
12.51000, 158.
12.52000, 148.
12.53000, 166.
12.54000, 149.
12.55000, 146.
12.56000, 149.
12.57000, 166.
12.58000, 157.
12.59000, 164.
12.60000, 165.
12.61000, 169.
12.62000, 154.
12.63000, 171.
12.64000, 173.
12.65000, 171.
12.66000, 183.
12.67000, 188.
12.68000, 165.
12.69000, 182.
12.70000, 174.
12.71000, 197.
12.72000, 154.
12.73000, 157.
12.74000, 185.
12.75000, 198.
12.76000, 174.
12.77000, 170.
12.78000, 175.
12.79000, 187.
12.80000, 193.
12.81000, 208.
12.82000, 172.
12.83000, 212.
12.84000, 193.
12.85000, 191.
12.86000, 182.
12.87000, 158.
12.88000, 156.
12.89000, 152.
12.90000, 180.
12.91000, 177.
12.92000, 163.
12.93000, 142.
12.94000, 172.
12.95000, 164.
12.96000, 166.
12.97000, 160.
12.98000, 153.
12.99000, 151.
13.00000, 140.
13.01000, 155.
13.02000, 181.
13.03000, 169.
13.04000, 164.
13.05000, 156.
13.06000, 157.
13.07000, 129.
13.08000, 124.
13.09000, 158.
13.10000, 132.
13.11000, 125.
13.12000, 132.
13.13000, 173.
13.14000, 144.
13.15000, 150.
13.16000, 165.
13.17000, 155.
13.18000, 160.
13.19000, 156.
13.20000, 161.
13.21000, 131.
13.22000, 188.
13.23000, 210.
13.24000, 187.
13.25000, 191.
13.26000, 179.
13.27000, 214.
13.28000, 202.
13.29000, 172.
13.30000, 232.
13.31000, 233.
13.32000, 222.
13.33000, 211.
13.34000, 230.
13.35000, 245.
13.36000, 240.
13.37000, 244.
13.38000, 241.
13.39000, 213.
13.40000, 267.
13.41000, 234.
13.42000, 246.
13.43000, 227.
13.44000, 188.
13.45000, 220.
13.46000, 206.
13.47000, 222.
13.48000, 190.
13.49000, 178.
13.50000, 178.
13.51000, 174.
13.52000, 175.
13.53000, 149.
13.54000, 169.
13.55000, 177.
13.56000, 165.
13.57000, 166.
13.58000, 159.
13.59000, 147.
13.60000, 147.
13.61000, 158.
13.62000, 151.
13.63000, 154.
13.64000, 122.
13.65000, 141.
13.66000, 152.
13.67000, 140.
13.68000, 166.
13.69000, 138.
13.70000, 136.
13.71000, 144.
13.72000, 145.
13.73000, 154.
13.74000, 150.
13.75000, 144.
13.76000, 143.
13.77000, 136.
13.78000, 156.
13.79000, 131.
13.80000, 143.
13.81000, 134.
13.82000, 138.
13.83000, 137.
13.84000, 138.
13.85000, 151.
13.86000, 130.
13.87000, 145.
13.88000, 139.
13.89000, 156.
13.90000, 176.
13.91000, 165.
13.92000, 196.
13.93000, 157.
13.94000, 191.
13.95000, 201.
13.96000, 198.
13.97000, 219.
13.98000, 267.
13.99000, 271.
14.00000, 279.
14.01000, 312.
14.02000, 325.
14.03000, 369.
14.04000, 347.
14.05000, 404.
14.06000, 445.
14.07000, 470.
14.08000, 491.
14.09000, 467.
14.10000, 508.
14.11000, 604.
14.12000, 528.
14.13000, 541.
14.14000, 521.
14.15000, 559.
14.16000, 511.
14.17000, 502.
14.18000, 461.
14.19000, 484.
14.20000, 459.
14.21000, 399.
14.22000, 370.
14.23000, 309.
14.24000, 316.
14.25000, 306.
14.26000, 280.
14.27000, 263.
14.28000, 222.
14.29000, 218.
14.30000, 185.
14.31000, 172.
14.32000, 155.
14.33000, 160.
14.34000, 151.
14.35000, 148.
14.36000, 148.
14.37000, 147.
14.38000, 157.
14.39000, 158.
14.40000, 143.
14.41000, 130.
14.42000, 135.
14.43000, 122.
14.44000, 141.
14.45000, 121.
14.46000, 162.
14.47000, 139.
14.48000, 139.
14.49000, 134.
14.50000, 133.
14.51000, 121.
14.52000, 144.
14.53000, 157.
14.54000, 116.
14.55000, 140.
14.56000, 123.
14.57000, 155.
14.58000, 160.
14.59000, 138.
14.60000, 137.
14.61000, 142.
14.62000, 162.
14.63000, 127.
14.64000, 127.
14.65000, 132.
14.66000, 124.
14.67000, 133.
14.68000, 139.
14.69000, 165.
14.70000, 150.
14.71000, 145.
14.72000, 157.
14.73000, 136.
14.74000, 147.
14.75000, 167.
14.76000, 152.
14.77000, 172.
14.78000, 163.
14.79000, 153.
14.80000, 140.
14.81000, 173.
14.82000, 158.
14.83000, 178.
14.84000, 166.
14.85000, 178.
14.86000, 171.
14.87000, 169.
14.88000, 163.
14.89000, 170.
14.90000, 213.
14.91000, 182.
14.92000, 169.
14.93000, 196.
14.94000, 154.
14.95000, 182.
14.96000, 186.
14.97000, 181.
14.98000, 169.
14.99000, 172.
15.00000, 148.
15.01000, 183.
15.02000, 162.
15.03000, 144.
15.04000, 133.
15.05000, 144.
15.06000, 163.
15.07000, 134.
15.08000, 164.
15.09000, 152.
15.10000, 151.
15.11000, 133.
15.12000, 143.
15.13000, 150.
15.14000, 137.
15.15000, 143.
15.16000, 131.
15.17000, 151.
15.18000, 150.
15.19000, 134.
15.20000, 141.
15.21000, 144.
15.22000, 139.
15.23000, 140.
15.24000, 149.
15.25000, 137.
15.26000, 137.
15.27000, 140.
15.28000, 132.
15.29000, 126.
15.30000, 145.
15.31000, 144.
15.32000, 127.
15.33000, 153.
15.34000, 136.
15.35000, 139.
15.36000, 137.
15.37000, 140.
15.38000, 133.
15.39000, 140.
15.40000, 145.
15.41000, 137.
15.42000, 132.
15.43000, 129.
15.44000, 142.
15.45000, 147.
15.46000, 160.
15.47000, 160.
15.48000, 141.
15.49000, 161.
15.50000, 144.
15.51000, 161.
15.52000, 162.
15.53000, 171.
15.54000, 167.
15.55000, 171.
15.56000, 187.
15.57000, 174.
15.58000, 204.
15.59000, 219.
15.60000, 213.
15.61000, 213.
15.62000, 219.
15.63000, 239.
15.64000, 246.
15.65000, 254.
15.66000, 282.
15.67000, 276.
15.68000, 292.
15.69000, 286.
15.70000, 321.
15.71000, 337.
15.72000, 309.
15.73000, 338.
15.74000, 358.
15.75000, 337.
15.76000, 347.
15.77000, 321.
15.78000, 303.
15.79000, 338.
15.80000, 307.
15.81000, 322.
15.82000, 301.
15.83000, 281.
15.84000, 287.
15.85000, 276.
15.86000, 272.
15.87000, 228.
15.88000, 215.
15.89000, 192.
15.90000, 196.
15.91000, 191.
15.92000, 212.
15.93000, 198.
15.94000, 193.
15.95000, 188.
15.96000, 171.
15.97000, 158.
15.98000, 150.
15.99000, 153.
16.00000, 154.
16.01000, 155.
16.02000, 162.
16.03000, 148.
16.04000, 158.
16.05000, 145.
16.06000, 153.
16.07000, 170.
16.08000, 158.
16.09000, 141.
16.10000, 128.
16.11000, 150.
16.12000, 151.
16.13000, 159.
16.14000, 156.
16.15000, 132.
16.16000, 151.
16.17000, 126.
16.18000, 136.
16.19000, 141.
16.20000, 116.
16.21000, 130.
16.22000, 119.
16.23000, 130.
16.24000, 145.
16.25000, 142.
16.26000, 148.
16.27000, 141.
16.28000, 113.
16.29000, 153.
16.30000, 139.
16.31000, 136.
16.32000, 139.
16.33000, 151.
16.34000, 113.
16.35000, 137.
16.36000, 139.
16.37000, 132.
16.38000, 164.
16.39000, 162.
16.40000, 127.
16.41000, 132.
16.42000, 135.
16.43000, 145.
16.44000, 144.
16.45000, 142.
16.46000, 159.
16.47000, 167.
16.48000, 152.
16.49000, 162.
16.50000, 176.
16.51000, 154.
16.52000, 154.
16.53000, 162.
16.54000, 148.
16.55000, 174.
16.56000, 155.
16.57000, 145.
16.58000, 155.
16.59000, 164.
16.60000, 158.
16.61000, 156.
16.62000, 145.
16.63000, 170.
16.64000, 154.
16.65000, 131.
16.66000, 135.
16.67000, 123.
16.68000, 143.
16.69000, 137.
16.70000, 145.
16.71000, 143.
16.72000, 159.
16.73000, 150.
16.74000, 145.
16.75000, 139.
16.76000, 143.
16.77000, 120.
16.78000, 169.
16.79000, 153.
16.80000, 137.
16.81000, 142.
16.82000, 131.
16.83000, 118.
16.84000, 124.
16.85000, 143.
16.86000, 127.
16.87000, 144.
16.88000, 156.
16.89000, 133.
16.90000, 136.
16.91000, 135.
16.92000, 142.
16.93000, 146.
16.94000, 138.
16.95000, 137.
16.96000, 139.
16.97000, 141.
16.98000, 132.
16.99000, 145.
17.00000, 130.
17.01000, 143.
17.02000, 125.
17.03000, 132.
17.04000, 147.
17.05000, 144.
17.06000, 157.
17.07000, 144.
17.08000, 157.
17.09000, 164.
17.10000, 143.
17.11000, 151.
17.12000, 150.
17.13000, 146.
17.14000, 129.
17.15000, 146.
17.16000, 151.
17.17000, 142.
17.18000, 152.
17.19000, 128.
17.20000, 162.
17.21000, 165.
17.22000, 169.
17.23000, 160.
17.24000, 147.
17.25000, 152.
17.26000, 173.
17.27000, 146.
17.28000, 161.
17.29000, 158.
17.30000, 137.
17.31000, 143.
17.32000, 162.
17.33000, 162.
17.34000, 117.
17.35000, 163.
17.36000, 164.
17.37000, 172.
17.38000, 142.
17.39000, 160.
17.40000, 183.
17.41000, 150.
17.42000, 157.
17.43000, 199.
17.44000, 183.
17.45000, 188.
17.46000, 158.
17.47000, 164.
17.48000, 183.
17.49000, 185.
17.50000, 160.
17.51000, 176.
17.52000, 170.
17.53000, 188.
17.54000, 175.
17.55000, 159.
17.56000, 178.
17.57000, 199.
17.58000, 183.
17.59000, 199.
17.60000, 176.
17.61000, 193.
17.62000, 177.
17.63000, 184.
17.64000, 183.
17.65000, 203.
17.66000, 181.
17.67000, 207.
17.68000, 171.
17.69000, 207.
17.70000, 183.
17.71000, 197.
17.72000, 202.
17.73000, 183.
17.74000, 148.
17.75000, 178.
17.76000, 179.
17.77000, 192.
17.78000, 196.
17.79000, 188.
17.80000, 152.
17.81000, 158.
17.82000, 186.
17.83000, 172.
17.84000, 186.
17.85000, 208.
17.86000, 182.
17.87000, 180.
17.88000, 211.
17.89000, 187.
17.90000, 207.
17.91000, 188.
17.92000, 187.
17.93000, 190.
17.94000, 199.
17.95000, 214.
17.96000, 200.
17.97000, 200.
17.98000, 213.
17.99000, 214.
18.00000, 218.
18.01000, 199.
18.02000, 216.
18.03000, 206.
18.04000, 205.
18.05000, 211.
18.06000, 244.
18.07000, 234.
18.08000, 227.
18.09000, 194.
18.10000, 211.
18.11000, 224.
18.12000, 213.
18.13000, 225.
18.14000, 236.
18.15000, 222.
18.16000, 235.
18.17000, 246.
18.18000, 245.
18.19000, 250.
18.20000, 214.
18.21000, 250.
18.22000, 288.
18.23000, 267.
18.24000, 267.
18.25000, 295.
18.26000, 286.
18.27000, 288.
18.28000, 315.
18.29000, 280.
18.30000, 289.
18.31000, 302.
18.32000, 302.
18.33000, 338.
18.34000, 355.
18.35000, 336.
18.36000, 314.
18.37000, 383.
18.38000, 368.
18.39000, 354.
18.40000, 425.
18.41000, 432.
18.42000, 423.
18.43000, 452.
18.44000, 479.
18.45000, 479.
18.46000, 452.
18.47000, 453.
18.48000, 465.
18.49000, 487.
18.50000, 534.
18.51000, 513.
18.52000, 592.
18.53000, 604.
18.54000, 544.
18.55000, 604.
18.56000, 587.
18.57000, 679.
18.58000, 640.
18.59000, 609.
18.60000, 704.
18.61000, 724.
18.62000, 687.
18.63000, 734.
18.64000, 696.
18.65000, 758.
18.66000, 698.
18.67000, 805.
18.68000, 775.
18.69000, 840.
18.70000, 838.
18.71000, 790.
18.72000, 780.
18.73000, 783.
18.74000, 837.
18.75000, 868.
18.76000, 838.
18.77000, 785.
18.78000, 837.
18.79000, 820.
18.80000, 802.
18.81000, 777.
18.82000, 868.
18.83000, 853.
18.84000, 844.
18.85000, 803.
18.86000, 824.
18.87000, 796.
18.88000, 813.
18.89000, 736.
18.90000, 756.
18.91000, 739.
18.92000, 770.
18.93000, 783.
18.94000, 768.
18.95000, 789.
18.96000, 707.
18.97000, 708.
18.98000, 680.
18.99000, 620.
19.00000, 640.
19.01000, 632.
19.02000, 640.
19.03000, 651.
19.04000, 596.
19.05000, 582.
19.06000, 542.
19.07000, 544.
19.08000, 493.
19.09000, 531.
19.10000, 500.
19.11000, 524.
19.12000, 466.
19.13000, 462.
19.14000, 457.
19.15000, 425.
19.16000, 416.
19.17000, 385.
19.18000, 412.
19.19000, 402.
19.20000, 386.
19.21000, 363.
19.22000, 371.
19.23000, 353.
19.24000, 387.
19.25000, 345.
19.26000, 336.
19.27000, 333.
19.28000, 320.
19.29000, 321.
19.30000, 270.
19.31000, 307.
19.32000, 274.
19.33000, 261.
19.34000, 302.
19.35000, 274.
19.36000, 250.
19.37000, 246.
19.38000, 256.
19.39000, 250.
19.40000, 242.
19.41000, 259.
19.42000, 237.
19.43000, 230.
19.44000, 239.
19.45000, 229.
19.46000, 218.
19.47000, 246.
19.48000, 212.
19.49000, 211.
19.50000, 191.
19.51000, 213.
19.52000, 193.
19.53000, 226.
19.54000, 225.
19.55000, 208.
19.56000, 204.
19.57000, 208.
19.58000, 170.
19.59000, 176.
19.60000, 164.
19.61000, 175.
19.62000, 176.
19.63000, 181.
19.64000, 179.
19.65000, 160.
19.66000, 207.
19.67000, 148.
19.68000, 169.
19.69000, 173.
19.70000, 161.
19.71000, 150.
19.72000, 134.
19.73000, 148.
19.74000, 143.
19.75000, 161.
19.76000, 161.
19.77000, 149.
19.78000, 168.
19.79000, 146.
19.80000, 160.
19.81000, 158.
19.82000, 170.
19.83000, 179.
19.84000, 186.
19.85000, 178.
19.86000, 171.
19.87000, 187.
19.88000, 200.
19.89000, 195.
19.90000, 235.
19.91000, 267.
19.92000, 224.
19.93000, 222.
19.94000, 229.
19.95000, 254.
19.96000, 290.
19.97000, 305.
19.98000, 320.
19.99000, 328.
20.00000, 352.
20.01000, 349.
20.02000, 354.
20.03000, 405.
20.04000, 407.
20.05000, 454.
20.06000, 451.
20.07000, 442.
20.08000, 450.
20.09000, 499.
20.10000, 516.
20.11000, 503.
20.12000, 537.
20.13000, 524.
20.14000, 556.
20.15000, 569.
20.16000, 538.
20.17000, 538.
20.18000, 522.
20.19000, 525.
20.20000, 508.
20.21000, 476.
20.22000, 492.
20.23000, 453.
20.24000, 423.
20.25000, 453.
20.26000, 397.
20.27000, 351.
20.28000, 330.
20.29000, 332.
20.30000, 298.
20.31000, 281.
20.32000, 255.
20.33000, 231.
20.34000, 242.
20.35000, 217.
20.36000, 171.
20.37000, 222.
20.38000, 175.
20.39000, 168.
20.40000, 171.
20.41000, 164.
20.42000, 149.
20.43000, 154.
20.44000, 143.
20.45000, 162.
20.46000, 174.
20.47000, 164.
20.48000, 161.
20.49000, 130.
20.50000, 150.
20.51000, 153.
20.52000, 131.
20.53000, 143.
20.54000, 135.
20.55000, 159.
20.56000, 169.
20.57000, 126.
20.58000, 161.
20.59000, 179.
20.60000, 159.
20.61000, 141.
20.62000, 177.
20.63000, 183.
20.64000, 182.
20.65000, 154.
20.66000, 171.
20.67000, 164.
20.68000, 187.
20.69000, 176.
20.70000, 183.
20.71000, 195.
20.72000, 188.
20.73000, 203.
20.74000, 190.
20.75000, 176.
20.76000, 194.
20.77000, 209.
20.78000, 196.
20.79000, 232.
20.80000, 217.
20.81000, 226.
20.82000, 196.
20.83000, 225.
20.84000, 216.
20.85000, 215.
20.86000, 221.
20.87000, 217.
20.88000, 213.
20.89000, 212.
20.90000, 222.
20.91000, 212.
20.92000, 191.
20.93000, 204.
20.94000, 203.
20.95000, 225.
20.96000, 219.
20.97000, 228.
20.98000, 230.
20.99000, 216.
21.00000, 224.
21.01000, 224.
21.02000, 238.
21.03000, 206.
21.04000, 253.
21.05000, 226.
21.06000, 205.
21.07000, 222.
21.08000, 217.
21.09000, 208.
21.10000, 216.
21.11000, 186.
21.12000, 222.
21.13000, 206.
21.14000, 221.
21.15000, 177.
21.16000, 209.
21.17000, 202.
21.18000, 236.
21.19000, 205.
21.20000, 193.
21.21000, 215.
21.22000, 183.
21.23000, 181.
21.24000, 211.
21.25000, 206.
21.26000, 165.
21.27000, 197.
21.28000, 171.
21.29000, 180.
21.30000, 157.
21.31000, 170.
21.32000, 181.
21.33000, 162.
21.34000, 175.
21.35000, 166.
21.36000, 146.
21.37000, 150.
21.38000, 159.
21.39000, 152.
21.40000, 155.
21.41000, 172.
21.42000, 141.
21.43000, 172.
21.44000, 155.
21.45000, 118.
21.46000, 142.
21.47000, 135.
21.48000, 132.
21.49000, 127.
21.50000, 146.
21.51000, 143.
21.52000, 142.
21.53000, 134.
21.54000, 114.
21.55000, 123.
21.56000, 133.
21.57000, 135.
21.58000, 110.
21.59000, 110.
21.60000, 130.
21.61000, 128.
21.62000, 131.
21.63000, 101.
21.64000, 114.
21.65000, 104.
21.66000, 122.
21.67000, 129.
21.68000, 116.
21.69000, 81.
21.70000, 129.
21.71000, 116.
21.72000, 107.
21.73000, 109.
21.74000, 93.
21.75000, 111.
21.76000, 103.
21.77000, 102.
21.78000, 99.
21.79000, 96.
21.80000, 112.
21.81000, 90.
21.82000, 114.
21.83000, 99.
21.84000, 103.
21.85000, 102.
21.86000, 109.
21.87000, 85.
21.88000, 91.
21.89000, 93.
21.90000, 91.
21.91000, 114.
21.92000, 101.
21.93000, 94.
21.94000, 81.
21.95000, 107.
21.96000, 86.
21.97000, 101.
21.98000, 100.
21.99000, 90.
22.00000, 88.
22.01000, 113.
22.02000, 90.
22.03000, 85.
22.04000, 77.
22.05000, 89.
22.06000, 87.
22.07000, 88.
22.08000, 85.
22.09000, 80.
22.10000, 77.
22.11000, 87.
22.12000, 89.
22.13000, 94.
22.14000, 86.
22.15000, 80.
22.16000, 91.
22.17000, 95.
22.18000, 111.
22.19000, 90.
22.20000, 88.
22.21000, 77.
22.22000, 88.
22.23000, 95.
22.24000, 74.
22.25000, 90.
22.26000, 78.
22.27000, 86.
22.28000, 80.
22.29000, 91.
22.30000, 76.
22.31000, 93.
22.32000, 84.
22.33000, 96.
22.34000, 82.
22.35000, 78.
22.36000, 85.
22.37000, 80.
22.38000, 70.
22.39000, 96.
22.40000, 84.
22.41000, 86.
22.42000, 66.
22.43000, 95.
22.44000, 85.
22.45000, 73.
22.46000, 83.
22.47000, 77.
22.48000, 96.
22.49000, 70.
22.50000, 95.
22.51000, 85.
22.52000, 100.
22.53000, 94.
22.54000, 105.
22.55000, 87.
22.56000, 114.
22.57000, 104.
22.58000, 118.
22.59000, 110.
22.60000, 121.
22.61000, 115.
22.62000, 147.
22.63000, 128.
22.64000, 122.
22.65000, 124.
22.66000, 150.
22.67000, 119.
22.68000, 145.
22.69000, 152.
22.70000, 124.
22.71000, 111.
22.72000, 138.
22.73000, 115.
22.74000, 134.
22.75000, 116.
22.76000, 116.
22.77000, 105.
22.78000, 106.
22.79000, 113.
22.80000, 111.
22.81000, 99.
22.82000, 102.
22.83000, 107.
22.84000, 88.
22.85000, 86.
22.86000, 86.
22.87000, 90.
22.88000, 90.
22.89000, 75.
22.90000, 84.
22.91000, 62.
22.92000, 72.
22.93000, 74.
22.94000, 86.
22.95000, 61.
22.96000, 67.
22.97000, 60.
22.98000, 63.
22.99000, 81.
23.00000, 74.
23.01000, 87.
23.02000, 74.
23.03000, 72.
23.04000, 72.
23.05000, 71.
23.06000, 67.
23.07000, 89.
23.08000, 81.
23.09000, 77.
23.10000, 73.
23.11000, 77.
23.12000, 97.
23.13000, 100.
23.14000, 76.
23.15000, 77.
23.16000, 82.
23.17000, 74.
23.18000, 78.
23.19000, 62.
23.20000, 73.
23.21000, 59.
23.22000, 71.
23.23000, 89.
23.24000, 81.
23.25000, 63.
23.26000, 68.
23.27000, 69.
23.28000, 77.
23.29000, 73.
23.30000, 69.
23.31000, 66.
23.32000, 58.
23.33000, 66.
23.34000, 70.
23.35000, 61.
23.36000, 61.
23.37000, 74.
23.38000, 68.
23.39000, 51.
23.40000, 71.
23.41000, 71.
23.42000, 65.
23.43000, 59.
23.44000, 59.
23.45000, 66.
23.46000, 64.
23.47000, 69.
23.48000, 59.
23.49000, 69.
23.50000, 57.
23.51000, 63.
23.52000, 60.
23.53000, 61.
23.54000, 65.
23.55000, 53.
23.56000, 77.
23.57000, 70.
23.58000, 61.
23.59000, 75.
23.60000, 61.
23.61000, 58.
23.62000, 52.
23.63000, 68.
23.64000, 73.
23.65000, 45.
23.66000, 71.
23.67000, 70.
23.68000, 47.
23.69000, 53.
23.70000, 61.
23.71000, 67.
23.72000, 62.
23.73000, 72.
23.74000, 67.
23.75000, 64.
23.76000, 53.
23.77000, 54.
23.78000, 59.
23.79000, 67.
23.80000, 51.
23.81000, 71.
23.82000, 53.
23.83000, 59.
23.84000, 68.
23.85000, 53.
23.86000, 57.
23.87000, 58.
23.88000, 56.
23.89000, 68.
23.90000, 61.
23.91000, 80.
23.92000, 67.
23.93000, 61.
23.94000, 71.
23.95000, 51.
23.96000, 65.
23.97000, 50.
23.98000, 56.
23.99000, 70.
24.00000, 61.
24.01000, 69.
24.02000, 70.
24.03000, 68.
24.04000, 56.
24.05000, 51.
24.06000, 58.
24.07000, 65.
24.08000, 58.
24.09000, 64.
24.10000, 59.
24.11000, 66.
24.12000, 64.
24.13000, 52.
24.14000, 60.
24.15000, 61.
24.16000, 65.
24.17000, 58.
24.18000, 70.
24.19000, 73.
24.20000, 57.
24.21000, 58.
24.22000, 55.
24.23000, 57.
24.24000, 63.
24.25000, 64.
24.26000, 45.
24.27000, 65.
24.28000, 46.
24.29000, 65.
24.30000, 49.
24.31000, 52.
24.32000, 67.
24.33000, 66.
24.34000, 51.
24.35000, 61.
24.36000, 58.
24.37000, 67.
24.38000, 58.
24.39000, 67.
24.40000, 49.
24.41000, 51.
24.42000, 62.
24.43000, 71.
24.44000, 64.
24.45000, 61.
24.46000, 60.
24.47000, 61.
24.48000, 63.
24.49000, 61.
24.50000, 65.
24.51000, 62.
24.52000, 61.
24.53000, 62.
24.54000, 63.
24.55000, 61.
24.56000, 55.
24.57000, 52.
24.58000, 62.
24.59000, 60.
24.60000, 58.
24.61000, 53.
24.62000, 54.
24.63000, 73.
24.64000, 60.
24.65000, 63.
24.66000, 56.
24.67000, 54.
24.68000, 74.
24.69000, 64.
24.70000, 63.
24.71000, 43.
24.72000, 48.
24.73000, 61.
24.74000, 65.
24.75000, 63.
24.76000, 65.
24.77000, 69.
24.78000, 53.
24.79000, 50.
24.80000, 55.
24.81000, 57.
24.82000, 55.
24.83000, 57.
24.84000, 69.
24.85000, 56.
24.86000, 56.
24.87000, 62.
24.88000, 57.
24.89000, 51.
24.90000, 64.
24.91000, 66.
24.92000, 43.
24.93000, 72.
24.94000, 76.
24.95000, 68.
24.96000, 65.
24.97000, 70.
24.98000, 67.
24.99000, 69.
25.00000, 68.
25.01000, 53.
25.02000, 60.
25.03000, 61.
25.04000, 61.
25.05000, 76.
25.06000, 67.
25.07000, 55.
25.08000, 77.
25.09000, 73.
25.10000, 81.
25.11000, 74.
25.12000, 57.
25.13000, 64.
25.14000, 81.
25.15000, 65.
25.16000, 70.
25.17000, 69.
25.18000, 77.
25.19000, 75.
25.20000, 71.
25.21000, 81.
25.22000, 71.
25.23000, 78.
25.24000, 74.
25.25000, 64.
25.26000, 61.
25.27000, 72.
25.28000, 58.
25.29000, 83.
25.30000, 60.
25.31000, 73.
25.32000, 66.
25.33000, 66.
25.34000, 70.
25.35000, 56.
25.36000, 59.
25.37000, 63.
25.38000, 50.
25.39000, 64.
25.40000, 55.
25.41000, 80.
25.42000, 56.
25.43000, 58.
25.44000, 74.
25.45000, 61.
25.46000, 56.
25.47000, 67.
25.48000, 57.
25.49000, 53.
25.50000, 45.
25.51000, 69.
25.52000, 54.
25.53000, 71.
25.54000, 57.
25.55000, 57.
25.56000, 70.
25.57000, 52.
25.58000, 46.
25.59000, 59.
25.60000, 56.
25.61000, 66.
25.62000, 54.
25.63000, 60.
25.64000, 66.
25.65000, 53.
25.66000, 62.
25.67000, 48.
25.68000, 51.
25.69000, 51.
25.70000, 58.
25.71000, 49.
25.72000, 52.
25.73000, 47.
25.74000, 60.
25.75000, 48.
25.76000, 50.
25.77000, 57.
25.78000, 61.
25.79000, 61.
25.80000, 60.
25.81000, 62.
25.82000, 60.
25.83000, 62.
25.84000, 59.
25.85000, 53.
25.86000, 73.
25.87000, 60.
25.88000, 48.
25.89000, 46.
25.90000, 69.
25.91000, 55.
25.92000, 60.
25.93000, 60.
25.94000, 60.
25.95000, 47.
25.96000, 47.
25.97000, 50.
25.98000, 47.
25.99000, 54.
26.00000, 53.
26.01000, 53.
26.02000, 46.
26.03000, 63.
26.04000, 51.
26.05000, 45.
26.06000, 48.
26.07000, 60.
26.08000, 52.
26.09000, 59.
26.10000, 54.
26.11000, 61.
26.12000, 57.
26.13000, 48.
26.14000, 49.
26.15000, 46.
26.16000, 61.
26.17000, 51.
26.18000, 50.
26.19000, 43.
26.20000, 45.
26.21000, 49.
26.22000, 56.
26.23000, 50.
26.24000, 45.
26.25000, 55.
26.26000, 42.
26.27000, 47.
26.28000, 64.
26.29000, 55.
26.30000, 33.
26.31000, 53.
26.32000, 59.
26.33000, 52.
26.34000, 49.
26.35000, 53.
26.36000, 51.
26.37000, 49.
26.38000, 56.
26.39000, 52.
26.40000, 53.
26.41000, 54.
26.42000, 51.
26.43000, 49.
26.44000, 53.
26.45000, 43.
26.46000, 69.
26.47000, 54.
26.48000, 50.
26.49000, 41.
26.50000, 47.
26.51000, 54.
26.52000, 57.
26.53000, 50.
26.54000, 51.
26.55000, 52.
26.56000, 57.
26.57000, 63.
26.58000, 55.
26.59000, 51.
26.60000, 47.
26.61000, 56.
26.62000, 59.
26.63000, 57.
26.64000, 55.
26.65000, 55.
26.66000, 53.
26.67000, 53.
26.68000, 53.
26.69000, 57.
26.70000, 70.
26.71000, 56.
26.72000, 63.
26.73000, 44.
26.74000, 57.
26.75000, 44.
26.76000, 52.
26.77000, 32.
26.78000, 48.
26.79000, 48.
26.80000, 51.
26.81000, 34.
26.82000, 56.
26.83000, 50.
26.84000, 39.
26.85000, 65.
26.86000, 44.
26.87000, 49.
26.88000, 47.
26.89000, 46.
26.90000, 49.
26.91000, 60.
26.92000, 37.
26.93000, 51.
26.94000, 59.
26.95000, 38.
26.96000, 38.
26.97000, 51.
26.98000, 53.
26.99000, 49.
27.00000, 37.
27.01000, 48.
27.02000, 49.
27.03000, 55.
27.04000, 46.
27.05000, 51.
27.06000, 48.
27.07000, 58.
27.08000, 47.
27.09000, 42.
27.10000, 51.
27.11000, 46.
27.12000, 45.
27.13000, 49.
27.14000, 36.
27.15000, 43.
27.16000, 56.
27.17000, 50.
27.18000, 41.
27.19000, 53.
27.20000, 47.
27.21000, 47.
27.22000, 49.
27.23000, 45.
27.24000, 38.
27.25000, 52.
27.26000, 46.
27.27000, 44.
27.28000, 44.
27.29000, 57.
27.30000, 56.
27.31000, 46.
27.32000, 45.
27.33000, 46.
27.34000, 51.
27.35000, 46.
27.36000, 50.
27.37000, 52.
27.38000, 49.
27.39000, 53.
27.40000, 45.
27.41000, 50.
27.42000, 39.
27.43000, 58.
27.44000, 44.
27.45000, 43.
27.46000, 31.
27.47000, 40.
27.48000, 48.
27.49000, 50.
27.50000, 40.
27.51000, 42.
27.52000, 40.
27.53000, 59.
27.54000, 35.
27.55000, 50.
27.56000, 46.
27.57000, 52.
27.58000, 48.
27.59000, 50.
27.60000, 42.
27.61000, 39.
27.62000, 34.
27.63000, 52.
27.64000, 52.
27.65000, 44.
27.66000, 38.
27.67000, 35.
27.68000, 49.
27.69000, 33.
27.70000, 46.
27.71000, 49.
27.72000, 35.
27.73000, 51.
27.74000, 38.
27.75000, 49.
27.76000, 33.
27.77000, 47.
27.78000, 34.
27.79000, 46.
27.80000, 43.
27.81000, 48.
27.82000, 51.
27.83000, 50.
27.84000, 40.
27.85000, 38.
27.86000, 55.
27.87000, 37.
27.88000, 35.
27.89000, 40.
27.90000, 36.
27.91000, 43.
27.92000, 34.
27.93000, 39.
27.94000, 42.
27.95000, 45.
27.96000, 47.
27.97000, 40.
27.98000, 53.
27.99000, 46.
28.00000, 44.
28.01000, 43.
28.02000, 47.
28.03000, 49.
28.04000, 39.
28.05000, 39.
28.06000, 46.
28.07000, 40.
28.08000, 35.
28.09000, 51.
28.10000, 57.
28.11000, 52.
28.12000, 43.
28.13000, 35.
28.14000, 56.
28.15000, 35.
28.16000, 53.
28.17000, 43.
28.18000, 52.
28.19000, 43.
28.20000, 50.
28.21000, 42.
28.22000, 35.
28.23000, 31.
28.24000, 41.
28.25000, 53.
28.26000, 32.
28.27000, 49.
28.28000, 46.
28.29000, 40.
28.30000, 46.
28.31000, 36.
28.32000, 37.
28.33000, 50.
28.34000, 45.
28.35000, 43.
28.36000, 47.
28.37000, 36.
28.38000, 52.
28.39000, 42.
28.40000, 33.
28.41000, 35.
28.42000, 36.
28.43000, 38.
28.44000, 46.
28.45000, 40.
28.46000, 37.
28.47000, 41.
28.48000, 34.
28.49000, 59.
28.50000, 37.
28.51000, 51.
28.52000, 37.
28.53000, 48.
28.54000, 26.
28.55000, 44.
28.56000, 43.
28.57000, 34.
28.58000, 45.
28.59000, 28.
28.60000, 35.
28.61000, 44.
28.62000, 39.
28.63000, 48.
28.64000, 37.
28.65000, 39.
28.66000, 39.
28.67000, 39.
28.68000, 38.
28.69000, 39.
28.70000, 42.
28.71000, 41.
28.72000, 39.
28.73000, 39.
28.74000, 45.
28.75000, 32.
28.76000, 32.
28.77000, 40.
28.78000, 56.
28.79000, 37.
28.80000, 41.
28.81000, 44.
28.82000, 38.
28.83000, 46.
28.84000, 38.
28.85000, 31.
28.86000, 39.
28.87000, 38.
28.88000, 42.
28.89000, 43.
28.90000, 44.
28.91000, 35.
28.92000, 36.
28.93000, 32.
28.94000, 43.
28.95000, 40.
28.96000, 34.
28.97000, 33.
28.98000, 40.
28.99000, 39.
29.00000, 28.
29.01000, 34.
29.02000, 36.
29.03000, 46.
29.04000, 44.
29.05000, 48.
29.06000, 47.
29.07000, 40.
29.08000, 45.
29.09000, 44.
29.10000, 40.
29.11000, 29.
29.12000, 40.
29.13000, 45.
29.14000, 38.
29.15000, 44.
29.16000, 42.
29.17000, 38.
29.18000, 27.
29.19000, 52.
29.20000, 23.
29.21000, 43.
29.22000, 43.
29.23000, 44.
29.24000, 27.
29.25000, 45.
29.26000, 34.
29.27000, 59.
29.28000, 44.
29.29000, 38.
29.30000, 27.
29.31000, 34.
29.32000, 44.
29.33000, 24.
29.34000, 37.
29.35000, 36.
29.36000, 35.
29.37000, 38.
29.38000, 32.
29.39000, 53.
29.40000, 33.
29.41000, 32.
29.42000, 49.
29.43000, 39.
29.44000, 41.
29.45000, 35.
29.46000, 36.
29.47000, 37.
29.48000, 32.
29.49000, 36.
29.50000, 34.
29.51000, 31.
29.52000, 43.
29.53000, 36.
29.54000, 42.
29.55000, 34.
29.56000, 42.
29.57000, 48.
29.58000, 34.
29.59000, 36.
29.60000, 35.
29.61000, 46.
29.62000, 28.
29.63000, 39.
29.64000, 37.
29.65000, 46.
29.66000, 27.
29.67000, 28.
29.68000, 38.
29.69000, 43.
29.70000, 51.
29.71000, 34.
29.72000, 33.
29.73000, 36.
29.74000, 42.
29.75000, 34.
29.76000, 43.
29.77000, 23.
29.78000, 41.
29.79000, 32.
29.80000, 36.
29.81000, 24.
29.82000, 34.
29.83000, 43.
29.84000, 30.
29.85000, 32.
29.86000, 40.
29.87000, 37.
29.88000, 32.
29.89000, 34.
29.90000, 30.
29.91000, 35.
29.92000, 33.
29.93000, 26.
29.94000, 35.
29.95000, 39.
29.96000, 29.
29.97000, 27.
29.98000, 36.
29.99000, 40.
30.00000, 38.
30.01000, 26.
30.02000, 41.
30.03000, 29.
30.04000, 31.
30.05000, 39.
30.06000, 41.
30.07000, 27.
30.08000, 45.
30.09000, 21.
30.10000, 35.
30.11000, 38.
30.12000, 22.
30.13000, 35.
30.14000, 39.
30.15000, 29.
30.16000, 25.
30.17000, 36.
30.18000, 30.
30.19000, 35.
30.20000, 29.
30.21000, 33.
30.22000, 43.
30.23000, 42.
30.24000, 36.
30.25000, 34.
30.26000, 28.
30.27000, 42.
30.28000, 27.
30.29000, 35.
30.30000, 38.
30.31000, 33.
30.32000, 42.
30.33000, 43.
30.34000, 38.
30.35000, 39.
30.36000, 29.
30.37000, 41.
30.38000, 36.
30.39000, 19.
30.40000, 29.
30.41000, 29.
30.42000, 38.
30.43000, 30.
30.44000, 31.
30.45000, 39.
30.46000, 38.
30.47000, 31.
30.48000, 33.
30.49000, 37.
30.50000, 34.
30.51000, 32.
30.52000, 34.
30.53000, 32.
30.54000, 31.
30.55000, 28.
30.56000, 19.
30.57000, 26.
30.58000, 28.
30.59000, 30.
30.60000, 30.
30.61000, 31.
30.62000, 31.
30.63000, 36.
30.64000, 35.
30.65000, 29.
30.66000, 21.
30.67000, 31.
30.68000, 29.
30.69000, 23.
30.70000, 25.
30.71000, 43.
30.72000, 25.
30.73000, 27.
30.74000, 33.
30.75000, 26.
30.76000, 32.
30.77000, 38.
30.78000, 37.
30.79000, 34.
30.80000, 28.
30.81000, 31.
30.82000, 22.
30.83000, 22.
30.84000, 37.
30.85000, 29.
30.86000, 34.
30.87000, 31.
30.88000, 32.
30.89000, 31.
30.90000, 29.
30.91000, 25.
30.92000, 34.
30.93000, 21.
30.94000, 40.
30.95000, 34.
30.96000, 24.
30.97000, 42.
30.98000, 25.
30.99000, 32.
31.00000, 18.
31.01000, 34.
31.02000, 33.
31.03000, 38.
31.04000, 25.
31.05000, 34.
31.06000, 23.
31.07000, 22.
31.08000, 23.
31.09000, 30.
31.10000, 37.
31.11000, 25.
31.12000, 30.
31.13000, 31.
31.14000, 34.
31.15000, 25.
31.16000, 27.
31.17000, 26.
31.18000, 36.
31.19000, 34.
31.20000, 26.
31.21000, 26.
31.22000, 27.
31.23000, 26.
31.24000, 30.
31.25000, 25.
31.26000, 29.
31.27000, 26.
31.28000, 28.
31.29000, 26.
31.30000, 29.
31.31000, 32.
31.32000, 24.
31.33000, 26.
31.34000, 24.
31.35000, 37.
31.36000, 31.
31.37000, 33.
31.38000, 29.
31.39000, 31.
31.40000, 31.
31.41000, 22.
31.42000, 36.
31.43000, 31.
31.44000, 25.
31.45000, 17.
31.46000, 23.
31.47000, 24.
31.48000, 20.
31.49000, 23.
31.50000, 30.
31.51000, 32.
31.52000, 22.
31.53000, 18.
31.54000, 37.
31.55000, 30.
31.56000, 40.
31.57000, 32.
31.58000, 25.
31.59000, 29.
31.60000, 36.
31.61000, 26.
31.62000, 38.
31.63000, 29.
31.64000, 27.
31.65000, 29.
31.66000, 37.
31.67000, 49.
31.68000, 31.
31.69000, 23.
31.70000, 28.
31.71000, 25.
31.72000, 20.
31.73000, 21.
31.74000, 38.
31.75000, 32.
31.76000, 24.
31.77000, 33.
31.78000, 38.
31.79000, 19.
31.80000, 35.
31.81000, 38.
31.82000, 35.
31.83000, 28.
31.84000, 34.
31.85000, 29.
31.86000, 25.
31.87000, 25.
31.88000, 32.
31.89000, 31.
31.90000, 30.
31.91000, 23.
31.92000, 21.
31.93000, 28.
31.94000, 26.
31.95000, 30.
31.96000, 31.
31.97000, 29.
31.98000, 21.
31.99000, 28.
32.00000, 27.
32.01000, 28.
32.02000, 22.
32.03000, 33.
32.04000, 34.
32.05000, 36.
32.06000, 31.
32.07000, 37.
32.08000, 23.
32.09000, 44.
32.10000, 28.
32.11000, 37.
32.12000, 29.
32.13000, 31.
32.14000, 32.
32.15000, 27.
32.16000, 39.
32.17000, 29.
32.18000, 35.
32.19000, 26.
32.20000, 37.
32.21000, 18.
32.22000, 37.
32.23000, 38.
32.24000, 20.
32.25000, 35.
32.26000, 20.
32.27000, 23.
32.28000, 18.
32.29000, 18.
32.30000, 28.
32.31000, 27.
32.32000, 18.
32.33000, 35.
32.34000, 20.
32.35000, 25.
32.36000, 23.
32.37000, 22.
32.38000, 20.
32.39000, 26.
32.40000, 24.
32.41000, 20.
32.42000, 35.
32.43000, 21.
32.44000, 31.
32.45000, 22.
32.46000, 17.
32.47000, 28.
32.48000, 21.
32.49000, 19.
32.50000, 24.
32.51000, 15.
32.52000, 19.
32.53000, 23.
32.54000, 22.
32.55000, 19.
32.56000, 24.
32.57000, 23.
32.58000, 13.
32.59000, 22.
32.60000, 29.
32.61000, 22.
32.62000, 26.
32.63000, 26.
32.64000, 21.
32.65000, 22.
32.66000, 25.
32.67000, 26.
32.68000, 15.
32.69000, 22.
32.70000, 21.
32.71000, 17.
32.72000, 23.
32.73000, 23.
32.74000, 22.
32.75000, 20.
32.76000, 15.
32.77000, 19.
32.78000, 28.
32.79000, 28.
32.80000, 24.
32.81000, 19.
32.82000, 26.
32.83000, 24.
32.84000, 18.
32.85000, 23.
32.86000, 22.
32.87000, 23.
32.88000, 22.
32.89000, 34.
32.90000, 25.
32.91000, 20.
32.92000, 20.
32.93000, 24.
32.94000, 19.
32.95000, 26.
32.96000, 17.
32.97000, 22.
32.98000, 23.
32.99000, 24.
33.00000, 13.
33.01000, 19.
33.02000, 24.
33.03000, 21.
33.04000, 30.
33.05000, 28.
33.06000, 21.
33.07000, 13.
33.08000, 20.
33.09000, 29.
33.10000, 26.
33.11000, 27.
33.12000, 36.
33.13000, 17.
33.14000, 29.
33.15000, 28.
33.16000, 23.
33.17000, 26.
33.18000, 26.
33.19000, 29.
33.20000, 17.
33.21000, 27.
33.22000, 25.
33.23000, 28.
33.24000, 20.
33.25000, 23.
33.26000, 22.
33.27000, 19.
33.28000, 21.
33.29000, 23.
33.30000, 30.
33.31000, 21.
33.32000, 21.
33.33000, 29.
33.34000, 18.
33.35000, 23.
33.36000, 24.
33.37000, 23.
33.38000, 25.
33.39000, 26.
33.40000, 27.
33.41000, 17.
33.42000, 20.
33.43000, 25.
33.44000, 16.
33.45000, 22.
33.46000, 24.
33.47000, 19.
33.48000, 15.
33.49000, 18.
33.50000, 31.
33.51000, 20.
33.52000, 19.
33.53000, 28.
33.54000, 28.
33.55000, 20.
33.56000, 14.
33.57000, 25.
33.58000, 26.
33.59000, 20.
33.60000, 15.
33.61000, 21.
33.62000, 18.
33.63000, 22.
33.64000, 24.
33.65000, 18.
33.66000, 15.
33.67000, 25.
33.68000, 11.
33.69000, 14.
33.70000, 23.
33.71000, 19.
33.72000, 19.
33.73000, 16.
33.74000, 12.
33.75000, 22.
33.76000, 19.
33.77000, 27.
33.78000, 15.
33.79000, 17.
33.80000, 17.
33.81000, 20.
33.82000, 19.
33.83000, 19.
33.84000, 18.
33.85000, 26.
33.86000, 19.
33.87000, 24.
33.88000, 22.
33.89000, 14.
33.90000, 15.
33.91000, 11.
33.92000, 26.
33.93000, 17.
33.94000, 12.
33.95000, 9.
33.96000, 16.
33.97000, 22.
33.98000, 12.
33.99000, 26.
34.00000, 12.
34.01000, 15.
34.02000, 19.
34.03000, 19.
34.04000, 23.
34.05000, 18.
34.06000, 20.
34.07000, 18.
34.08000, 24.
34.09000, 15.
34.10000, 17.
34.11000, 22.
34.12000, 21.
34.13000, 21.
34.14000, 20.
34.15000, 17.
34.16000, 18.
34.17000, 20.
34.18000, 19.
34.19000, 19.
34.20000, 21.
34.21000, 10.
34.22000, 15.
34.23000, 16.
34.24000, 15.
34.25000, 21.
34.26000, 16.
34.27000, 19.
34.28000, 20.
34.29000, 16.
34.30000, 22.
34.31000, 14.
34.32000, 27.
34.33000, 21.
34.34000, 16.
34.35000, 12.
34.36000, 6.
34.37000, 15.
34.38000, 24.
34.39000, 17.
34.40000, 14.
34.41000, 13.
34.42000, 15.
34.43000, 15.
34.44000, 27.
34.45000, 12.
34.46000, 14.
34.47000, 14.
34.48000, 19.
34.49000, 12.
34.50000, 20.
34.51000, 21.
34.52000, 17.
34.53000, 22.
34.54000, 11.
34.55000, 22.
34.56000, 18.
34.57000, 16.
34.58000, 14.
34.59000, 13.
34.60000, 19.
34.61000, 18.
34.62000, 19.
34.63000, 20.
34.64000, 21.
34.65000, 17.
34.66000, 16.
34.67000, 26.
34.68000, 21.
34.69000, 9.
34.70000, 22.
34.71000, 10.
34.72000, 14.
34.73000, 15.
34.74000, 21.
34.75000, 20.
34.76000, 13.
34.77000, 18.
34.78000, 9.
34.79000, 16.
34.80000, 18.
34.81000, 16.
34.82000, 14.
34.83000, 21.
34.84000, 15.
34.85000, 17.
34.86000, 27.
34.87000, 23.
34.88000, 16.
34.89000, 16.
34.90000, 23.
34.91000, 13.
34.92000, 23.
34.93000, 32.
34.94000, 12.
34.95000, 21.
34.96000, 14.
34.97000, 18.
34.98000, 12.
34.99000, 20.
35.00000, 16.
35.01000, 18.
35.02000, 10.
35.03000, 13.
35.04000, 20.
35.05000, 19.
35.06000, 11.
35.07000, 22.
35.08000, 7.
35.09000, 18.
35.10000, 10.
35.11000, 16.
35.12000, 16.
35.13000, 11.
35.14000, 9.
35.15000, 18.
35.16000, 17.
35.17000, 16.
35.18000, 12.
35.19000, 19.
35.20000, 15.
35.21000, 13.
35.22000, 13.
35.23000, 8.
35.24000, 14.
35.25000, 15.
35.26000, 17.
35.27000, 14.
35.28000, 16.
35.29000, 5.
35.30000, 22.
35.31000, 16.
35.32000, 15.
35.33000, 20.
35.34000, 12.
35.35000, 21.
35.36000, 21.
35.37000, 18.
35.38000, 15.
35.39000, 10.
35.40000, 15.
35.41000, 16.
35.42000, 14.
35.43000, 18.
35.44000, 16.
35.45000, 15.
35.46000, 10.
35.47000, 15.
35.48000, 12.
35.49000, 16.
35.50000, 17.
35.51000, 14.
35.52000, 10.
35.53000, 9.
35.54000, 16.
35.55000, 9.
35.56000, 12.
35.57000, 13.
35.58000, 24.
35.59000, 16.
35.60000, 12.
35.61000, 13.
35.62000, 16.
35.63000, 16.
35.64000, 16.
35.65000, 14.
35.66000, 14.
35.67000, 12.
35.68000, 9.
35.69000, 13.
35.70000, 13.
35.71000, 15.
35.72000, 11.
35.73000, 14.
35.74000, 15.
35.75000, 14.
35.76000, 12.
35.77000, 17.
35.78000, 20.
35.79000, 9.
35.80000, 20.
35.81000, 14.
35.82000, 11.
35.83000, 20.
35.84000, 9.
35.85000, 10.
35.86000, 15.
35.87000, 13.
35.88000, 15.
35.89000, 11.
35.90000, 12.
35.91000, 16.
35.92000, 14.
35.93000, 10.
35.94000, 13.
35.95000, 18.
35.96000, 11.
35.97000, 12.
35.98000, 16.
35.99000, 14.
36.00000, 13.
36.01000, 13.
36.02000, 14.
36.03000, 9.
36.04000, 12.
36.05000, 8.
36.06000, 20.
36.07000, 25.
36.08000, 9.
36.09000, 16.
36.10000, 11.
36.11000, 9.
36.12000, 6.
36.13000, 15.
36.14000, 12.
36.15000, 16.
36.16000, 13.
36.17000, 12.
36.18000, 14.
36.19000, 14.
36.20000, 12.
36.21000, 17.
36.22000, 22.
36.23000, 20.
36.24000, 10.
36.25000, 16.
36.26000, 18.
36.27000, 13.
36.28000, 12.
36.29000, 20.
36.30000, 20.
36.31000, 16.
36.32000, 9.
36.33000, 14.
36.34000, 21.
36.35000, 5.
36.36000, 18.
36.37000, 11.
36.38000, 24.
36.39000, 11.
36.40000, 12.
36.41000, 18.
36.42000, 14.
36.43000, 7.
36.44000, 12.
36.45000, 14.
36.46000, 20.
36.47000, 12.
36.48000, 13.
36.49000, 14.
36.50000, 4.
36.51000, 18.
36.52000, 9.
36.53000, 12.
36.54000, 12.
36.55000, 18.
36.56000, 11.
36.57000, 5.
36.58000, 12.
36.59000, 13.
36.60000, 11.
36.61000, 15.
36.62000, 6.
36.63000, 11.
36.64000, 13.
36.65000, 15.
36.66000, 9.
36.67000, 4.
36.68000, 8.
36.69000, 11.
36.70000, 12.
36.71000, 17.
36.72000, 19.
36.73000, 13.
36.74000, 15.
36.75000, 15.
36.76000, 10.
36.77000, 17.
36.78000, 9.
36.79000, 14.
36.80000, 10.
36.81000, 13.
36.82000, 12.
36.83000, 10.
36.84000, 12.
36.85000, 9.
36.86000, 11.
36.87000, 7.
36.88000, 16.
36.89000, 13.
36.90000, 12.
36.91000, 18.
36.92000, 12.
36.93000, 15.
36.94000, 12.
36.95000, 11.
36.96000, 15.
36.97000, 8.
36.98000, 8.
36.99000, 11.
37.00000, 13.
37.01000, 11.
37.02000, 8.
37.03000, 11.
37.04000, 9.
37.05000, 16.
37.06000, 15.
37.07000, 9.
37.08000, 11.
37.09000, 10.
37.10000, 19.
37.11000, 16.
37.12000, 11.
37.13000, 20.
37.14000, 15.
37.15000, 10.
37.16000, 10.
37.17000, 14.
37.18000, 6.
37.19000, 6.
37.20000, 6.
37.21000, 8.
37.22000, 11.
37.23000, 12.
37.24000, 7.
37.25000, 7.
37.26000, 8.
37.27000, 12.
37.28000, 14.
37.29000, 13.
37.30000, 7.
37.31000, 6.
37.32000, 21.
37.33000, 8.
37.34000, 16.
37.35000, 16.
37.36000, 11.
37.37000, 11.
37.38000, 12.
37.39000, 6.
37.40000, 13.
37.41000, 11.
37.42000, 11.
37.43000, 8.
37.44000, 8.
37.45000, 10.
37.46000, 10.
37.47000, 11.
37.48000, 13.
37.49000, 10.
37.50000, 9.
37.51000, 8.
37.52000, 23.
37.53000, 12.
37.54000, 11.
37.55000, 5.
37.56000, 10.
37.57000, 9.
37.58000, 15.
37.59000, 19.
37.60000, 13.
37.61000, 9.
37.62000, 4.
37.63000, 4.
37.64000, 9.
37.65000, 8.
37.66000, 11.
37.67000, 9.
37.68000, 7.
37.69000, 6.
37.70000, 8.
37.71000, 12.
37.72000, 11.
37.73000, 8.
37.74000, 9.
37.75000, 13.
37.76000, 13.
37.77000, 12.
37.78000, 10.
37.79000, 21.
37.80000, 12.
37.81000, 8.
37.82000, 10.
37.83000, 6.
37.84000, 13.
37.85000, 9.
37.86000, 6.
37.87000, 10.
37.88000, 12.
37.89000, 15.
37.90000, 9.
37.91000, 12.
37.92000, 10.
37.93000, 9.
37.94000, 13.
37.95000, 6.
37.96000, 11.
37.97000, 14.
37.98000, 13.
37.99000, 14.
38.00000, 4.
38.01000, 9.
38.02000, 7.
38.03000, 8.
38.04000, 10.
38.05000, 11.
38.06000, 10.
38.07000, 7.
38.08000, 6.
38.09000, 7.
38.10000, 7.
38.11000, 5.
38.12000, 5.
38.13000, 9.
38.14000, 7.
38.15000, 9.
38.16000, 9.
38.17000, 6.
38.18000, 9.
38.19000, 4.
38.20000, 6.
38.21000, 7.
38.22000, 6.
38.23000, 7.
38.24000, 8.
38.25000, 8.
38.26000, 7.
38.27000, 9.
38.28000, 11.
38.29000, 7.
38.30000, 6.
38.31000, 7.
38.32000, 11.
38.33000, 6.
38.34000, 13.
38.35000, 4.
38.36000, 10.
38.37000, 5.
38.38000, 5.
38.39000, 10.
38.40000, 10.
38.41000, 11.
38.42000, 7.
38.43000, 11.
38.44000, 7.
38.45000, 6.
38.46000, 6.
38.47000, 6.
38.48000, 10.
38.49000, 5.
38.50000, 7.
38.51000, 11.
38.52000, 11.
38.53000, 7.
38.54000, 7.
38.55000, 4.
38.56000, 11.
38.57000, 9.
38.58000, 6.
38.59000, 6.
38.60000, 10.
38.61000, 7.
38.62000, 8.
38.63000, 10.
38.64000, 5.
38.65000, 6.
38.66000, 6.
38.67000, 5.
38.68000, 6.
38.69000, 5.
38.70000, 10.
38.71000, 14.
38.72000, 3.
38.73000, 5.
38.74000, 4.
38.75000, 5.
38.76000, 11.
38.77000, 5.
38.78000, 5.
38.79000, 5.
38.80000, 7.
38.81000, 9.
38.82000, 12.
38.83000, 7.
38.84000, 6.
38.85000, 9.
38.86000, 6.
38.87000, 7.
38.88000, 5.
38.89000, 9.
38.90000, 6.
38.91000, 8.
38.92000, 10.
38.93000, 8.
38.94000, 6.
38.95000, 9.
38.96000, 4.
38.97000, 7.
38.98000, 4.
38.99000, 2.
39.00000, 5.
39.01000, 9.
39.02000, 12.
39.03000, 9.
39.04000, 5.
39.05000, 5.
39.06000, 7.
39.07000, 1.
39.08000, 4.
39.09000, 6.
39.10000, 8.
39.11000, 8.
39.12000, 5.
39.13000, 9.
39.14000, 8.
39.15000, 1.
39.16000, 7.
39.17000, 12.
39.18000, 8.
39.19000, 1.
39.20000, 9.
39.21000, 4.
39.22000, 7.
39.23000, 7.
39.24000, 7.
39.25000, 6.
39.26000, 6.
39.27000, 5.
39.28000, 5.
39.29000, 12.
39.30000, 4.
39.31000, 6.
39.32000, 8.
39.33000, 5.
39.34000, 8.
39.35000, 9.
39.36000, 7.
39.37000, 9.
39.38000, 1.
39.39000, 6.
39.40000, 12.
39.41000, 6.
39.42000, 6.
39.43000, 3.
39.44000, 1.
39.45000, 2.
39.46000, 10.
39.47000, 9.
39.48000, 3.
39.49000, 4.
39.50000, 11.
39.51000, 5.
39.52000, 4.
39.53000, 11.
39.54000, 3.
39.55000, 7.
39.56000, 6.
39.57000, 7.
39.58000, 6.
39.59000, 7.
39.60000, 9.
39.61000, 6.
39.62000, 9.
39.63000, 7.
39.64000, 3.
39.65000, 5.
39.66000, 3.
39.67000, 8.
39.68000, 10.
39.69000, 5.
39.70000, 3.
39.71000, 4.
39.72000, 6.
39.73000, 2.
39.74000, 6.
39.75000, 11.
39.76000, 5.
39.77000, 1.
39.78000, 9.
39.79000, 9.
39.80000, 10.
39.81000, 3.
39.82000, 6.
39.83000, 7.
39.84000, 8.
39.85000, 7.
39.86000, 7.
39.87000, 4.
39.88000, 4.
39.89000, 11.
39.90000, 10.
39.91000, 3.
39.92000, 4.
39.93000, 10.
39.94000, 5.
39.95000, 5.
39.96000, 6.
39.97000, 1.
39.98000, 2.
39.99000, 6.
40.00000, 3.
40.01000, 7.
40.02000, 3.
40.03000, 6.
40.04000, 11.
40.05000, 7.
40.06000, 11.
40.07000, 3.
40.08000, 4.
40.09000, 2.
40.10000, 3.
40.11000, 8.
40.12000, 3.
40.13000, 3.
40.14000, 4.
40.15000, 4.
40.16000, 5.
40.17000, 8.
40.18000, 10.
40.19000, 4.
40.20000, 2.
40.21000, 6.
40.22000, 6.
40.23000, 2.
40.24000, 1.
40.25000, 4.
40.26000, 7.
40.27000, 4.
40.28000, 2.
40.29000, 2.
40.30000, 1.
40.31000, 4.
40.32000, 7.
40.33000, 3.
40.34000, 4.
40.35000, 5.
40.36000, 5.
40.37000, 1.
40.38000, 7.
40.39000, 4.
40.40000, 12.
40.41000, 3.
40.42000, 5.
40.43000, 8.
40.44000, 3.
40.45000, 4.
40.46000, 0.
40.47000, 5.
40.48000, 5.
40.49000, 6.
40.50000, 2.
40.51000, 4.
40.52000, 6.
40.53000, 5.
40.54000, 2.
40.55000, 0.
#ENDOFDATA   : 
