#FORMAT      : EMSA/MAS Spectral Data File
#VERSION     : 1.0
#TITLE       : Spectrum 24
#DATE        : 21-AUG-2025
#TIME        : 15:28
#OWNER       : XGT7200
#NPOINTS     : 4096.
#NCOLUMNS    : 1.
#XUNITS      : keV
#YUNITS      : counts
#DATATYPE    : XY
#XPERCHAN    : 0.0100000
#OFFSET      : -0.400000
#SIGNALTYPE  : EDS
#CHOFFSET    : 40.0000
#LIVETIME    : 30.000000
#REALTIME    : 39.598281
#BEAMKV      : 50.0000
#PROBECUR    : 683000.
#MAGCAM      : 100.000
#XTILTSTGE   : 0.0
#AZIMANGLE   : 0.0
#ELEVANGLE   : 45.0
#XPOSITION mm: 0.0000
#YPOSITION mm: 0.0000
#ZPOSITION mm: 0.0000
##OXINSTPT   : 4
##OXINSTSTROB: 71.84
#SPECTRUM    : Spectral Data Starts Here
-0.40000, 0.
-0.39000, 0.
-0.38000, 0.
-0.37000, 0.
-0.36000, 0.
-0.35000, 0.
-0.34000, 0.
-0.33000, 0.
-0.32000, 0.
-0.31000, 0.
-0.30000, 0.
-0.29000, 0.
-0.28000, 0.
-0.27000, 0.
-0.26000, 0.
-0.25000, 0.
-0.24000, 0.
-0.23000, 0.
-0.22000, 0.
-0.21000, 0.
-0.20000, 0.
-0.19000, 0.
-0.18000, 0.
-0.17000, 0.
-0.16000, 0.
-0.15000, 0.
-0.14000, 0.
-0.13000, 0.
-0.12000, 0.
-0.11000, 0.
-0.10000, 0.
-0.09000, 0.
-0.08000, 0.
-0.07000, 0.
-0.06000, 0.
-0.05000, 0.
-0.04000, 0.
-0.03000, 0.
-0.02000, 0.
-0.01000, 0.
0.00000, 0.
0.01000, 0.
0.02000, 0.
0.03000, 0.
0.04000, 0.
0.05000, 0.
0.06000, 0.
0.07000, 0.
0.08000, 0.
0.09000, 0.
0.10000, 0.
0.11000, 0.
0.12000, 0.
0.13000, 0.
0.14000, 0.
0.15000, 0.
0.16000, 0.
0.17000, 0.
0.18000, 0.
0.19000, 0.
0.20000, 0.
0.21000, 0.
0.22000, 0.
0.23000, 0.
0.24000, 0.
0.25000, 0.
0.26000, 0.
0.27000, 0.
0.28000, 0.
0.29000, 0.
0.30000, 0.
0.31000, 0.
0.32000, 1.
0.33000, 3.
0.34000, 0.
0.35000, 3.
0.36000, 6.
0.37000, 4.
0.38000, 19.
0.39000, 11.
0.40000, 17.
0.41000, 31.
0.42000, 27.
0.43000, 35.
0.44000, 35.
0.45000, 45.
0.46000, 38.
0.47000, 50.
0.48000, 47.
0.49000, 41.
0.50000, 41.
0.51000, 39.
0.52000, 58.
0.53000, 50.
0.54000, 46.
0.55000, 47.
0.56000, 47.
0.57000, 49.
0.58000, 39.
0.59000, 47.
0.60000, 31.
0.61000, 38.
0.62000, 38.
0.63000, 36.
0.64000, 32.
0.65000, 39.
0.66000, 43.
0.67000, 35.
0.68000, 40.
0.69000, 36.
0.70000, 29.
0.71000, 37.
0.72000, 34.
0.73000, 36.
0.74000, 35.
0.75000, 34.
0.76000, 34.
0.77000, 32.
0.78000, 29.
0.79000, 37.
0.80000, 40.
0.81000, 33.
0.82000, 34.
0.83000, 31.
0.84000, 43.
0.85000, 42.
0.86000, 40.
0.87000, 42.
0.88000, 35.
0.89000, 40.
0.90000, 39.
0.91000, 37.
0.92000, 32.
0.93000, 43.
0.94000, 42.
0.95000, 53.
0.96000, 45.
0.97000, 45.
0.98000, 35.
0.99000, 36.
1.00000, 49.
1.01000, 46.
1.02000, 40.
1.03000, 40.
1.04000, 39.
1.05000, 54.
1.06000, 42.
1.07000, 49.
1.08000, 40.
1.09000, 37.
1.10000, 41.
1.11000, 54.
1.12000, 34.
1.13000, 40.
1.14000, 42.
1.15000, 33.
1.16000, 32.
1.17000, 49.
1.18000, 51.
1.19000, 48.
1.20000, 51.
1.21000, 56.
1.22000, 75.
1.23000, 77.
1.24000, 77.
1.25000, 87.
1.26000, 87.
1.27000, 104.
1.28000, 82.
1.29000, 68.
1.30000, 75.
1.31000, 67.
1.32000, 41.
1.33000, 45.
1.34000, 60.
1.35000, 54.
1.36000, 47.
1.37000, 41.
1.38000, 59.
1.39000, 64.
1.40000, 116.
1.41000, 134.
1.42000, 203.
1.43000, 307.
1.44000, 429.
1.45000, 577.
1.46000, 663.
1.47000, 722.
1.48000, 853.
1.49000, 881.
1.50000, 857.
1.51000, 759.
1.52000, 725.
1.53000, 629.
1.54000, 473.
1.55000, 400.
1.56000, 305.
1.57000, 213.
1.58000, 168.
1.59000, 134.
1.60000, 115.
1.61000, 122.
1.62000, 108.
1.63000, 191.
1.64000, 260.
1.65000, 436.
1.66000, 684.
1.67000, 1067.
1.68000, 1611.
1.69000, 2301.
1.70000, 3108.
1.71000, 3842.
1.72000, 4601.
1.73000, 5280.
1.74000, 5365.
1.75000, 5540.
1.76000, 5336.
1.77000, 4630.
1.78000, 4107.
1.79000, 3387.
1.80000, 2618.
1.81000, 1898.
1.82000, 1346.
1.83000, 1047.
1.84000, 702.
1.85000, 499.
1.86000, 334.
1.87000, 283.
1.88000, 226.
1.89000, 179.
1.90000, 121.
1.91000, 86.
1.92000, 94.
1.93000, 72.
1.94000, 71.
1.95000, 92.
1.96000, 83.
1.97000, 94.
1.98000, 71.
1.99000, 103.
2.00000, 98.
2.01000, 92.
2.02000, 97.
2.03000, 97.
2.04000, 105.
2.05000, 70.
2.06000, 68.
2.07000, 53.
2.08000, 52.
2.09000, 45.
2.10000, 32.
2.11000, 32.
2.12000, 43.
2.13000, 25.
2.14000, 34.
2.15000, 36.
2.16000, 30.
2.17000, 36.
2.18000, 32.
2.19000, 41.
2.20000, 32.
2.21000, 37.
2.22000, 41.
2.23000, 33.
2.24000, 44.
2.25000, 32.
2.26000, 58.
2.27000, 68.
2.28000, 55.
2.29000, 75.
2.30000, 54.
2.31000, 69.
2.32000, 69.
2.33000, 66.
2.34000, 62.
2.35000, 68.
2.36000, 47.
2.37000, 48.
2.38000, 38.
2.39000, 61.
2.40000, 40.
2.41000, 39.
2.42000, 29.
2.43000, 41.
2.44000, 36.
2.45000, 33.
2.46000, 40.
2.47000, 43.
2.48000, 33.
2.49000, 44.
2.50000, 28.
2.51000, 32.
2.52000, 42.
2.53000, 31.
2.54000, 32.
2.55000, 43.
2.56000, 45.
2.57000, 55.
2.58000, 68.
2.59000, 107.
2.60000, 104.
2.61000, 143.
2.62000, 184.
2.63000, 234.
2.64000, 255.
2.65000, 353.
2.66000, 404.
2.67000, 404.
2.68000, 506.
2.69000, 537.
2.70000, 561.
2.71000, 529.
2.72000, 486.
2.73000, 460.
2.74000, 422.
2.75000, 369.
2.76000, 354.
2.77000, 265.
2.78000, 273.
2.79000, 249.
2.80000, 252.
2.81000, 303.
2.82000, 242.
2.83000, 289.
2.84000, 278.
2.85000, 262.
2.86000, 240.
2.87000, 256.
2.88000, 218.
2.89000, 182.
2.90000, 178.
2.91000, 187.
2.92000, 126.
2.93000, 117.
2.94000, 97.
2.95000, 88.
2.96000, 92.
2.97000, 82.
2.98000, 82.
2.99000, 58.
3.00000, 64.
3.01000, 58.
3.02000, 46.
3.03000, 61.
3.04000, 51.
3.05000, 51.
3.06000, 41.
3.07000, 35.
3.08000, 27.
3.09000, 37.
3.10000, 36.
3.11000, 25.
3.12000, 31.
3.13000, 44.
3.14000, 35.
3.15000, 35.
3.16000, 41.
3.17000, 36.
3.18000, 44.
3.19000, 67.
3.20000, 73.
3.21000, 114.
3.22000, 159.
3.23000, 184.
3.24000, 246.
3.25000, 287.
3.26000, 396.
3.27000, 529.
3.28000, 550.
3.29000, 710.
3.30000, 744.
3.31000, 730.
3.32000, 735.
3.33000, 778.
3.34000, 715.
3.35000, 653.
3.36000, 591.
3.37000, 422.
3.38000, 376.
3.39000, 248.
3.40000, 242.
3.41000, 159.
3.42000, 122.
3.43000, 86.
3.44000, 71.
3.45000, 62.
3.46000, 53.
3.47000, 46.
3.48000, 44.
3.49000, 67.
3.50000, 73.
3.51000, 59.
3.52000, 82.
3.53000, 126.
3.54000, 116.
3.55000, 149.
3.56000, 191.
3.57000, 237.
3.58000, 296.
3.59000, 352.
3.60000, 492.
3.61000, 584.
3.62000, 765.
3.63000, 901.
3.64000, 1135.
3.65000, 1331.
3.66000, 1542.
3.67000, 1714.
3.68000, 1889.
3.69000, 1823.
3.70000, 1847.
3.71000, 1744.
3.72000, 1649.
3.73000, 1458.
3.74000, 1248.
3.75000, 1026.
3.76000, 861.
3.77000, 650.
3.78000, 453.
3.79000, 356.
3.80000, 249.
3.81000, 170.
3.82000, 111.
3.83000, 95.
3.84000, 75.
3.85000, 45.
3.86000, 40.
3.87000, 43.
3.88000, 44.
3.89000, 42.
3.90000, 49.
3.91000, 62.
3.92000, 78.
3.93000, 86.
3.94000, 119.
3.95000, 163.
3.96000, 176.
3.97000, 235.
3.98000, 225.
3.99000, 272.
4.00000, 319.
4.01000, 301.
4.02000, 327.
4.03000, 313.
4.04000, 275.
4.05000, 292.
4.06000, 213.
4.07000, 215.
4.08000, 150.
4.09000, 142.
4.10000, 109.
4.11000, 96.
4.12000, 57.
4.13000, 57.
4.14000, 40.
4.15000, 50.
4.16000, 30.
4.17000, 35.
4.18000, 32.
4.19000, 18.
4.20000, 28.
4.21000, 36.
4.22000, 24.
4.23000, 35.
4.24000, 20.
4.25000, 40.
4.26000, 22.
4.27000, 30.
4.28000, 41.
4.29000, 35.
4.30000, 33.
4.31000, 35.
4.32000, 42.
4.33000, 43.
4.34000, 32.
4.35000, 40.
4.36000, 35.
4.37000, 52.
4.38000, 60.
4.39000, 67.
4.40000, 110.
4.41000, 129.
4.42000, 156.
4.43000, 162.
4.44000, 216.
4.45000, 290.
4.46000, 329.
4.47000, 382.
4.48000, 423.
4.49000, 470.
4.50000, 466.
4.51000, 468.
4.52000, 442.
4.53000, 471.
4.54000, 457.
4.55000, 394.
4.56000, 373.
4.57000, 291.
4.58000, 269.
4.59000, 226.
4.60000, 184.
4.61000, 166.
4.62000, 173.
4.63000, 122.
4.64000, 126.
4.65000, 103.
4.66000, 102.
4.67000, 94.
4.68000, 103.
4.69000, 91.
4.70000, 92.
4.71000, 85.
4.72000, 76.
4.73000, 83.
4.74000, 65.
4.75000, 53.
4.76000, 63.
4.77000, 61.
4.78000, 63.
4.79000, 55.
4.80000, 63.
4.81000, 67.
4.82000, 83.
4.83000, 74.
4.84000, 67.
4.85000, 103.
4.86000, 90.
4.87000, 108.
4.88000, 106.
4.89000, 103.
4.90000, 151.
4.91000, 122.
4.92000, 128.
4.93000, 127.
4.94000, 148.
4.95000, 125.
4.96000, 124.
4.97000, 133.
4.98000, 111.
4.99000, 80.
5.00000, 86.
5.01000, 99.
5.02000, 86.
5.03000, 67.
5.04000, 84.
5.05000, 46.
5.06000, 58.
5.07000, 72.
5.08000, 51.
5.09000, 36.
5.10000, 53.
5.11000, 61.
5.12000, 53.
5.13000, 49.
5.14000, 56.
5.15000, 51.
5.16000, 57.
5.17000, 46.
5.18000, 54.
5.19000, 58.
5.20000, 67.
5.21000, 61.
5.22000, 55.
5.23000, 57.
5.24000, 58.
5.25000, 69.
5.26000, 49.
5.27000, 63.
5.28000, 59.
5.29000, 64.
5.30000, 61.
5.31000, 70.
5.32000, 70.
5.33000, 55.
5.34000, 65.
5.35000, 65.
5.36000, 69.
5.37000, 66.
5.38000, 59.
5.39000, 87.
5.40000, 59.
5.41000, 87.
5.42000, 81.
5.43000, 61.
5.44000, 72.
5.45000, 77.
5.46000, 69.
5.47000, 75.
5.48000, 73.
5.49000, 46.
5.50000, 70.
5.51000, 58.
5.52000, 74.
5.53000, 57.
5.54000, 59.
5.55000, 48.
5.56000, 48.
5.57000, 57.
5.58000, 45.
5.59000, 61.
5.60000, 48.
5.61000, 50.
5.62000, 58.
5.63000, 34.
5.64000, 56.
5.65000, 55.
5.66000, 43.
5.67000, 40.
5.68000, 53.
5.69000, 56.
5.70000, 42.
5.71000, 52.
5.72000, 52.
5.73000, 63.
5.74000, 73.
5.75000, 70.
5.76000, 73.
5.77000, 74.
5.78000, 100.
5.79000, 120.
5.80000, 132.
5.81000, 153.
5.82000, 153.
5.83000, 188.
5.84000, 201.
5.85000, 226.
5.86000, 234.
5.87000, 294.
5.88000, 274.
5.89000, 301.
5.90000, 322.
5.91000, 315.
5.92000, 304.
5.93000, 283.
5.94000, 280.
5.95000, 245.
5.96000, 233.
5.97000, 189.
5.98000, 162.
5.99000, 140.
6.00000, 126.
6.01000, 102.
6.02000, 91.
6.03000, 69.
6.04000, 103.
6.05000, 68.
6.06000, 89.
6.07000, 76.
6.08000, 84.
6.09000, 80.
6.10000, 91.
6.11000, 89.
6.12000, 92.
6.13000, 94.
6.14000, 116.
6.15000, 105.
6.16000, 106.
6.17000, 131.
6.18000, 149.
6.19000, 189.
6.20000, 229.
6.21000, 279.
6.22000, 359.
6.23000, 527.
6.24000, 686.
6.25000, 1069.
6.26000, 1391.
6.27000, 1920.
6.28000, 2721.
6.29000, 3634.
6.30000, 4568.
6.31000, 5917.
6.32000, 7441.
6.33000, 9106.
6.34000, 10776.
6.35000, 12351.
6.36000, 13986.
6.37000, 15205.
6.38000, 16399.
6.39000, 16852.
6.40000, 17240.
6.41000, 16878.
6.42000, 16382.
6.43000, 15124.
6.44000, 13868.
6.45000, 12145.
6.46000, 10763.
6.47000, 8892.
6.48000, 7333.
6.49000, 6017.
6.50000, 4688.
6.51000, 3565.
6.52000, 2562.
6.53000, 2002.
6.54000, 1358.
6.55000, 998.
6.56000, 613.
6.57000, 453.
6.58000, 322.
6.59000, 244.
6.60000, 194.
6.61000, 149.
6.62000, 126.
6.63000, 112.
6.64000, 113.
6.65000, 115.
6.66000, 99.
6.67000, 95.
6.68000, 119.
6.69000, 108.
6.70000, 105.
6.71000, 99.
6.72000, 123.
6.73000, 112.
6.74000, 97.
6.75000, 109.
6.76000, 105.
6.77000, 101.
6.78000, 107.
6.79000, 106.
6.80000, 114.
6.81000, 125.
6.82000, 134.
6.83000, 141.
6.84000, 139.
6.85000, 154.
6.86000, 180.
6.87000, 186.
6.88000, 212.
6.89000, 232.
6.90000, 300.
6.91000, 367.
6.92000, 494.
6.93000, 528.
6.94000, 718.
6.95000, 878.
6.96000, 1055.
6.97000, 1257.
6.98000, 1537.
6.99000, 1731.
7.00000, 2059.
7.01000, 2237.
7.02000, 2410.
7.03000, 2621.
7.04000, 2712.
7.05000, 2722.
7.06000, 2702.
7.07000, 2681.
7.08000, 2513.
7.09000, 2354.
7.10000, 2144.
7.11000, 2020.
7.12000, 1658.
7.13000, 1364.
7.14000, 1158.
7.15000, 971.
7.16000, 743.
7.17000, 573.
7.18000, 479.
7.19000, 361.
7.20000, 275.
7.21000, 233.
7.22000, 185.
7.23000, 133.
7.24000, 129.
7.25000, 80.
7.26000, 87.
7.27000, 77.
7.28000, 87.
7.29000, 56.
7.30000, 57.
7.31000, 64.
7.32000, 69.
7.33000, 65.
7.34000, 78.
7.35000, 74.
7.36000, 72.
7.37000, 59.
7.38000, 85.
7.39000, 67.
7.40000, 80.
7.41000, 68.
7.42000, 72.
7.43000, 93.
7.44000, 92.
7.45000, 96.
7.46000, 75.
7.47000, 76.
7.48000, 92.
7.49000, 73.
7.50000, 74.
7.51000, 90.
7.52000, 76.
7.53000, 69.
7.54000, 80.
7.55000, 89.
7.56000, 80.
7.57000, 64.
7.58000, 73.
7.59000, 67.
7.60000, 75.
7.61000, 64.
7.62000, 67.
7.63000, 68.
7.64000, 65.
7.65000, 72.
7.66000, 74.
7.67000, 78.
7.68000, 61.
7.69000, 66.
7.70000, 65.
7.71000, 84.
7.72000, 82.
7.73000, 74.
7.74000, 70.
7.75000, 63.
7.76000, 70.
7.77000, 80.
7.78000, 93.
7.79000, 98.
7.80000, 82.
7.81000, 85.
7.82000, 90.
7.83000, 112.
7.84000, 98.
7.85000, 96.
7.86000, 92.
7.87000, 107.
7.88000, 93.
7.89000, 106.
7.90000, 104.
7.91000, 103.
7.92000, 113.
7.93000, 108.
7.94000, 110.
7.95000, 89.
7.96000, 128.
7.97000, 96.
7.98000, 113.
7.99000, 129.
8.00000, 103.
8.01000, 122.
8.02000, 134.
8.03000, 140.
8.04000, 112.
8.05000, 140.
8.06000, 122.
8.07000, 135.
8.08000, 133.
8.09000, 144.
8.10000, 123.
8.11000, 134.
8.12000, 176.
8.13000, 133.
8.14000, 141.
8.15000, 114.
8.16000, 126.
8.17000, 121.
8.18000, 116.
8.19000, 123.
8.20000, 124.
8.21000, 103.
8.22000, 118.
8.23000, 103.
8.24000, 114.
8.25000, 106.
8.26000, 112.
8.27000, 104.
8.28000, 96.
8.29000, 90.
8.30000, 98.
8.31000, 112.
8.32000, 88.
8.33000, 113.
8.34000, 86.
8.35000, 100.
8.36000, 86.
8.37000, 109.
8.38000, 88.
8.39000, 98.
8.40000, 99.
8.41000, 119.
8.42000, 81.
8.43000, 103.
8.44000, 93.
8.45000, 84.
8.46000, 95.
8.47000, 114.
8.48000, 110.
8.49000, 129.
8.50000, 130.
8.51000, 134.
8.52000, 132.
8.53000, 145.
8.54000, 143.
8.55000, 164.
8.56000, 161.
8.57000, 209.
8.58000, 197.
8.59000, 221.
8.60000, 229.
8.61000, 217.
8.62000, 225.
8.63000, 237.
8.64000, 235.
8.65000, 226.
8.66000, 215.
8.67000, 216.
8.68000, 197.
8.69000, 181.
8.70000, 182.
8.71000, 165.
8.72000, 142.
8.73000, 142.
8.74000, 145.
8.75000, 124.
8.76000, 111.
8.77000, 114.
8.78000, 108.
8.79000, 104.
8.80000, 99.
8.81000, 106.
8.82000, 109.
8.83000, 121.
8.84000, 105.
8.85000, 107.
8.86000, 101.
8.87000, 100.
8.88000, 100.
8.89000, 95.
8.90000, 103.
8.91000, 102.
8.92000, 105.
8.93000, 102.
8.94000, 120.
8.95000, 89.
8.96000, 135.
8.97000, 107.
8.98000, 120.
8.99000, 103.
9.00000, 114.
9.01000, 114.
9.02000, 113.
9.03000, 111.
9.04000, 73.
9.05000, 103.
9.06000, 116.
9.07000, 99.
9.08000, 90.
9.09000, 93.
9.10000, 112.
9.11000, 130.
9.12000, 106.
9.13000, 115.
9.14000, 112.
9.15000, 112.
9.16000, 104.
9.17000, 127.
9.18000, 122.
9.19000, 124.
9.20000, 137.
9.21000, 127.
9.22000, 132.
9.23000, 124.
9.24000, 134.
9.25000, 113.
9.26000, 140.
9.27000, 121.
9.28000, 117.
9.29000, 130.
9.30000, 121.
9.31000, 125.
9.32000, 115.
9.33000, 128.
9.34000, 121.
9.35000, 110.
9.36000, 112.
9.37000, 98.
9.38000, 130.
9.39000, 112.
9.40000, 107.
9.41000, 101.
9.42000, 113.
9.43000, 95.
9.44000, 116.
9.45000, 112.
9.46000, 127.
9.47000, 99.
9.48000, 128.
9.49000, 140.
9.50000, 123.
9.51000, 134.
9.52000, 143.
9.53000, 124.
9.54000, 136.
9.55000, 113.
9.56000, 118.
9.57000, 153.
9.58000, 128.
9.59000, 118.
9.60000, 144.
9.61000, 131.
9.62000, 128.
9.63000, 129.
9.64000, 158.
9.65000, 150.
9.66000, 131.
9.67000, 105.
9.68000, 117.
9.69000, 115.
9.70000, 123.
9.71000, 131.
9.72000, 126.
9.73000, 112.
9.74000, 115.
9.75000, 111.
9.76000, 99.
9.77000, 97.
9.78000, 102.
9.79000, 110.
9.80000, 119.
9.81000, 101.
9.82000, 110.
9.83000, 107.
9.84000, 119.
9.85000, 98.
9.86000, 120.
9.87000, 109.
9.88000, 113.
9.89000, 109.
9.90000, 101.
9.91000, 115.
9.92000, 100.
9.93000, 131.
9.94000, 122.
9.95000, 114.
9.96000, 103.
9.97000, 112.
9.98000, 111.
9.99000, 107.
10.00000, 116.
10.01000, 121.
10.02000, 109.
10.03000, 118.
10.04000, 126.
10.05000, 116.
10.06000, 132.
10.07000, 113.
10.08000, 116.
10.09000, 121.
10.10000, 122.
10.11000, 130.
10.12000, 118.
10.13000, 123.
10.14000, 110.
10.15000, 144.
10.16000, 109.
10.17000, 121.
10.18000, 121.
10.19000, 129.
10.20000, 118.
10.21000, 114.
10.22000, 123.
10.23000, 123.
10.24000, 115.
10.25000, 129.
10.26000, 112.
10.27000, 117.
10.28000, 130.
10.29000, 128.
10.30000, 105.
10.31000, 118.
10.32000, 112.
10.33000, 119.
10.34000, 127.
10.35000, 124.
10.36000, 120.
10.37000, 119.
10.38000, 117.
10.39000, 126.
10.40000, 124.
10.41000, 123.
10.42000, 138.
10.43000, 151.
10.44000, 140.
10.45000, 151.
10.46000, 133.
10.47000, 151.
10.48000, 125.
10.49000, 165.
10.50000, 163.
10.51000, 171.
10.52000, 180.
10.53000, 176.
10.54000, 150.
10.55000, 139.
10.56000, 169.
10.57000, 188.
10.58000, 151.
10.59000, 154.
10.60000, 167.
10.61000, 155.
10.62000, 137.
10.63000, 145.
10.64000, 129.
10.65000, 136.
10.66000, 144.
10.67000, 119.
10.68000, 135.
10.69000, 115.
10.70000, 118.
10.71000, 140.
10.72000, 114.
10.73000, 112.
10.74000, 135.
10.75000, 126.
10.76000, 127.
10.77000, 117.
10.78000, 131.
10.79000, 125.
10.80000, 150.
10.81000, 124.
10.82000, 106.
10.83000, 122.
10.84000, 126.
10.85000, 124.
10.86000, 130.
10.87000, 110.
10.88000, 136.
10.89000, 104.
10.90000, 124.
10.91000, 115.
10.92000, 116.
10.93000, 127.
10.94000, 131.
10.95000, 134.
10.96000, 122.
10.97000, 126.
10.98000, 127.
10.99000, 114.
11.00000, 117.
11.01000, 119.
11.02000, 110.
11.03000, 128.
11.04000, 130.
11.05000, 131.
11.06000, 111.
11.07000, 108.
11.08000, 124.
11.09000, 125.
11.10000, 128.
11.11000, 106.
11.12000, 112.
11.13000, 126.
11.14000, 134.
11.15000, 142.
11.16000, 148.
11.17000, 144.
11.18000, 139.
11.19000, 121.
11.20000, 117.
11.21000, 119.
11.22000, 113.
11.23000, 114.
11.24000, 112.
11.25000, 145.
11.26000, 112.
11.27000, 127.
11.28000, 109.
11.29000, 145.
11.30000, 116.
11.31000, 127.
11.32000, 116.
11.33000, 124.
11.34000, 132.
11.35000, 128.
11.36000, 130.
11.37000, 134.
11.38000, 120.
11.39000, 138.
11.40000, 130.
11.41000, 119.
11.42000, 144.
11.43000, 164.
11.44000, 136.
11.45000, 120.
11.46000, 144.
11.47000, 139.
11.48000, 126.
11.49000, 132.
11.50000, 121.
11.51000, 128.
11.52000, 115.
11.53000, 129.
11.54000, 132.
11.55000, 130.
11.56000, 124.
11.57000, 131.
11.58000, 106.
11.59000, 121.
11.60000, 143.
11.61000, 129.
11.62000, 113.
11.63000, 136.
11.64000, 124.
11.65000, 147.
11.66000, 133.
11.67000, 130.
11.68000, 139.
11.69000, 128.
11.70000, 135.
11.71000, 141.
11.72000, 133.
11.73000, 138.
11.74000, 136.
11.75000, 145.
11.76000, 129.
11.77000, 119.
11.78000, 144.
11.79000, 136.
11.80000, 140.
11.81000, 149.
11.82000, 138.
11.83000, 125.
11.84000, 149.
11.85000, 151.
11.86000, 139.
11.87000, 124.
11.88000, 129.
11.89000, 131.
11.90000, 136.
11.91000, 130.
11.92000, 136.
11.93000, 138.
11.94000, 125.
11.95000, 130.
11.96000, 136.
11.97000, 132.
11.98000, 150.
11.99000, 124.
12.00000, 139.
12.01000, 166.
12.02000, 129.
12.03000, 120.
12.04000, 128.
12.05000, 127.
12.06000, 142.
12.07000, 128.
12.08000, 142.
12.09000, 140.
12.10000, 122.
12.11000, 128.
12.12000, 130.
12.13000, 142.
12.14000, 134.
12.15000, 137.
12.16000, 115.
12.17000, 137.
12.18000, 132.
12.19000, 132.
12.20000, 155.
12.21000, 150.
12.22000, 121.
12.23000, 146.
12.24000, 119.
12.25000, 131.
12.26000, 131.
12.27000, 135.
12.28000, 129.
12.29000, 127.
12.30000, 131.
12.31000, 140.
12.32000, 139.
12.33000, 149.
12.34000, 103.
12.35000, 141.
12.36000, 126.
12.37000, 134.
12.38000, 137.
12.39000, 146.
12.40000, 140.
12.41000, 158.
12.42000, 127.
12.43000, 139.
12.44000, 118.
12.45000, 153.
12.46000, 149.
12.47000, 132.
12.48000, 152.
12.49000, 134.
12.50000, 133.
12.51000, 151.
12.52000, 130.
12.53000, 133.
12.54000, 163.
12.55000, 165.
12.56000, 171.
12.57000, 167.
12.58000, 126.
12.59000, 163.
12.60000, 162.
12.61000, 166.
12.62000, 191.
12.63000, 167.
12.64000, 148.
12.65000, 155.
12.66000, 137.
12.67000, 156.
12.68000, 193.
12.69000, 183.
12.70000, 157.
12.71000, 167.
12.72000, 175.
12.73000, 182.
12.74000, 195.
12.75000, 186.
12.76000, 195.
12.77000, 203.
12.78000, 184.
12.79000, 189.
12.80000, 182.
12.81000, 179.
12.82000, 164.
12.83000, 188.
12.84000, 170.
12.85000, 189.
12.86000, 141.
12.87000, 166.
12.88000, 168.
12.89000, 166.
12.90000, 173.
12.91000, 163.
12.92000, 145.
12.93000, 150.
12.94000, 159.
12.95000, 172.
12.96000, 146.
12.97000, 152.
12.98000, 147.
12.99000, 146.
13.00000, 134.
13.01000, 150.
13.02000, 142.
13.03000, 152.
13.04000, 145.
13.05000, 153.
13.06000, 156.
13.07000, 153.
13.08000, 142.
13.09000, 161.
13.10000, 141.
13.11000, 136.
13.12000, 154.
13.13000, 154.
13.14000, 166.
13.15000, 124.
13.16000, 155.
13.17000, 146.
13.18000, 150.
13.19000, 156.
13.20000, 159.
13.21000, 172.
13.22000, 168.
13.23000, 169.
13.24000, 160.
13.25000, 169.
13.26000, 223.
13.27000, 202.
13.28000, 216.
13.29000, 212.
13.30000, 229.
13.31000, 245.
13.32000, 216.
13.33000, 225.
13.34000, 230.
13.35000, 237.
13.36000, 222.
13.37000, 239.
13.38000, 267.
13.39000, 244.
13.40000, 225.
13.41000, 212.
13.42000, 215.
13.43000, 219.
13.44000, 194.
13.45000, 206.
13.46000, 219.
13.47000, 211.
13.48000, 225.
13.49000, 189.
13.50000, 181.
13.51000, 179.
13.52000, 171.
13.53000, 157.
13.54000, 174.
13.55000, 151.
13.56000, 164.
13.57000, 155.
13.58000, 156.
13.59000, 155.
13.60000, 137.
13.61000, 148.
13.62000, 132.
13.63000, 153.
13.64000, 150.
13.65000, 148.
13.66000, 140.
13.67000, 143.
13.68000, 126.
13.69000, 149.
13.70000, 132.
13.71000, 141.
13.72000, 151.
13.73000, 156.
13.74000, 131.
13.75000, 143.
13.76000, 148.
13.77000, 168.
13.78000, 165.
13.79000, 151.
13.80000, 124.
13.81000, 154.
13.82000, 154.
13.83000, 139.
13.84000, 144.
13.85000, 151.
13.86000, 147.
13.87000, 135.
13.88000, 131.
13.89000, 156.
13.90000, 183.
13.91000, 168.
13.92000, 157.
13.93000, 171.
13.94000, 182.
13.95000, 221.
13.96000, 192.
13.97000, 214.
13.98000, 249.
13.99000, 270.
14.00000, 325.
14.01000, 311.
14.02000, 361.
14.03000, 362.
14.04000, 373.
14.05000, 378.
14.06000, 481.
14.07000, 441.
14.08000, 493.
14.09000, 508.
14.10000, 536.
14.11000, 502.
14.12000, 545.
14.13000, 546.
14.14000, 522.
14.15000, 517.
14.16000, 503.
14.17000, 444.
14.18000, 493.
14.19000, 446.
14.20000, 428.
14.21000, 403.
14.22000, 342.
14.23000, 338.
14.24000, 292.
14.25000, 281.
14.26000, 254.
14.27000, 223.
14.28000, 216.
14.29000, 220.
14.30000, 195.
14.31000, 192.
14.32000, 173.
14.33000, 169.
14.34000, 160.
14.35000, 155.
14.36000, 142.
14.37000, 150.
14.38000, 134.
14.39000, 132.
14.40000, 146.
14.41000, 139.
14.42000, 130.
14.43000, 137.
14.44000, 160.
14.45000, 140.
14.46000, 139.
14.47000, 120.
14.48000, 138.
14.49000, 160.
14.50000, 158.
14.51000, 156.
14.52000, 116.
14.53000, 131.
14.54000, 139.
14.55000, 139.
14.56000, 118.
14.57000, 168.
14.58000, 124.
14.59000, 141.
14.60000, 121.
14.61000, 142.
14.62000, 132.
14.63000, 148.
14.64000, 139.
14.65000, 139.
14.66000, 165.
14.67000, 136.
14.68000, 134.
14.69000, 147.
14.70000, 159.
14.71000, 134.
14.72000, 154.
14.73000, 161.
14.74000, 146.
14.75000, 174.
14.76000, 147.
14.77000, 155.
14.78000, 133.
14.79000, 160.
14.80000, 168.
14.81000, 144.
14.82000, 165.
14.83000, 160.
14.84000, 173.
14.85000, 141.
14.86000, 156.
14.87000, 174.
14.88000, 147.
14.89000, 185.
14.90000, 151.
14.91000, 192.
14.92000, 181.
14.93000, 180.
14.94000, 187.
14.95000, 172.
14.96000, 189.
14.97000, 181.
14.98000, 188.
14.99000, 185.
15.00000, 148.
15.01000, 183.
15.02000, 182.
15.03000, 157.
15.04000, 160.
15.05000, 154.
15.06000, 168.
15.07000, 160.
15.08000, 157.
15.09000, 169.
15.10000, 131.
15.11000, 148.
15.12000, 156.
15.13000, 140.
15.14000, 133.
15.15000, 125.
15.16000, 154.
15.17000, 143.
15.18000, 154.
15.19000, 127.
15.20000, 138.
15.21000, 155.
15.22000, 147.
15.23000, 161.
15.24000, 109.
15.25000, 138.
15.26000, 126.
15.27000, 146.
15.28000, 135.
15.29000, 131.
15.30000, 126.
15.31000, 128.
15.32000, 141.
15.33000, 129.
15.34000, 158.
15.35000, 131.
15.36000, 122.
15.37000, 124.
15.38000, 116.
15.39000, 138.
15.40000, 115.
15.41000, 140.
15.42000, 142.
15.43000, 126.
15.44000, 161.
15.45000, 127.
15.46000, 135.
15.47000, 129.
15.48000, 132.
15.49000, 149.
15.50000, 140.
15.51000, 129.
15.52000, 160.
15.53000, 172.
15.54000, 160.
15.55000, 174.
15.56000, 168.
15.57000, 185.
15.58000, 189.
15.59000, 180.
15.60000, 188.
15.61000, 203.
15.62000, 251.
15.63000, 250.
15.64000, 239.
15.65000, 274.
15.66000, 258.
15.67000, 255.
15.68000, 251.
15.69000, 272.
15.70000, 281.
15.71000, 291.
15.72000, 292.
15.73000, 314.
15.74000, 307.
15.75000, 341.
15.76000, 309.
15.77000, 313.
15.78000, 298.
15.79000, 278.
15.80000, 291.
15.81000, 294.
15.82000, 285.
15.83000, 287.
15.84000, 260.
15.85000, 236.
15.86000, 221.
15.87000, 244.
15.88000, 200.
15.89000, 254.
15.90000, 202.
15.91000, 211.
15.92000, 199.
15.93000, 169.
15.94000, 158.
15.95000, 164.
15.96000, 151.
15.97000, 155.
15.98000, 135.
15.99000, 147.
16.00000, 123.
16.01000, 136.
16.02000, 152.
16.03000, 154.
16.04000, 144.
16.05000, 142.
16.06000, 161.
16.07000, 149.
16.08000, 149.
16.09000, 143.
16.10000, 148.
16.11000, 137.
16.12000, 140.
16.13000, 162.
16.14000, 151.
16.15000, 157.
16.16000, 161.
16.17000, 156.
16.18000, 156.
16.19000, 143.
16.20000, 139.
16.21000, 160.
16.22000, 129.
16.23000, 166.
16.24000, 121.
16.25000, 124.
16.26000, 143.
16.27000, 137.
16.28000, 145.
16.29000, 125.
16.30000, 125.
16.31000, 129.
16.32000, 124.
16.33000, 148.
16.34000, 151.
16.35000, 139.
16.36000, 145.
16.37000, 134.
16.38000, 136.
16.39000, 147.
16.40000, 144.
16.41000, 144.
16.42000, 129.
16.43000, 133.
16.44000, 128.
16.45000, 161.
16.46000, 145.
16.47000, 148.
16.48000, 160.
16.49000, 151.
16.50000, 180.
16.51000, 155.
16.52000, 162.
16.53000, 139.
16.54000, 165.
16.55000, 153.
16.56000, 156.
16.57000, 165.
16.58000, 154.
16.59000, 145.
16.60000, 162.
16.61000, 168.
16.62000, 174.
16.63000, 132.
16.64000, 157.
16.65000, 152.
16.66000, 144.
16.67000, 151.
16.68000, 160.
16.69000, 147.
16.70000, 150.
16.71000, 153.
16.72000, 144.
16.73000, 138.
16.74000, 148.
16.75000, 134.
16.76000, 158.
16.77000, 143.
16.78000, 150.
16.79000, 127.
16.80000, 140.
16.81000, 149.
16.82000, 129.
16.83000, 152.
16.84000, 126.
16.85000, 161.
16.86000, 155.
16.87000, 122.
16.88000, 139.
16.89000, 155.
16.90000, 130.
16.91000, 129.
16.92000, 130.
16.93000, 140.
16.94000, 148.
16.95000, 148.
16.96000, 153.
16.97000, 173.
16.98000, 152.
16.99000, 139.
17.00000, 121.
17.01000, 163.
17.02000, 143.
17.03000, 129.
17.04000, 161.
17.05000, 141.
17.06000, 150.
17.07000, 160.
17.08000, 158.
17.09000, 148.
17.10000, 142.
17.11000, 166.
17.12000, 158.
17.13000, 148.
17.14000, 147.
17.15000, 149.
17.16000, 155.
17.17000, 145.
17.18000, 128.
17.19000, 149.
17.20000, 156.
17.21000, 148.
17.22000, 142.
17.23000, 155.
17.24000, 169.
17.25000, 152.
17.26000, 144.
17.27000, 156.
17.28000, 153.
17.29000, 147.
17.30000, 165.
17.31000, 158.
17.32000, 165.
17.33000, 138.
17.34000, 178.
17.35000, 177.
17.36000, 154.
17.37000, 170.
17.38000, 167.
17.39000, 153.
17.40000, 181.
17.41000, 188.
17.42000, 162.
17.43000, 178.
17.44000, 184.
17.45000, 150.
17.46000, 163.
17.47000, 174.
17.48000, 179.
17.49000, 160.
17.50000, 177.
17.51000, 176.
17.52000, 192.
17.53000, 186.
17.54000, 176.
17.55000, 190.
17.56000, 172.
17.57000, 175.
17.58000, 171.
17.59000, 160.
17.60000, 190.
17.61000, 191.
17.62000, 174.
17.63000, 187.
17.64000, 179.
17.65000, 167.
17.66000, 186.
17.67000, 164.
17.68000, 200.
17.69000, 186.
17.70000, 196.
17.71000, 165.
17.72000, 195.
17.73000, 171.
17.74000, 205.
17.75000, 159.
17.76000, 146.
17.77000, 153.
17.78000, 197.
17.79000, 197.
17.80000, 157.
17.81000, 170.
17.82000, 182.
17.83000, 189.
17.84000, 178.
17.85000, 197.
17.86000, 169.
17.87000, 183.
17.88000, 177.
17.89000, 183.
17.90000, 211.
17.91000, 228.
17.92000, 192.
17.93000, 177.
17.94000, 189.
17.95000, 178.
17.96000, 217.
17.97000, 201.
17.98000, 174.
17.99000, 199.
18.00000, 199.
18.01000, 216.
18.02000, 195.
18.03000, 213.
18.04000, 211.
18.05000, 199.
18.06000, 208.
18.07000, 225.
18.08000, 207.
18.09000, 199.
18.10000, 210.
18.11000, 235.
18.12000, 241.
18.13000, 215.
18.14000, 236.
18.15000, 246.
18.16000, 246.
18.17000, 251.
18.18000, 277.
18.19000, 240.
18.20000, 268.
18.21000, 264.
18.22000, 291.
18.23000, 268.
18.24000, 246.
18.25000, 277.
18.26000, 285.
18.27000, 299.
18.28000, 303.
18.29000, 337.
18.30000, 308.
18.31000, 314.
18.32000, 320.
18.33000, 289.
18.34000, 355.
18.35000, 364.
18.36000, 343.
18.37000, 356.
18.38000, 387.
18.39000, 411.
18.40000, 385.
18.41000, 432.
18.42000, 408.
18.43000, 445.
18.44000, 447.
18.45000, 437.
18.46000, 448.
18.47000, 477.
18.48000, 523.
18.49000, 515.
18.50000, 532.
18.51000, 526.
18.52000, 610.
18.53000, 570.
18.54000, 563.
18.55000, 591.
18.56000, 629.
18.57000, 615.
18.58000, 684.
18.59000, 665.
18.60000, 671.
18.61000, 719.
18.62000, 751.
18.63000, 735.
18.64000, 693.
18.65000, 727.
18.66000, 778.
18.67000, 781.
18.68000, 733.
18.69000, 781.
18.70000, 803.
18.71000, 800.
18.72000, 869.
18.73000, 790.
18.74000, 797.
18.75000, 821.
18.76000, 811.
18.77000, 884.
18.78000, 845.
18.79000, 832.
18.80000, 857.
18.81000, 838.
18.82000, 827.
18.83000, 812.
18.84000, 855.
18.85000, 834.
18.86000, 795.
18.87000, 847.
18.88000, 830.
18.89000, 765.
18.90000, 753.
18.91000, 722.
18.92000, 715.
18.93000, 744.
18.94000, 752.
18.95000, 735.
18.96000, 753.
18.97000, 676.
18.98000, 634.
18.99000, 662.
19.00000, 663.
19.01000, 653.
19.02000, 572.
19.03000, 617.
19.04000, 618.
19.05000, 553.
19.06000, 575.
19.07000, 551.
19.08000, 545.
19.09000, 563.
19.10000, 527.
19.11000, 467.
19.12000, 497.
19.13000, 473.
19.14000, 483.
19.15000, 464.
19.16000, 424.
19.17000, 404.
19.18000, 398.
19.19000, 344.
19.20000, 349.
19.21000, 375.
19.22000, 408.
19.23000, 336.
19.24000, 328.
19.25000, 303.
19.26000, 331.
19.27000, 366.
19.28000, 303.
19.29000, 284.
19.30000, 307.
19.31000, 293.
19.32000, 296.
19.33000, 272.
19.34000, 271.
19.35000, 275.
19.36000, 266.
19.37000, 278.
19.38000, 247.
19.39000, 246.
19.40000, 246.
19.41000, 260.
19.42000, 224.
19.43000, 239.
19.44000, 210.
19.45000, 217.
19.46000, 238.
19.47000, 226.
19.48000, 224.
19.49000, 210.
19.50000, 238.
19.51000, 220.
19.52000, 210.
19.53000, 205.
19.54000, 214.
19.55000, 208.
19.56000, 172.
19.57000, 204.
19.58000, 186.
19.59000, 192.
19.60000, 153.
19.61000, 188.
19.62000, 174.
19.63000, 200.
19.64000, 167.
19.65000, 185.
19.66000, 164.
19.67000, 151.
19.68000, 158.
19.69000, 149.
19.70000, 167.
19.71000, 159.
19.72000, 158.
19.73000, 147.
19.74000, 148.
19.75000, 142.
19.76000, 158.
19.77000, 164.
19.78000, 165.
19.79000, 170.
19.80000, 160.
19.81000, 147.
19.82000, 145.
19.83000, 176.
19.84000, 157.
19.85000, 179.
19.86000, 210.
19.87000, 178.
19.88000, 197.
19.89000, 212.
19.90000, 184.
19.91000, 210.
19.92000, 229.
19.93000, 242.
19.94000, 274.
19.95000, 255.
19.96000, 271.
19.97000, 302.
19.98000, 317.
19.99000, 310.
20.00000, 345.
20.01000, 379.
20.02000, 354.
20.03000, 400.
20.04000, 408.
20.05000, 420.
20.06000, 436.
20.07000, 481.
20.08000, 467.
20.09000, 479.
20.10000, 517.
20.11000, 511.
20.12000, 563.
20.13000, 546.
20.14000, 509.
20.15000, 503.
20.16000, 514.
20.17000, 514.
20.18000, 507.
20.19000, 526.
20.20000, 498.
20.21000, 492.
20.22000, 473.
20.23000, 451.
20.24000, 425.
20.25000, 383.
20.26000, 401.
20.27000, 360.
20.28000, 343.
20.29000, 319.
20.30000, 304.
20.31000, 287.
20.32000, 247.
20.33000, 245.
20.34000, 216.
20.35000, 209.
20.36000, 182.
20.37000, 194.
20.38000, 207.
20.39000, 160.
20.40000, 178.
20.41000, 146.
20.42000, 150.
20.43000, 144.
20.44000, 148.
20.45000, 145.
20.46000, 136.
20.47000, 144.
20.48000, 142.
20.49000, 133.
20.50000, 137.
20.51000, 130.
20.52000, 131.
20.53000, 137.
20.54000, 146.
20.55000, 163.
20.56000, 150.
20.57000, 164.
20.58000, 147.
20.59000, 158.
20.60000, 153.
20.61000, 172.
20.62000, 141.
20.63000, 162.
20.64000, 169.
20.65000, 182.
20.66000, 157.
20.67000, 184.
20.68000, 188.
20.69000, 159.
20.70000, 166.
20.71000, 184.
20.72000, 194.
20.73000, 187.
20.74000, 182.
20.75000, 174.
20.76000, 174.
20.77000, 197.
20.78000, 203.
20.79000, 205.
20.80000, 225.
20.81000, 212.
20.82000, 209.
20.83000, 190.
20.84000, 231.
20.85000, 223.
20.86000, 212.
20.87000, 223.
20.88000, 227.
20.89000, 212.
20.90000, 208.
20.91000, 240.
20.92000, 249.
20.93000, 240.
20.94000, 222.
20.95000, 222.
20.96000, 213.
20.97000, 235.
20.98000, 238.
20.99000, 197.
21.00000, 207.
21.01000, 229.
21.02000, 206.
21.03000, 233.
21.04000, 212.
21.05000, 218.
21.06000, 230.
21.07000, 219.
21.08000, 219.
21.09000, 217.
21.10000, 230.
21.11000, 201.
21.12000, 224.
21.13000, 212.
21.14000, 221.
21.15000, 195.
21.16000, 204.
21.17000, 201.
21.18000, 195.
21.19000, 185.
21.20000, 194.
21.21000, 191.
21.22000, 209.
21.23000, 172.
21.24000, 185.
21.25000, 216.
21.26000, 181.
21.27000, 180.
21.28000, 177.
21.29000, 195.
21.30000, 165.
21.31000, 178.
21.32000, 176.
21.33000, 151.
21.34000, 162.
21.35000, 180.
21.36000, 147.
21.37000, 156.
21.38000, 164.
21.39000, 171.
21.40000, 139.
21.41000, 156.
21.42000, 133.
21.43000, 169.
21.44000, 144.
21.45000, 148.
21.46000, 143.
21.47000, 139.
21.48000, 132.
21.49000, 131.
21.50000, 149.
21.51000, 148.
21.52000, 130.
21.53000, 137.
21.54000, 138.
21.55000, 125.
21.56000, 109.
21.57000, 143.
21.58000, 125.
21.59000, 129.
21.60000, 121.
21.61000, 110.
21.62000, 110.
21.63000, 128.
21.64000, 108.
21.65000, 113.
21.66000, 125.
21.67000, 122.
21.68000, 134.
21.69000, 106.
21.70000, 107.
21.71000, 117.
21.72000, 116.
21.73000, 106.
21.74000, 104.
21.75000, 102.
21.76000, 92.
21.77000, 101.
21.78000, 107.
21.79000, 99.
21.80000, 106.
21.81000, 103.
21.82000, 96.
21.83000, 102.
21.84000, 117.
21.85000, 91.
21.86000, 86.
21.87000, 96.
21.88000, 91.
21.89000, 106.
21.90000, 105.
21.91000, 90.
21.92000, 90.
21.93000, 96.
21.94000, 83.
21.95000, 107.
21.96000, 73.
21.97000, 72.
21.98000, 89.
21.99000, 103.
22.00000, 84.
22.01000, 97.
22.02000, 79.
22.03000, 75.
22.04000, 76.
22.05000, 94.
22.06000, 96.
22.07000, 95.
22.08000, 85.
22.09000, 85.
22.10000, 90.
22.11000, 76.
22.12000, 74.
22.13000, 95.
22.14000, 79.
22.15000, 62.
22.16000, 75.
22.17000, 86.
22.18000, 79.
22.19000, 76.
22.20000, 77.
22.21000, 84.
22.22000, 81.
22.23000, 76.
22.24000, 70.
22.25000, 94.
22.26000, 74.
22.27000, 84.
22.28000, 78.
22.29000, 75.
22.30000, 81.
22.31000, 64.
22.32000, 84.
22.33000, 79.
22.34000, 73.
22.35000, 84.
22.36000, 64.
22.37000, 86.
22.38000, 93.
22.39000, 63.
22.40000, 66.
22.41000, 74.
22.42000, 65.
22.43000, 72.
22.44000, 67.
22.45000, 86.
22.46000, 87.
22.47000, 75.
22.48000, 83.
22.49000, 87.
22.50000, 109.
22.51000, 97.
22.52000, 103.
22.53000, 116.
22.54000, 108.
22.55000, 115.
22.56000, 102.
22.57000, 109.
22.58000, 95.
22.59000, 109.
22.60000, 116.
22.61000, 100.
22.62000, 127.
22.63000, 120.
22.64000, 134.
22.65000, 133.
22.66000, 123.
22.67000, 130.
22.68000, 126.
22.69000, 124.
22.70000, 139.
22.71000, 109.
22.72000, 107.
22.73000, 122.
22.74000, 120.
22.75000, 130.
22.76000, 114.
22.77000, 111.
22.78000, 108.
22.79000, 109.
22.80000, 100.
22.81000, 99.
22.82000, 80.
22.83000, 95.
22.84000, 99.
22.85000, 95.
22.86000, 85.
22.87000, 88.
22.88000, 67.
22.89000, 81.
22.90000, 70.
22.91000, 67.
22.92000, 69.
22.93000, 80.
22.94000, 61.
22.95000, 76.
22.96000, 67.
22.97000, 78.
22.98000, 65.
22.99000, 70.
23.00000, 81.
23.01000, 84.
23.02000, 81.
23.03000, 61.
23.04000, 75.
23.05000, 66.
23.06000, 76.
23.07000, 68.
23.08000, 81.
23.09000, 77.
23.10000, 82.
23.11000, 71.
23.12000, 82.
23.13000, 74.
23.14000, 58.
23.15000, 71.
23.16000, 72.
23.17000, 78.
23.18000, 77.
23.19000, 79.
23.20000, 70.
23.21000, 83.
23.22000, 69.
23.23000, 88.
23.24000, 73.
23.25000, 70.
23.26000, 69.
23.27000, 63.
23.28000, 53.
23.29000, 68.
23.30000, 67.
23.31000, 78.
23.32000, 72.
23.33000, 56.
23.34000, 54.
23.35000, 63.
23.36000, 60.
23.37000, 58.
23.38000, 61.
23.39000, 72.
23.40000, 41.
23.41000, 72.
23.42000, 61.
23.43000, 70.
23.44000, 69.
23.45000, 40.
23.46000, 61.
23.47000, 57.
23.48000, 78.
23.49000, 62.
23.50000, 67.
23.51000, 45.
23.52000, 66.
23.53000, 65.
23.54000, 57.
23.55000, 71.
23.56000, 48.
23.57000, 80.
23.58000, 59.
23.59000, 64.
23.60000, 63.
23.61000, 62.
23.62000, 67.
23.63000, 65.
23.64000, 76.
23.65000, 62.
23.66000, 55.
23.67000, 66.
23.68000, 63.
23.69000, 73.
23.70000, 68.
23.71000, 62.
23.72000, 53.
23.73000, 51.
23.74000, 66.
23.75000, 56.
23.76000, 58.
23.77000, 70.
23.78000, 51.
23.79000, 70.
23.80000, 55.
23.81000, 66.
23.82000, 59.
23.83000, 58.
23.84000, 58.
23.85000, 51.
23.86000, 54.
23.87000, 55.
23.88000, 63.
23.89000, 55.
23.90000, 52.
23.91000, 53.
23.92000, 67.
23.93000, 57.
23.94000, 66.
23.95000, 57.
23.96000, 49.
23.97000, 53.
23.98000, 58.
23.99000, 57.
24.00000, 58.
24.01000, 65.
24.02000, 53.
24.03000, 68.
24.04000, 60.
24.05000, 51.
24.06000, 57.
24.07000, 61.
24.08000, 69.
24.09000, 49.
24.10000, 55.
24.11000, 78.
24.12000, 65.
24.13000, 78.
24.14000, 67.
24.15000, 55.
24.16000, 60.
24.17000, 50.
24.18000, 47.
24.19000, 45.
24.20000, 63.
24.21000, 62.
24.22000, 59.
24.23000, 64.
24.24000, 66.
24.25000, 65.
24.26000, 56.
24.27000, 54.
24.28000, 65.
24.29000, 55.
24.30000, 59.
24.31000, 55.
24.32000, 77.
24.33000, 66.
24.34000, 75.
24.35000, 65.
24.36000, 61.
24.37000, 49.
24.38000, 61.
24.39000, 54.
24.40000, 44.
24.41000, 48.
24.42000, 50.
24.43000, 66.
24.44000, 66.
24.45000, 48.
24.46000, 57.
24.47000, 62.
24.48000, 60.
24.49000, 61.
24.50000, 60.
24.51000, 55.
24.52000, 64.
24.53000, 62.
24.54000, 69.
24.55000, 54.
24.56000, 43.
24.57000, 61.
24.58000, 56.
24.59000, 63.
24.60000, 55.
24.61000, 66.
24.62000, 50.
24.63000, 66.
24.64000, 61.
24.65000, 52.
24.66000, 68.
24.67000, 64.
24.68000, 58.
24.69000, 51.
24.70000, 61.
24.71000, 55.
24.72000, 54.
24.73000, 61.
24.74000, 65.
24.75000, 58.
24.76000, 66.
24.77000, 59.
24.78000, 53.
24.79000, 61.
24.80000, 70.
24.81000, 50.
24.82000, 54.
24.83000, 66.
24.84000, 66.
24.85000, 64.
24.86000, 54.
24.87000, 65.
24.88000, 63.
24.89000, 71.
24.90000, 70.
24.91000, 65.
24.92000, 71.
24.93000, 62.
24.94000, 57.
24.95000, 53.
24.96000, 66.
24.97000, 74.
24.98000, 60.
24.99000, 55.
25.00000, 60.
25.01000, 73.
25.02000, 52.
25.03000, 70.
25.04000, 67.
25.05000, 55.
25.06000, 65.
25.07000, 59.
25.08000, 53.
25.09000, 71.
25.10000, 48.
25.11000, 73.
25.12000, 58.
25.13000, 70.
25.14000, 65.
25.15000, 75.
25.16000, 70.
25.17000, 69.
25.18000, 66.
25.19000, 78.
25.20000, 62.
25.21000, 60.
25.22000, 80.
25.23000, 56.
25.24000, 69.
25.25000, 67.
25.26000, 66.
25.27000, 62.
25.28000, 61.
25.29000, 55.
25.30000, 47.
25.31000, 78.
25.32000, 70.
25.33000, 64.
25.34000, 61.
25.35000, 72.
25.36000, 57.
25.37000, 57.
25.38000, 56.
25.39000, 55.
25.40000, 46.
25.41000, 58.
25.42000, 59.
25.43000, 66.
25.44000, 56.
25.45000, 51.
25.46000, 53.
25.47000, 57.
25.48000, 54.
25.49000, 63.
25.50000, 58.
25.51000, 68.
25.52000, 59.
25.53000, 61.
25.54000, 53.
25.55000, 53.
25.56000, 38.
25.57000, 60.
25.58000, 72.
25.59000, 61.
25.60000, 64.
25.61000, 57.
25.62000, 50.
25.63000, 52.
25.64000, 59.
25.65000, 64.
25.66000, 60.
25.67000, 53.
25.68000, 64.
25.69000, 61.
25.70000, 59.
25.71000, 48.
25.72000, 63.
25.73000, 52.
25.74000, 53.
25.75000, 66.
25.76000, 63.
25.77000, 55.
25.78000, 43.
25.79000, 47.
25.80000, 58.
25.81000, 44.
25.82000, 68.
25.83000, 48.
25.84000, 60.
25.85000, 59.
25.86000, 72.
25.87000, 50.
25.88000, 58.
25.89000, 52.
25.90000, 66.
25.91000, 54.
25.92000, 66.
25.93000, 41.
25.94000, 57.
25.95000, 46.
25.96000, 51.
25.97000, 58.
25.98000, 52.
25.99000, 57.
26.00000, 43.
26.01000, 66.
26.02000, 38.
26.03000, 36.
26.04000, 36.
26.05000, 41.
26.06000, 38.
26.07000, 54.
26.08000, 58.
26.09000, 49.
26.10000, 47.
26.11000, 45.
26.12000, 46.
26.13000, 42.
26.14000, 62.
26.15000, 52.
26.16000, 49.
26.17000, 49.
26.18000, 64.
26.19000, 52.
26.20000, 48.
26.21000, 51.
26.22000, 50.
26.23000, 51.
26.24000, 54.
26.25000, 54.
26.26000, 50.
26.27000, 59.
26.28000, 56.
26.29000, 51.
26.30000, 54.
26.31000, 51.
26.32000, 52.
26.33000, 50.
26.34000, 47.
26.35000, 58.
26.36000, 61.
26.37000, 45.
26.38000, 56.
26.39000, 70.
26.40000, 57.
26.41000, 59.
26.42000, 53.
26.43000, 40.
26.44000, 40.
26.45000, 47.
26.46000, 47.
26.47000, 53.
26.48000, 59.
26.49000, 56.
26.50000, 53.
26.51000, 40.
26.52000, 57.
26.53000, 42.
26.54000, 57.
26.55000, 44.
26.56000, 52.
26.57000, 53.
26.58000, 48.
26.59000, 54.
26.60000, 62.
26.61000, 50.
26.62000, 40.
26.63000, 62.
26.64000, 48.
26.65000, 51.
26.66000, 64.
26.67000, 61.
26.68000, 47.
26.69000, 54.
26.70000, 45.
26.71000, 53.
26.72000, 39.
26.73000, 58.
26.74000, 57.
26.75000, 47.
26.76000, 44.
26.77000, 39.
26.78000, 36.
26.79000, 48.
26.80000, 47.
26.81000, 35.
26.82000, 47.
26.83000, 51.
26.84000, 50.
26.85000, 40.
26.86000, 49.
26.87000, 51.
26.88000, 45.
26.89000, 41.
26.90000, 56.
26.91000, 43.
26.92000, 46.
26.93000, 42.
26.94000, 51.
26.95000, 51.
26.96000, 47.
26.97000, 51.
26.98000, 46.
26.99000, 48.
27.00000, 45.
27.01000, 51.
27.02000, 44.
27.03000, 38.
27.04000, 38.
27.05000, 49.
27.06000, 61.
27.07000, 36.
27.08000, 63.
27.09000, 54.
27.10000, 42.
27.11000, 52.
27.12000, 53.
27.13000, 59.
27.14000, 54.
27.15000, 69.
27.16000, 59.
27.17000, 36.
27.18000, 52.
27.19000, 58.
27.20000, 48.
27.21000, 49.
27.22000, 56.
27.23000, 58.
27.24000, 38.
27.25000, 54.
27.26000, 49.
27.27000, 49.
27.28000, 42.
27.29000, 50.
27.30000, 48.
27.31000, 54.
27.32000, 45.
27.33000, 52.
27.34000, 51.
27.35000, 54.
27.36000, 40.
27.37000, 44.
27.38000, 52.
27.39000, 54.
27.40000, 46.
27.41000, 39.
27.42000, 43.
27.43000, 46.
27.44000, 55.
27.45000, 48.
27.46000, 53.
27.47000, 62.
27.48000, 41.
27.49000, 36.
27.50000, 32.
27.51000, 48.
27.52000, 48.
27.53000, 47.
27.54000, 48.
27.55000, 38.
27.56000, 47.
27.57000, 37.
27.58000, 41.
27.59000, 38.
27.60000, 44.
27.61000, 34.
27.62000, 44.
27.63000, 38.
27.64000, 33.
27.65000, 47.
27.66000, 52.
27.67000, 47.
27.68000, 45.
27.69000, 58.
27.70000, 39.
27.71000, 44.
27.72000, 48.
27.73000, 41.
27.74000, 48.
27.75000, 45.
27.76000, 40.
27.77000, 37.
27.78000, 33.
27.79000, 42.
27.80000, 45.
27.81000, 52.
27.82000, 45.
27.83000, 46.
27.84000, 43.
27.85000, 42.
27.86000, 35.
27.87000, 37.
27.88000, 43.
27.89000, 37.
27.90000, 35.
27.91000, 50.
27.92000, 40.
27.93000, 45.
27.94000, 40.
27.95000, 52.
27.96000, 32.
27.97000, 29.
27.98000, 32.
27.99000, 39.
28.00000, 39.
28.01000, 36.
28.02000, 35.
28.03000, 33.
28.04000, 26.
28.05000, 41.
28.06000, 43.
28.07000, 30.
28.08000, 41.
28.09000, 36.
28.10000, 45.
28.11000, 37.
28.12000, 45.
28.13000, 46.
28.14000, 35.
28.15000, 33.
28.16000, 46.
28.17000, 38.
28.18000, 42.
28.19000, 33.
28.20000, 47.
28.21000, 38.
28.22000, 41.
28.23000, 36.
28.24000, 34.
28.25000, 35.
28.26000, 42.
28.27000, 37.
28.28000, 31.
28.29000, 44.
28.30000, 45.
28.31000, 45.
28.32000, 38.
28.33000, 39.
28.34000, 31.
28.35000, 41.
28.36000, 40.
28.37000, 47.
28.38000, 44.
28.39000, 42.
28.40000, 40.
28.41000, 40.
28.42000, 46.
28.43000, 38.
28.44000, 34.
28.45000, 36.
28.46000, 33.
28.47000, 37.
28.48000, 34.
28.49000, 38.
28.50000, 52.
28.51000, 43.
28.52000, 35.
28.53000, 26.
28.54000, 35.
28.55000, 39.
28.56000, 36.
28.57000, 44.
28.58000, 26.
28.59000, 39.
28.60000, 40.
28.61000, 43.
28.62000, 37.
28.63000, 54.
28.64000, 38.
28.65000, 34.
28.66000, 37.
28.67000, 41.
28.68000, 43.
28.69000, 46.
28.70000, 49.
28.71000, 38.
28.72000, 38.
28.73000, 34.
28.74000, 46.
28.75000, 31.
28.76000, 45.
28.77000, 38.
28.78000, 50.
28.79000, 32.
28.80000, 40.
28.81000, 36.
28.82000, 47.
28.83000, 39.
28.84000, 39.
28.85000, 38.
28.86000, 34.
28.87000, 30.
28.88000, 35.
28.89000, 30.
28.90000, 47.
28.91000, 33.
28.92000, 32.
28.93000, 47.
28.94000, 36.
28.95000, 37.
28.96000, 28.
28.97000, 32.
28.98000, 43.
28.99000, 27.
29.00000, 34.
29.01000, 41.
29.02000, 42.
29.03000, 43.
29.04000, 34.
29.05000, 42.
29.06000, 31.
29.07000, 36.
29.08000, 34.
29.09000, 37.
29.10000, 35.
29.11000, 37.
29.12000, 27.
29.13000, 33.
29.14000, 45.
29.15000, 36.
29.16000, 40.
29.17000, 37.
29.18000, 39.
29.19000, 29.
29.20000, 33.
29.21000, 39.
29.22000, 37.
29.23000, 29.
29.24000, 39.
29.25000, 29.
29.26000, 35.
29.27000, 29.
29.28000, 26.
29.29000, 26.
29.30000, 28.
29.31000, 33.
29.32000, 45.
29.33000, 40.
29.34000, 34.
29.35000, 35.
29.36000, 40.
29.37000, 40.
29.38000, 36.
29.39000, 33.
29.40000, 33.
29.41000, 30.
29.42000, 24.
29.43000, 40.
29.44000, 35.
29.45000, 33.
29.46000, 30.
29.47000, 27.
29.48000, 25.
29.49000, 35.
29.50000, 26.
29.51000, 24.
29.52000, 33.
29.53000, 29.
29.54000, 36.
29.55000, 34.
29.56000, 29.
29.57000, 33.
29.58000, 38.
29.59000, 36.
29.60000, 34.
29.61000, 38.
29.62000, 40.
29.63000, 35.
29.64000, 38.
29.65000, 37.
29.66000, 50.
29.67000, 41.
29.68000, 35.
29.69000, 43.
29.70000, 31.
29.71000, 37.
29.72000, 33.
29.73000, 34.
29.74000, 43.
29.75000, 37.
29.76000, 32.
29.77000, 37.
29.78000, 40.
29.79000, 34.
29.80000, 33.
29.81000, 39.
29.82000, 32.
29.83000, 36.
29.84000, 21.
29.85000, 32.
29.86000, 33.
29.87000, 29.
29.88000, 34.
29.89000, 36.
29.90000, 36.
29.91000, 18.
29.92000, 31.
29.93000, 34.
29.94000, 35.
29.95000, 32.
29.96000, 34.
29.97000, 31.
29.98000, 35.
29.99000, 36.
30.00000, 23.
30.01000, 34.
30.02000, 33.
30.03000, 29.
30.04000, 29.
30.05000, 31.
30.06000, 34.
30.07000, 22.
30.08000, 33.
30.09000, 25.
30.10000, 42.
30.11000, 32.
30.12000, 30.
30.13000, 27.
30.14000, 38.
30.15000, 30.
30.16000, 24.
30.17000, 30.
30.18000, 36.
30.19000, 29.
30.20000, 38.
30.21000, 32.
30.22000, 35.
30.23000, 35.
30.24000, 43.
30.25000, 27.
30.26000, 27.
30.27000, 30.
30.28000, 33.
30.29000, 28.
30.30000, 36.
30.31000, 29.
30.32000, 27.
30.33000, 34.
30.34000, 45.
30.35000, 30.
30.36000, 28.
30.37000, 30.
30.38000, 30.
30.39000, 30.
30.40000, 34.
30.41000, 27.
30.42000, 22.
30.43000, 37.
30.44000, 30.
30.45000, 35.
30.46000, 27.
30.47000, 33.
30.48000, 29.
30.49000, 33.
30.50000, 31.
30.51000, 26.
30.52000, 30.
30.53000, 32.
30.54000, 34.
30.55000, 37.
30.56000, 24.
30.57000, 29.
30.58000, 29.
30.59000, 31.
30.60000, 32.
30.61000, 37.
30.62000, 35.
30.63000, 28.
30.64000, 53.
30.65000, 31.
30.66000, 48.
30.67000, 26.
30.68000, 38.
30.69000, 27.
30.70000, 23.
30.71000, 27.
30.72000, 33.
30.73000, 28.
30.74000, 21.
30.75000, 26.
30.76000, 27.
30.77000, 24.
30.78000, 32.
30.79000, 27.
30.80000, 24.
30.81000, 34.
30.82000, 30.
30.83000, 23.
30.84000, 26.
30.85000, 41.
30.86000, 32.
30.87000, 29.
30.88000, 21.
30.89000, 31.
30.90000, 21.
30.91000, 22.
30.92000, 29.
30.93000, 29.
30.94000, 19.
30.95000, 24.
30.96000, 31.
30.97000, 21.
30.98000, 27.
30.99000, 31.
31.00000, 30.
31.01000, 34.
31.02000, 31.
31.03000, 34.
31.04000, 35.
31.05000, 32.
31.06000, 26.
31.07000, 29.
31.08000, 29.
31.09000, 21.
31.10000, 30.
31.11000, 28.
31.12000, 27.
31.13000, 19.
31.14000, 28.
31.15000, 28.
31.16000, 26.
31.17000, 22.
31.18000, 26.
31.19000, 39.
31.20000, 31.
31.21000, 36.
31.22000, 31.
31.23000, 18.
31.24000, 28.
31.25000, 26.
31.26000, 22.
31.27000, 22.
31.28000, 41.
31.29000, 33.
31.30000, 28.
31.31000, 25.
31.32000, 33.
31.33000, 39.
31.34000, 30.
31.35000, 37.
31.36000, 35.
31.37000, 29.
31.38000, 31.
31.39000, 38.
31.40000, 22.
31.41000, 28.
31.42000, 34.
31.43000, 26.
31.44000, 24.
31.45000, 22.
31.46000, 26.
31.47000, 36.
31.48000, 30.
31.49000, 31.
31.50000, 26.
31.51000, 25.
31.52000, 23.
31.53000, 29.
31.54000, 27.
31.55000, 29.
31.56000, 29.
31.57000, 20.
31.58000, 26.
31.59000, 40.
31.60000, 28.
31.61000, 22.
31.62000, 28.
31.63000, 29.
31.64000, 29.
31.65000, 30.
31.66000, 25.
31.67000, 33.
31.68000, 26.
31.69000, 24.
31.70000, 30.
31.71000, 24.
31.72000, 24.
31.73000, 22.
31.74000, 23.
31.75000, 34.
31.76000, 25.
31.77000, 34.
31.78000, 31.
31.79000, 26.
31.80000, 35.
31.81000, 35.
31.82000, 33.
31.83000, 28.
31.84000, 31.
31.85000, 25.
31.86000, 24.
31.87000, 34.
31.88000, 26.
31.89000, 29.
31.90000, 28.
31.91000, 33.
31.92000, 24.
31.93000, 34.
31.94000, 26.
31.95000, 32.
31.96000, 21.
31.97000, 28.
31.98000, 25.
31.99000, 26.
32.00000, 23.
32.01000, 29.
32.02000, 32.
32.03000, 29.
32.04000, 23.
32.05000, 30.
32.06000, 32.
32.07000, 40.
32.08000, 27.
32.09000, 28.
32.10000, 34.
32.11000, 27.
32.12000, 27.
32.13000, 27.
32.14000, 36.
32.15000, 33.
32.16000, 31.
32.17000, 27.
32.18000, 31.
32.19000, 21.
32.20000, 30.
32.21000, 48.
32.22000, 38.
32.23000, 30.
32.24000, 30.
32.25000, 21.
32.26000, 24.
32.27000, 30.
32.28000, 22.
32.29000, 30.
32.30000, 24.
32.31000, 24.
32.32000, 33.
32.33000, 25.
32.34000, 31.
32.35000, 22.
32.36000, 25.
32.37000, 23.
32.38000, 21.
32.39000, 27.
32.40000, 30.
32.41000, 19.
32.42000, 23.
32.43000, 19.
32.44000, 21.
32.45000, 25.
32.46000, 16.
32.47000, 19.
32.48000, 29.
32.49000, 23.
32.50000, 20.
32.51000, 19.
32.52000, 27.
32.53000, 30.
32.54000, 24.
32.55000, 18.
32.56000, 21.
32.57000, 16.
32.58000, 21.
32.59000, 19.
32.60000, 18.
32.61000, 23.
32.62000, 21.
32.63000, 32.
32.64000, 32.
32.65000, 25.
32.66000, 24.
32.67000, 20.
32.68000, 29.
32.69000, 30.
32.70000, 24.
32.71000, 26.
32.72000, 19.
32.73000, 21.
32.74000, 29.
32.75000, 23.
32.76000, 20.
32.77000, 19.
32.78000, 26.
32.79000, 22.
32.80000, 22.
32.81000, 21.
32.82000, 26.
32.83000, 21.
32.84000, 19.
32.85000, 22.
32.86000, 25.
32.87000, 18.
32.88000, 27.
32.89000, 18.
32.90000, 28.
32.91000, 21.
32.92000, 18.
32.93000, 33.
32.94000, 24.
32.95000, 26.
32.96000, 15.
32.97000, 22.
32.98000, 19.
32.99000, 25.
33.00000, 16.
33.01000, 18.
33.02000, 41.
33.03000, 29.
33.04000, 18.
33.05000, 17.
33.06000, 22.
33.07000, 25.
33.08000, 22.
33.09000, 19.
33.10000, 19.
33.11000, 19.
33.12000, 16.
33.13000, 20.
33.14000, 35.
33.15000, 21.
33.16000, 21.
33.17000, 24.
33.18000, 32.
33.19000, 24.
33.20000, 26.
33.21000, 21.
33.22000, 20.
33.23000, 10.
33.24000, 18.
33.25000, 17.
33.26000, 23.
33.27000, 17.
33.28000, 16.
33.29000, 15.
33.30000, 27.
33.31000, 22.
33.32000, 16.
33.33000, 22.
33.34000, 17.
33.35000, 27.
33.36000, 13.
33.37000, 16.
33.38000, 18.
33.39000, 17.
33.40000, 25.
33.41000, 20.
33.42000, 23.
33.43000, 28.
33.44000, 20.
33.45000, 19.
33.46000, 21.
33.47000, 25.
33.48000, 18.
33.49000, 15.
33.50000, 27.
33.51000, 29.
33.52000, 23.
33.53000, 19.
33.54000, 19.
33.55000, 26.
33.56000, 15.
33.57000, 19.
33.58000, 21.
33.59000, 20.
33.60000, 14.
33.61000, 15.
33.62000, 17.
33.63000, 15.
33.64000, 26.
33.65000, 13.
33.66000, 17.
33.67000, 22.
33.68000, 21.
33.69000, 23.
33.70000, 21.
33.71000, 19.
33.72000, 28.
33.73000, 23.
33.74000, 19.
33.75000, 17.
33.76000, 16.
33.77000, 25.
33.78000, 29.
33.79000, 17.
33.80000, 17.
33.81000, 21.
33.82000, 16.
33.83000, 16.
33.84000, 10.
33.85000, 20.
33.86000, 17.
33.87000, 17.
33.88000, 14.
33.89000, 15.
33.90000, 20.
33.91000, 22.
33.92000, 19.
33.93000, 16.
33.94000, 17.
33.95000, 22.
33.96000, 16.
33.97000, 12.
33.98000, 17.
33.99000, 17.
34.00000, 20.
34.01000, 20.
34.02000, 16.
34.03000, 18.
34.04000, 15.
34.05000, 21.
34.06000, 22.
34.07000, 21.
34.08000, 22.
34.09000, 15.
34.10000, 16.
34.11000, 9.
34.12000, 14.
34.13000, 21.
34.14000, 16.
34.15000, 16.
34.16000, 20.
34.17000, 13.
34.18000, 16.
34.19000, 15.
34.20000, 19.
34.21000, 13.
34.22000, 26.
34.23000, 11.
34.24000, 14.
34.25000, 15.
34.26000, 17.
34.27000, 13.
34.28000, 24.
34.29000, 16.
34.30000, 21.
34.31000, 18.
34.32000, 16.
34.33000, 16.
34.34000, 13.
34.35000, 17.
34.36000, 14.
34.37000, 11.
34.38000, 16.
34.39000, 22.
34.40000, 15.
34.41000, 10.
34.42000, 22.
34.43000, 24.
34.44000, 17.
34.45000, 15.
34.46000, 25.
34.47000, 20.
34.48000, 16.
34.49000, 13.
34.50000, 15.
34.51000, 17.
34.52000, 12.
34.53000, 16.
34.54000, 18.
34.55000, 29.
34.56000, 14.
34.57000, 20.
34.58000, 11.
34.59000, 20.
34.60000, 19.
34.61000, 13.
34.62000, 14.
34.63000, 21.
34.64000, 19.
34.65000, 22.
34.66000, 23.
34.67000, 18.
34.68000, 11.
34.69000, 16.
34.70000, 20.
34.71000, 10.
34.72000, 20.
34.73000, 18.
34.74000, 20.
34.75000, 18.
34.76000, 18.
34.77000, 14.
34.78000, 16.
34.79000, 23.
34.80000, 12.
34.81000, 11.
34.82000, 19.
34.83000, 18.
34.84000, 17.
34.85000, 15.
34.86000, 21.
34.87000, 17.
34.88000, 11.
34.89000, 13.
34.90000, 17.
34.91000, 18.
34.92000, 23.
34.93000, 19.
34.94000, 21.
34.95000, 19.
34.96000, 10.
34.97000, 17.
34.98000, 15.
34.99000, 22.
35.00000, 16.
35.01000, 8.
35.02000, 16.
35.03000, 15.
35.04000, 20.
35.05000, 16.
35.06000, 17.
35.07000, 9.
35.08000, 14.
35.09000, 9.
35.10000, 22.
35.11000, 14.
35.12000, 14.
35.13000, 22.
35.14000, 16.
35.15000, 20.
35.16000, 18.
35.17000, 19.
35.18000, 12.
35.19000, 15.
35.20000, 10.
35.21000, 16.
35.22000, 10.
35.23000, 13.
35.24000, 12.
35.25000, 15.
35.26000, 11.
35.27000, 16.
35.28000, 16.
35.29000, 21.
35.30000, 22.
35.31000, 18.
35.32000, 11.
35.33000, 13.
35.34000, 21.
35.35000, 18.
35.36000, 17.
35.37000, 4.
35.38000, 11.
35.39000, 14.
35.40000, 17.
35.41000, 6.
35.42000, 13.
35.43000, 12.
35.44000, 14.
35.45000, 15.
35.46000, 19.
35.47000, 10.
35.48000, 11.
35.49000, 15.
35.50000, 13.
35.51000, 15.
35.52000, 19.
35.53000, 20.
35.54000, 18.
35.55000, 15.
35.56000, 16.
35.57000, 19.
35.58000, 12.
35.59000, 18.
35.60000, 14.
35.61000, 15.
35.62000, 13.
35.63000, 11.
35.64000, 7.
35.65000, 20.
35.66000, 17.
35.67000, 17.
35.68000, 14.
35.69000, 13.
35.70000, 15.
35.71000, 9.
35.72000, 15.
35.73000, 13.
35.74000, 12.
35.75000, 11.
35.76000, 11.
35.77000, 13.
35.78000, 12.
35.79000, 8.
35.80000, 11.
35.81000, 21.
35.82000, 14.
35.83000, 12.
35.84000, 12.
35.85000, 14.
35.86000, 15.
35.87000, 18.
35.88000, 14.
35.89000, 18.
35.90000, 7.
35.91000, 17.
35.92000, 14.
35.93000, 15.
35.94000, 21.
35.95000, 9.
35.96000, 10.
35.97000, 11.
35.98000, 10.
35.99000, 15.
36.00000, 14.
36.01000, 12.
36.02000, 7.
36.03000, 21.
36.04000, 12.
36.05000, 19.
36.06000, 19.
36.07000, 17.
36.08000, 14.
36.09000, 8.
36.10000, 11.
36.11000, 18.
36.12000, 13.
36.13000, 15.
36.14000, 15.
36.15000, 23.
36.16000, 11.
36.17000, 12.
36.18000, 6.
36.19000, 15.
36.20000, 11.
36.21000, 13.
36.22000, 13.
36.23000, 11.
36.24000, 16.
36.25000, 17.
36.26000, 12.
36.27000, 9.
36.28000, 14.
36.29000, 12.
36.30000, 15.
36.31000, 12.
36.32000, 18.
36.33000, 19.
36.34000, 11.
36.35000, 12.
36.36000, 20.
36.37000, 11.
36.38000, 10.
36.39000, 13.
36.40000, 8.
36.41000, 13.
36.42000, 13.
36.43000, 16.
36.44000, 11.
36.45000, 8.
36.46000, 19.
36.47000, 12.
36.48000, 11.
36.49000, 12.
36.50000, 11.
36.51000, 11.
36.52000, 16.
36.53000, 9.
36.54000, 10.
36.55000, 12.
36.56000, 5.
36.57000, 11.
36.58000, 14.
36.59000, 9.
36.60000, 21.
36.61000, 4.
36.62000, 13.
36.63000, 6.
36.64000, 11.
36.65000, 6.
36.66000, 15.
36.67000, 9.
36.68000, 10.
36.69000, 7.
36.70000, 11.
36.71000, 16.
36.72000, 13.
36.73000, 8.
36.74000, 7.
36.75000, 15.
36.76000, 13.
36.77000, 9.
36.78000, 9.
36.79000, 10.
36.80000, 18.
36.81000, 6.
36.82000, 11.
36.83000, 13.
36.84000, 15.
36.85000, 14.
36.86000, 11.
36.87000, 8.
36.88000, 10.
36.89000, 12.
36.90000, 10.
36.91000, 8.
36.92000, 9.
36.93000, 15.
36.94000, 11.
36.95000, 14.
36.96000, 19.
36.97000, 7.
36.98000, 10.
36.99000, 12.
37.00000, 10.
37.01000, 9.
37.02000, 11.
37.03000, 8.
37.04000, 13.
37.05000, 7.
37.06000, 12.
37.07000, 6.
37.08000, 10.
37.09000, 13.
37.10000, 5.
37.11000, 12.
37.12000, 14.
37.13000, 11.
37.14000, 11.
37.15000, 11.
37.16000, 7.
37.17000, 9.
37.18000, 8.
37.19000, 13.
37.20000, 6.
37.21000, 11.
37.22000, 12.
37.23000, 13.
37.24000, 9.
37.25000, 14.
37.26000, 14.
37.27000, 8.
37.28000, 12.
37.29000, 13.
37.30000, 12.
37.31000, 6.
37.32000, 15.
37.33000, 8.
37.34000, 9.
37.35000, 12.
37.36000, 12.
37.37000, 14.
37.38000, 8.
37.39000, 10.
37.40000, 9.
37.41000, 12.
37.42000, 8.
37.43000, 9.
37.44000, 9.
37.45000, 5.
37.46000, 10.
37.47000, 10.
37.48000, 10.
37.49000, 15.
37.50000, 12.
37.51000, 9.
37.52000, 10.
37.53000, 11.
37.54000, 13.
37.55000, 5.
37.56000, 10.
37.57000, 10.
37.58000, 10.
37.59000, 13.
37.60000, 10.
37.61000, 7.
37.62000, 5.
37.63000, 5.
37.64000, 12.
37.65000, 12.
37.66000, 12.
37.67000, 18.
37.68000, 12.
37.69000, 6.
37.70000, 11.
37.71000, 18.
37.72000, 5.
37.73000, 13.
37.74000, 12.
37.75000, 8.
37.76000, 5.
37.77000, 4.
37.78000, 14.
37.79000, 16.
37.80000, 20.
37.81000, 12.
37.82000, 10.
37.83000, 3.
37.84000, 9.
37.85000, 12.
37.86000, 6.
37.87000, 14.
37.88000, 4.
37.89000, 6.
37.90000, 13.
37.91000, 5.
37.92000, 11.
37.93000, 14.
37.94000, 6.
37.95000, 6.
37.96000, 7.
37.97000, 7.
37.98000, 11.
37.99000, 8.
38.00000, 9.
38.01000, 9.
38.02000, 12.
38.03000, 14.
38.04000, 8.
38.05000, 11.
38.06000, 14.
38.07000, 9.
38.08000, 4.
38.09000, 7.
38.10000, 8.
38.11000, 7.
38.12000, 9.
38.13000, 11.
38.14000, 9.
38.15000, 12.
38.16000, 13.
38.17000, 5.
38.18000, 7.
38.19000, 8.
38.20000, 15.
38.21000, 4.
38.22000, 11.
38.23000, 10.
38.24000, 5.
38.25000, 12.
38.26000, 10.
38.27000, 10.
38.28000, 5.
38.29000, 8.
38.30000, 4.
38.31000, 9.
38.32000, 7.
38.33000, 9.
38.34000, 10.
38.35000, 7.
38.36000, 8.
38.37000, 10.
38.38000, 7.
38.39000, 6.
38.40000, 9.
38.41000, 4.
38.42000, 6.
38.43000, 7.
38.44000, 20.
38.45000, 4.
38.46000, 6.
38.47000, 8.
38.48000, 10.
38.49000, 9.
38.50000, 5.
38.51000, 10.
38.52000, 13.
38.53000, 8.
38.54000, 15.
38.55000, 11.
38.56000, 12.
38.57000, 11.
38.58000, 4.
38.59000, 5.
38.60000, 7.
38.61000, 9.
38.62000, 8.
38.63000, 11.
38.64000, 7.
38.65000, 7.
38.66000, 4.
38.67000, 8.
38.68000, 10.
38.69000, 4.
38.70000, 9.
38.71000, 7.
38.72000, 9.
38.73000, 5.
38.74000, 6.
38.75000, 4.
38.76000, 8.
38.77000, 12.
38.78000, 4.
38.79000, 9.
38.80000, 4.
38.81000, 6.
38.82000, 5.
38.83000, 12.
38.84000, 9.
38.85000, 9.
38.86000, 7.
38.87000, 13.
38.88000, 9.
38.89000, 6.
38.90000, 7.
38.91000, 9.
38.92000, 12.
38.93000, 5.
38.94000, 7.
38.95000, 3.
38.96000, 9.
38.97000, 7.
38.98000, 8.
38.99000, 6.
39.00000, 7.
39.01000, 2.
39.02000, 6.
39.03000, 6.
39.04000, 4.
39.05000, 9.
39.06000, 4.
39.07000, 5.
39.08000, 5.
39.09000, 5.
39.10000, 6.
39.11000, 5.
39.12000, 4.
39.13000, 7.
39.14000, 6.
39.15000, 5.
39.16000, 7.
39.17000, 7.
39.18000, 5.
39.19000, 6.
39.20000, 7.
39.21000, 2.
39.22000, 8.
39.23000, 7.
39.24000, 3.
39.25000, 6.
39.26000, 5.
39.27000, 10.
39.28000, 7.
39.29000, 5.
39.30000, 4.
39.31000, 5.
39.32000, 6.
39.33000, 10.
39.34000, 10.
39.35000, 4.
39.36000, 5.
39.37000, 11.
39.38000, 5.
39.39000, 5.
39.40000, 5.
39.41000, 5.
39.42000, 3.
39.43000, 7.
39.44000, 9.
39.45000, 7.
39.46000, 4.
39.47000, 5.
39.48000, 2.
39.49000, 3.
39.50000, 5.
39.51000, 9.
39.52000, 7.
39.53000, 4.
39.54000, 5.
39.55000, 4.
39.56000, 8.
39.57000, 6.
39.58000, 4.
39.59000, 5.
39.60000, 6.
39.61000, 4.
39.62000, 5.
39.63000, 8.
39.64000, 2.
39.65000, 6.
39.66000, 4.
39.67000, 4.
39.68000, 7.
39.69000, 7.
39.70000, 5.
39.71000, 7.
39.72000, 10.
39.73000, 4.
39.74000, 8.
39.75000, 6.
39.76000, 3.
39.77000, 5.
39.78000, 5.
39.79000, 3.
39.80000, 4.
39.81000, 6.
39.82000, 3.
39.83000, 3.
39.84000, 5.
39.85000, 13.
39.86000, 5.
39.87000, 7.
39.88000, 4.
39.89000, 5.
39.90000, 5.
39.91000, 8.
39.92000, 11.
39.93000, 5.
39.94000, 3.
39.95000, 9.
39.96000, 6.
39.97000, 2.
39.98000, 3.
39.99000, 5.
40.00000, 6.
40.01000, 7.
40.02000, 1.
40.03000, 7.
40.04000, 7.
40.05000, 8.
40.06000, 4.
40.07000, 4.
40.08000, 1.
40.09000, 5.
40.10000, 8.
40.11000, 7.
40.12000, 6.
40.13000, 6.
40.14000, 7.
40.15000, 4.
40.16000, 8.
40.17000, 1.
40.18000, 6.
40.19000, 2.
40.20000, 7.
40.21000, 5.
40.22000, 5.
40.23000, 2.
40.24000, 4.
40.25000, 3.
40.26000, 2.
40.27000, 2.
40.28000, 3.
40.29000, 5.
40.30000, 7.
40.31000, 7.
40.32000, 9.
40.33000, 1.
40.34000, 5.
40.35000, 4.
40.36000, 2.
40.37000, 5.
40.38000, 4.
40.39000, 4.
40.40000, 7.
40.41000, 4.
40.42000, 6.
40.43000, 3.
40.44000, 3.
40.45000, 7.
40.46000, 3.
40.47000, 5.
40.48000, 4.
40.49000, 7.
40.50000, 3.
40.51000, 6.
40.52000, 3.
40.53000, 3.
40.54000, 6.
40.55000, 0.
#ENDOFDATA   : 
