#FORMAT      : EMSA/MAS Spectral Data File
#VERSION     : 1.0
#TITLE       : Spectrum 23
#DATE        : 21-AUG-2025
#TIME        : 15:27
#OWNER       : XGT7200
#NPOINTS     : 4096.
#NCOLUMNS    : 1.
#XUNITS      : keV
#YUNITS      : counts
#DATATYPE    : XY
#XPERCHAN    : 0.0100000
#OFFSET      : -0.400000
#SIGNALTYPE  : EDS
#CHOFFSET    : 40.0000
#LIVETIME    : 30.000000
#REALTIME    : 39.572036
#BEAMKV      : 50.0000
#PROBECUR    : 682000.
#MAGCAM      : 100.000
#XTILTSTGE   : 0.0
#AZIMANGLE   : 0.0
#ELEVANGLE   : 45.0
#XPOSITION mm: 0.0000
#YPOSITION mm: 0.0000
#ZPOSITION mm: 0.0000
##OXINSTPT   : 4
##OXINSTSTROB: 71.95
#SPECTRUM    : Spectral Data Starts Here
-0.40000, 0.
-0.39000, 0.
-0.38000, 0.
-0.37000, 0.
-0.36000, 0.
-0.35000, 0.
-0.34000, 0.
-0.33000, 0.
-0.32000, 0.
-0.31000, 0.
-0.30000, 0.
-0.29000, 0.
-0.28000, 0.
-0.27000, 0.
-0.26000, 0.
-0.25000, 0.
-0.24000, 0.
-0.23000, 0.
-0.22000, 0.
-0.21000, 0.
-0.20000, 0.
-0.19000, 0.
-0.18000, 0.
-0.17000, 0.
-0.16000, 0.
-0.15000, 0.
-0.14000, 0.
-0.13000, 0.
-0.12000, 0.
-0.11000, 0.
-0.10000, 0.
-0.09000, 0.
-0.08000, 0.
-0.07000, 0.
-0.06000, 0.
-0.05000, 0.
-0.04000, 0.
-0.03000, 0.
-0.02000, 0.
-0.01000, 0.
0.00000, 0.
0.01000, 0.
0.02000, 0.
0.03000, 0.
0.04000, 0.
0.05000, 0.
0.06000, 0.
0.07000, 0.
0.08000, 0.
0.09000, 0.
0.10000, 0.
0.11000, 0.
0.12000, 0.
0.13000, 0.
0.14000, 0.
0.15000, 0.
0.16000, 0.
0.17000, 0.
0.18000, 0.
0.19000, 0.
0.20000, 0.
0.21000, 0.
0.22000, 0.
0.23000, 0.
0.24000, 0.
0.25000, 0.
0.26000, 0.
0.27000, 0.
0.28000, 0.
0.29000, 0.
0.30000, 1.
0.31000, 0.
0.32000, 0.
0.33000, 0.
0.34000, 2.
0.35000, 0.
0.36000, 1.
0.37000, 11.
0.38000, 9.
0.39000, 12.
0.40000, 23.
0.41000, 23.
0.42000, 30.
0.43000, 33.
0.44000, 47.
0.45000, 40.
0.46000, 44.
0.47000, 30.
0.48000, 33.
0.49000, 41.
0.50000, 42.
0.51000, 37.
0.52000, 36.
0.53000, 51.
0.54000, 29.
0.55000, 35.
0.56000, 40.
0.57000, 46.
0.58000, 29.
0.59000, 31.
0.60000, 48.
0.61000, 43.
0.62000, 36.
0.63000, 34.
0.64000, 39.
0.65000, 33.
0.66000, 36.
0.67000, 35.
0.68000, 41.
0.69000, 43.
0.70000, 35.
0.71000, 39.
0.72000, 45.
0.73000, 42.
0.74000, 36.
0.75000, 37.
0.76000, 40.
0.77000, 37.
0.78000, 40.
0.79000, 31.
0.80000, 26.
0.81000, 40.
0.82000, 33.
0.83000, 36.
0.84000, 42.
0.85000, 39.
0.86000, 31.
0.87000, 41.
0.88000, 31.
0.89000, 37.
0.90000, 35.
0.91000, 36.
0.92000, 51.
0.93000, 43.
0.94000, 43.
0.95000, 46.
0.96000, 41.
0.97000, 37.
0.98000, 38.
0.99000, 33.
1.00000, 49.
1.01000, 52.
1.02000, 44.
1.03000, 37.
1.04000, 37.
1.05000, 48.
1.06000, 42.
1.07000, 47.
1.08000, 53.
1.09000, 56.
1.10000, 40.
1.11000, 41.
1.12000, 26.
1.13000, 39.
1.14000, 36.
1.15000, 47.
1.16000, 30.
1.17000, 40.
1.18000, 39.
1.19000, 57.
1.20000, 61.
1.21000, 68.
1.22000, 66.
1.23000, 88.
1.24000, 88.
1.25000, 74.
1.26000, 98.
1.27000, 106.
1.28000, 93.
1.29000, 80.
1.30000, 80.
1.31000, 60.
1.32000, 49.
1.33000, 46.
1.34000, 41.
1.35000, 39.
1.36000, 42.
1.37000, 52.
1.38000, 67.
1.39000, 84.
1.40000, 128.
1.41000, 153.
1.42000, 228.
1.43000, 288.
1.44000, 413.
1.45000, 590.
1.46000, 683.
1.47000, 766.
1.48000, 853.
1.49000, 861.
1.50000, 850.
1.51000, 840.
1.52000, 745.
1.53000, 682.
1.54000, 466.
1.55000, 378.
1.56000, 286.
1.57000, 191.
1.58000, 180.
1.59000, 137.
1.60000, 114.
1.61000, 121.
1.62000, 125.
1.63000, 188.
1.64000, 280.
1.65000, 462.
1.66000, 684.
1.67000, 1116.
1.68000, 1572.
1.69000, 2226.
1.70000, 2964.
1.71000, 3689.
1.72000, 4429.
1.73000, 5013.
1.74000, 5469.
1.75000, 5341.
1.76000, 5212.
1.77000, 4787.
1.78000, 4008.
1.79000, 3248.
1.80000, 2563.
1.81000, 1817.
1.82000, 1412.
1.83000, 977.
1.84000, 687.
1.85000, 479.
1.86000, 382.
1.87000, 264.
1.88000, 231.
1.89000, 144.
1.90000, 120.
1.91000, 97.
1.92000, 78.
1.93000, 86.
1.94000, 63.
1.95000, 78.
1.96000, 94.
1.97000, 80.
1.98000, 99.
1.99000, 89.
2.00000, 87.
2.01000, 91.
2.02000, 120.
2.03000, 109.
2.04000, 81.
2.05000, 78.
2.06000, 72.
2.07000, 56.
2.08000, 49.
2.09000, 45.
2.10000, 45.
2.11000, 35.
2.12000, 41.
2.13000, 29.
2.14000, 25.
2.15000, 27.
2.16000, 41.
2.17000, 33.
2.18000, 24.
2.19000, 32.
2.20000, 28.
2.21000, 25.
2.22000, 33.
2.23000, 44.
2.24000, 43.
2.25000, 44.
2.26000, 36.
2.27000, 60.
2.28000, 52.
2.29000, 60.
2.30000, 77.
2.31000, 63.
2.32000, 63.
2.33000, 65.
2.34000, 83.
2.35000, 69.
2.36000, 47.
2.37000, 54.
2.38000, 33.
2.39000, 48.
2.40000, 43.
2.41000, 32.
2.42000, 44.
2.43000, 34.
2.44000, 46.
2.45000, 33.
2.46000, 35.
2.47000, 24.
2.48000, 38.
2.49000, 32.
2.50000, 26.
2.51000, 37.
2.52000, 26.
2.53000, 37.
2.54000, 58.
2.55000, 50.
2.56000, 52.
2.57000, 66.
2.58000, 83.
2.59000, 93.
2.60000, 93.
2.61000, 129.
2.62000, 154.
2.63000, 205.
2.64000, 262.
2.65000, 293.
2.66000, 348.
2.67000, 349.
2.68000, 439.
2.69000, 469.
2.70000, 480.
2.71000, 468.
2.72000, 451.
2.73000, 408.
2.74000, 384.
2.75000, 335.
2.76000, 289.
2.77000, 271.
2.78000, 234.
2.79000, 221.
2.80000, 230.
2.81000, 221.
2.82000, 220.
2.83000, 253.
2.84000, 216.
2.85000, 236.
2.86000, 224.
2.87000, 204.
2.88000, 199.
2.89000, 191.
2.90000, 165.
2.91000, 119.
2.92000, 110.
2.93000, 99.
2.94000, 102.
2.95000, 106.
2.96000, 83.
2.97000, 66.
2.98000, 77.
2.99000, 64.
3.00000, 66.
3.01000, 64.
3.02000, 45.
3.03000, 50.
3.04000, 37.
3.05000, 43.
3.06000, 35.
3.07000, 28.
3.08000, 32.
3.09000, 37.
3.10000, 37.
3.11000, 31.
3.12000, 27.
3.13000, 38.
3.14000, 33.
3.15000, 36.
3.16000, 46.
3.17000, 46.
3.18000, 45.
3.19000, 57.
3.20000, 86.
3.21000, 98.
3.22000, 138.
3.23000, 192.
3.24000, 263.
3.25000, 314.
3.26000, 392.
3.27000, 545.
3.28000, 582.
3.29000, 675.
3.30000, 707.
3.31000, 781.
3.32000, 829.
3.33000, 748.
3.34000, 780.
3.35000, 638.
3.36000, 549.
3.37000, 468.
3.38000, 356.
3.39000, 272.
3.40000, 212.
3.41000, 144.
3.42000, 128.
3.43000, 90.
3.44000, 74.
3.45000, 62.
3.46000, 37.
3.47000, 53.
3.48000, 46.
3.49000, 61.
3.50000, 61.
3.51000, 62.
3.52000, 69.
3.53000, 82.
3.54000, 111.
3.55000, 159.
3.56000, 172.
3.57000, 232.
3.58000, 287.
3.59000, 366.
3.60000, 451.
3.61000, 567.
3.62000, 714.
3.63000, 881.
3.64000, 1079.
3.65000, 1274.
3.66000, 1456.
3.67000, 1592.
3.68000, 1714.
3.69000, 1738.
3.70000, 1817.
3.71000, 1839.
3.72000, 1533.
3.73000, 1378.
3.74000, 1241.
3.75000, 1036.
3.76000, 814.
3.77000, 633.
3.78000, 492.
3.79000, 325.
3.80000, 225.
3.81000, 176.
3.82000, 117.
3.83000, 80.
3.84000, 52.
3.85000, 58.
3.86000, 50.
3.87000, 42.
3.88000, 45.
3.89000, 44.
3.90000, 58.
3.91000, 63.
3.92000, 69.
3.93000, 102.
3.94000, 131.
3.95000, 158.
3.96000, 210.
3.97000, 205.
3.98000, 220.
3.99000, 236.
4.00000, 303.
4.01000, 288.
4.02000, 289.
4.03000, 276.
4.04000, 313.
4.05000, 200.
4.06000, 215.
4.07000, 170.
4.08000, 171.
4.09000, 140.
4.10000, 94.
4.11000, 82.
4.12000, 62.
4.13000, 76.
4.14000, 39.
4.15000, 43.
4.16000, 35.
4.17000, 26.
4.18000, 33.
4.19000, 31.
4.20000, 25.
4.21000, 30.
4.22000, 23.
4.23000, 26.
4.24000, 32.
4.25000, 29.
4.26000, 21.
4.27000, 27.
4.28000, 28.
4.29000, 25.
4.30000, 39.
4.31000, 34.
4.32000, 41.
4.33000, 30.
4.34000, 38.
4.35000, 39.
4.36000, 48.
4.37000, 46.
4.38000, 81.
4.39000, 90.
4.40000, 118.
4.41000, 146.
4.42000, 160.
4.43000, 217.
4.44000, 285.
4.45000, 324.
4.46000, 415.
4.47000, 442.
4.48000, 539.
4.49000, 562.
4.50000, 583.
4.51000, 569.
4.52000, 550.
4.53000, 558.
4.54000, 583.
4.55000, 445.
4.56000, 376.
4.57000, 365.
4.58000, 297.
4.59000, 289.
4.60000, 207.
4.61000, 177.
4.62000, 157.
4.63000, 157.
4.64000, 144.
4.65000, 122.
4.66000, 112.
4.67000, 122.
4.68000, 96.
4.69000, 72.
4.70000, 85.
4.71000, 79.
4.72000, 88.
4.73000, 63.
4.74000, 71.
4.75000, 57.
4.76000, 64.
4.77000, 58.
4.78000, 59.
4.79000, 74.
4.80000, 61.
4.81000, 69.
4.82000, 80.
4.83000, 83.
4.84000, 90.
4.85000, 110.
4.86000, 101.
4.87000, 101.
4.88000, 145.
4.89000, 130.
4.90000, 113.
4.91000, 160.
4.92000, 137.
4.93000, 138.
4.94000, 134.
4.95000, 159.
4.96000, 152.
4.97000, 145.
4.98000, 145.
4.99000, 118.
5.00000, 101.
5.01000, 110.
5.02000, 88.
5.03000, 80.
5.04000, 69.
5.05000, 58.
5.06000, 59.
5.07000, 46.
5.08000, 60.
5.09000, 59.
5.10000, 36.
5.11000, 41.
5.12000, 51.
5.13000, 66.
5.14000, 54.
5.15000, 55.
5.16000, 63.
5.17000, 53.
5.18000, 51.
5.19000, 62.
5.20000, 54.
5.21000, 74.
5.22000, 66.
5.23000, 46.
5.24000, 57.
5.25000, 69.
5.26000, 61.
5.27000, 71.
5.28000, 64.
5.29000, 60.
5.30000, 62.
5.31000, 53.
5.32000, 65.
5.33000, 73.
5.34000, 59.
5.35000, 81.
5.36000, 71.
5.37000, 73.
5.38000, 91.
5.39000, 78.
5.40000, 78.
5.41000, 80.
5.42000, 81.
5.43000, 87.
5.44000, 86.
5.45000, 70.
5.46000, 67.
5.47000, 59.
5.48000, 69.
5.49000, 69.
5.50000, 56.
5.51000, 69.
5.52000, 56.
5.53000, 61.
5.54000, 55.
5.55000, 52.
5.56000, 60.
5.57000, 62.
5.58000, 52.
5.59000, 54.
5.60000, 50.
5.61000, 52.
5.62000, 56.
5.63000, 60.
5.64000, 52.
5.65000, 52.
5.66000, 60.
5.67000, 57.
5.68000, 61.
5.69000, 54.
5.70000, 47.
5.71000, 67.
5.72000, 63.
5.73000, 74.
5.74000, 69.
5.75000, 61.
5.76000, 84.
5.77000, 95.
5.78000, 113.
5.79000, 122.
5.80000, 144.
5.81000, 151.
5.82000, 187.
5.83000, 223.
5.84000, 258.
5.85000, 269.
5.86000, 317.
5.87000, 326.
5.88000, 330.
5.89000, 365.
5.90000, 375.
5.91000, 343.
5.92000, 306.
5.93000, 305.
5.94000, 284.
5.95000, 260.
5.96000, 220.
5.97000, 199.
5.98000, 181.
5.99000, 141.
6.00000, 140.
6.01000, 101.
6.02000, 102.
6.03000, 111.
6.04000, 80.
6.05000, 70.
6.06000, 82.
6.07000, 69.
6.08000, 82.
6.09000, 88.
6.10000, 83.
6.11000, 85.
6.12000, 82.
6.13000, 77.
6.14000, 106.
6.15000, 108.
6.16000, 121.
6.17000, 128.
6.18000, 152.
6.19000, 175.
6.20000, 208.
6.21000, 270.
6.22000, 393.
6.23000, 514.
6.24000, 729.
6.25000, 1089.
6.26000, 1401.
6.27000, 2006.
6.28000, 2723.
6.29000, 3739.
6.30000, 4743.
6.31000, 5959.
6.32000, 7584.
6.33000, 9175.
6.34000, 10776.
6.35000, 12574.
6.36000, 13907.
6.37000, 15303.
6.38000, 16381.
6.39000, 16935.
6.40000, 17111.
6.41000, 17048.
6.42000, 16227.
6.43000, 15170.
6.44000, 14003.
6.45000, 12322.
6.46000, 10648.
6.47000, 8927.
6.48000, 7360.
6.49000, 5946.
6.50000, 4659.
6.51000, 3557.
6.52000, 2562.
6.53000, 1887.
6.54000, 1372.
6.55000, 935.
6.56000, 718.
6.57000, 506.
6.58000, 360.
6.59000, 240.
6.60000, 176.
6.61000, 172.
6.62000, 135.
6.63000, 128.
6.64000, 140.
6.65000, 111.
6.66000, 112.
6.67000, 89.
6.68000, 97.
6.69000, 104.
6.70000, 90.
6.71000, 94.
6.72000, 121.
6.73000, 120.
6.74000, 127.
6.75000, 114.
6.76000, 106.
6.77000, 107.
6.78000, 89.
6.79000, 138.
6.80000, 95.
6.81000, 134.
6.82000, 131.
6.83000, 160.
6.84000, 146.
6.85000, 158.
6.86000, 173.
6.87000, 168.
6.88000, 223.
6.89000, 239.
6.90000, 318.
6.91000, 383.
6.92000, 498.
6.93000, 616.
6.94000, 661.
6.95000, 851.
6.96000, 1020.
6.97000, 1283.
6.98000, 1449.
6.99000, 1775.
7.00000, 1970.
7.01000, 2306.
7.02000, 2413.
7.03000, 2506.
7.04000, 2688.
7.05000, 2699.
7.06000, 2825.
7.07000, 2646.
7.08000, 2689.
7.09000, 2401.
7.10000, 2162.
7.11000, 1896.
7.12000, 1649.
7.13000, 1461.
7.14000, 1162.
7.15000, 957.
7.16000, 782.
7.17000, 631.
7.18000, 433.
7.19000, 359.
7.20000, 277.
7.21000, 210.
7.22000, 173.
7.23000, 131.
7.24000, 89.
7.25000, 86.
7.26000, 85.
7.27000, 65.
7.28000, 72.
7.29000, 65.
7.30000, 62.
7.31000, 83.
7.32000, 89.
7.33000, 63.
7.34000, 61.
7.35000, 67.
7.36000, 72.
7.37000, 87.
7.38000, 78.
7.39000, 78.
7.40000, 84.
7.41000, 82.
7.42000, 88.
7.43000, 100.
7.44000, 83.
7.45000, 100.
7.46000, 80.
7.47000, 95.
7.48000, 83.
7.49000, 94.
7.50000, 90.
7.51000, 96.
7.52000, 68.
7.53000, 68.
7.54000, 72.
7.55000, 82.
7.56000, 75.
7.57000, 67.
7.58000, 89.
7.59000, 75.
7.60000, 74.
7.61000, 81.
7.62000, 70.
7.63000, 78.
7.64000, 65.
7.65000, 70.
7.66000, 87.
7.67000, 91.
7.68000, 84.
7.69000, 80.
7.70000, 80.
7.71000, 71.
7.72000, 72.
7.73000, 74.
7.74000, 90.
7.75000, 84.
7.76000, 76.
7.77000, 89.
7.78000, 87.
7.79000, 95.
7.80000, 75.
7.81000, 88.
7.82000, 89.
7.83000, 91.
7.84000, 96.
7.85000, 111.
7.86000, 94.
7.87000, 111.
7.88000, 109.
7.89000, 96.
7.90000, 106.
7.91000, 94.
7.92000, 100.
7.93000, 108.
7.94000, 119.
7.95000, 127.
7.96000, 109.
7.97000, 135.
7.98000, 126.
7.99000, 124.
8.00000, 124.
8.01000, 121.
8.02000, 130.
8.03000, 124.
8.04000, 140.
8.05000, 135.
8.06000, 117.
8.07000, 122.
8.08000, 132.
8.09000, 142.
8.10000, 133.
8.11000, 130.
8.12000, 138.
8.13000, 120.
8.14000, 134.
8.15000, 130.
8.16000, 154.
8.17000, 121.
8.18000, 137.
8.19000, 119.
8.20000, 109.
8.21000, 106.
8.22000, 103.
8.23000, 109.
8.24000, 87.
8.25000, 107.
8.26000, 90.
8.27000, 96.
8.28000, 107.
8.29000, 93.
8.30000, 82.
8.31000, 113.
8.32000, 100.
8.33000, 98.
8.34000, 94.
8.35000, 76.
8.36000, 96.
8.37000, 102.
8.38000, 91.
8.39000, 105.
8.40000, 105.
8.41000, 91.
8.42000, 96.
8.43000, 102.
8.44000, 106.
8.45000, 90.
8.46000, 115.
8.47000, 112.
8.48000, 87.
8.49000, 105.
8.50000, 127.
8.51000, 126.
8.52000, 154.
8.53000, 132.
8.54000, 184.
8.55000, 158.
8.56000, 188.
8.57000, 219.
8.58000, 194.
8.59000, 185.
8.60000, 229.
8.61000, 251.
8.62000, 243.
8.63000, 247.
8.64000, 223.
8.65000, 217.
8.66000, 246.
8.67000, 226.
8.68000, 212.
8.69000, 185.
8.70000, 174.
8.71000, 172.
8.72000, 174.
8.73000, 159.
8.74000, 133.
8.75000, 147.
8.76000, 137.
8.77000, 120.
8.78000, 121.
8.79000, 130.
8.80000, 120.
8.81000, 127.
8.82000, 101.
8.83000, 121.
8.84000, 113.
8.85000, 108.
8.86000, 111.
8.87000, 117.
8.88000, 118.
8.89000, 118.
8.90000, 101.
8.91000, 103.
8.92000, 97.
8.93000, 112.
8.94000, 111.
8.95000, 101.
8.96000, 101.
8.97000, 95.
8.98000, 99.
8.99000, 98.
9.00000, 108.
9.01000, 106.
9.02000, 125.
9.03000, 103.
9.04000, 105.
9.05000, 110.
9.06000, 109.
9.07000, 126.
9.08000, 108.
9.09000, 95.
9.10000, 100.
9.11000, 108.
9.12000, 104.
9.13000, 129.
9.14000, 114.
9.15000, 115.
9.16000, 97.
9.17000, 112.
9.18000, 112.
9.19000, 124.
9.20000, 101.
9.21000, 128.
9.22000, 111.
9.23000, 134.
9.24000, 139.
9.25000, 137.
9.26000, 124.
9.27000, 132.
9.28000, 120.
9.29000, 122.
9.30000, 107.
9.31000, 117.
9.32000, 117.
9.33000, 119.
9.34000, 111.
9.35000, 120.
9.36000, 125.
9.37000, 106.
9.38000, 109.
9.39000, 123.
9.40000, 101.
9.41000, 109.
9.42000, 131.
9.43000, 108.
9.44000, 107.
9.45000, 142.
9.46000, 102.
9.47000, 123.
9.48000, 122.
9.49000, 135.
9.50000, 113.
9.51000, 115.
9.52000, 130.
9.53000, 119.
9.54000, 130.
9.55000, 137.
9.56000, 126.
9.57000, 151.
9.58000, 130.
9.59000, 118.
9.60000, 133.
9.61000, 137.
9.62000, 130.
9.63000, 118.
9.64000, 117.
9.65000, 117.
9.66000, 125.
9.67000, 113.
9.68000, 116.
9.69000, 112.
9.70000, 86.
9.71000, 121.
9.72000, 114.
9.73000, 117.
9.74000, 116.
9.75000, 126.
9.76000, 109.
9.77000, 111.
9.78000, 112.
9.79000, 106.
9.80000, 106.
9.81000, 107.
9.82000, 116.
9.83000, 125.
9.84000, 118.
9.85000, 119.
9.86000, 123.
9.87000, 134.
9.88000, 105.
9.89000, 138.
9.90000, 124.
9.91000, 117.
9.92000, 116.
9.93000, 125.
9.94000, 113.
9.95000, 112.
9.96000, 125.
9.97000, 124.
9.98000, 98.
9.99000, 116.
10.00000, 136.
10.01000, 104.
10.02000, 125.
10.03000, 107.
10.04000, 104.
10.05000, 128.
10.06000, 136.
10.07000, 130.
10.08000, 124.
10.09000, 126.
10.10000, 116.
10.11000, 124.
10.12000, 124.
10.13000, 117.
10.14000, 123.
10.15000, 105.
10.16000, 134.
10.17000, 114.
10.18000, 94.
10.19000, 113.
10.20000, 118.
10.21000, 117.
10.22000, 117.
10.23000, 118.
10.24000, 101.
10.25000, 118.
10.26000, 124.
10.27000, 109.
10.28000, 114.
10.29000, 119.
10.30000, 98.
10.31000, 125.
10.32000, 126.
10.33000, 108.
10.34000, 98.
10.35000, 109.
10.36000, 123.
10.37000, 133.
10.38000, 121.
10.39000, 120.
10.40000, 141.
10.41000, 106.
10.42000, 138.
10.43000, 132.
10.44000, 161.
10.45000, 152.
10.46000, 146.
10.47000, 171.
10.48000, 161.
10.49000, 163.
10.50000, 138.
10.51000, 160.
10.52000, 168.
10.53000, 184.
10.54000, 178.
10.55000, 167.
10.56000, 154.
10.57000, 144.
10.58000, 146.
10.59000, 165.
10.60000, 139.
10.61000, 143.
10.62000, 139.
10.63000, 121.
10.64000, 166.
10.65000, 137.
10.66000, 159.
10.67000, 115.
10.68000, 129.
10.69000, 138.
10.70000, 128.
10.71000, 125.
10.72000, 116.
10.73000, 117.
10.74000, 114.
10.75000, 90.
10.76000, 145.
10.77000, 131.
10.78000, 127.
10.79000, 113.
10.80000, 133.
10.81000, 120.
10.82000, 113.
10.83000, 130.
10.84000, 123.
10.85000, 133.
10.86000, 119.
10.87000, 125.
10.88000, 141.
10.89000, 134.
10.90000, 131.
10.91000, 130.
10.92000, 113.
10.93000, 128.
10.94000, 129.
10.95000, 127.
10.96000, 124.
10.97000, 129.
10.98000, 146.
10.99000, 120.
11.00000, 108.
11.01000, 118.
11.02000, 119.
11.03000, 132.
11.04000, 123.
11.05000, 114.
11.06000, 149.
11.07000, 131.
11.08000, 118.
11.09000, 122.
11.10000, 121.
11.11000, 114.
11.12000, 136.
11.13000, 133.
11.14000, 112.
11.15000, 132.
11.16000, 114.
11.17000, 102.
11.18000, 116.
11.19000, 154.
11.20000, 117.
11.21000, 133.
11.22000, 107.
11.23000, 138.
11.24000, 120.
11.25000, 133.
11.26000, 125.
11.27000, 124.
11.28000, 136.
11.29000, 117.
11.30000, 120.
11.31000, 123.
11.32000, 129.
11.33000, 133.
11.34000, 129.
11.35000, 146.
11.36000, 116.
11.37000, 126.
11.38000, 110.
11.39000, 128.
11.40000, 133.
11.41000, 116.
11.42000, 142.
11.43000, 145.
11.44000, 126.
11.45000, 126.
11.46000, 127.
11.47000, 125.
11.48000, 135.
11.49000, 135.
11.50000, 119.
11.51000, 119.
11.52000, 118.
11.53000, 128.
11.54000, 128.
11.55000, 120.
11.56000, 126.
11.57000, 113.
11.58000, 131.
11.59000, 147.
11.60000, 146.
11.61000, 119.
11.62000, 120.
11.63000, 144.
11.64000, 140.
11.65000, 141.
11.66000, 134.
11.67000, 138.
11.68000, 131.
11.69000, 137.
11.70000, 125.
11.71000, 111.
11.72000, 119.
11.73000, 139.
11.74000, 118.
11.75000, 121.
11.76000, 132.
11.77000, 129.
11.78000, 126.
11.79000, 126.
11.80000, 123.
11.81000, 141.
11.82000, 134.
11.83000, 125.
11.84000, 125.
11.85000, 134.
11.86000, 128.
11.87000, 105.
11.88000, 95.
11.89000, 136.
11.90000, 143.
11.91000, 143.
11.92000, 142.
11.93000, 127.
11.94000, 138.
11.95000, 130.
11.96000, 111.
11.97000, 137.
11.98000, 138.
11.99000, 125.
12.00000, 151.
12.01000, 136.
12.02000, 158.
12.03000, 119.
12.04000, 134.
12.05000, 138.
12.06000, 135.
12.07000, 126.
12.08000, 126.
12.09000, 139.
12.10000, 144.
12.11000, 132.
12.12000, 127.
12.13000, 138.
12.14000, 127.
12.15000, 134.
12.16000, 127.
12.17000, 122.
12.18000, 142.
12.19000, 146.
12.20000, 110.
12.21000, 125.
12.22000, 140.
12.23000, 123.
12.24000, 127.
12.25000, 153.
12.26000, 133.
12.27000, 147.
12.28000, 174.
12.29000, 147.
12.30000, 129.
12.31000, 136.
12.32000, 136.
12.33000, 142.
12.34000, 157.
12.35000, 131.
12.36000, 134.
12.37000, 143.
12.38000, 116.
12.39000, 159.
12.40000, 112.
12.41000, 135.
12.42000, 122.
12.43000, 113.
12.44000, 129.
12.45000, 143.
12.46000, 148.
12.47000, 143.
12.48000, 140.
12.49000, 161.
12.50000, 153.
12.51000, 157.
12.52000, 142.
12.53000, 151.
12.54000, 143.
12.55000, 150.
12.56000, 151.
12.57000, 149.
12.58000, 149.
12.59000, 146.
12.60000, 156.
12.61000, 178.
12.62000, 133.
12.63000, 178.
12.64000, 157.
12.65000, 165.
12.66000, 177.
12.67000, 164.
12.68000, 154.
12.69000, 157.
12.70000, 158.
12.71000, 171.
12.72000, 189.
12.73000, 161.
12.74000, 184.
12.75000, 191.
12.76000, 199.
12.77000, 206.
12.78000, 176.
12.79000, 180.
12.80000, 204.
12.81000, 172.
12.82000, 166.
12.83000, 182.
12.84000, 172.
12.85000, 184.
12.86000, 168.
12.87000, 153.
12.88000, 162.
12.89000, 163.
12.90000, 173.
12.91000, 160.
12.92000, 163.
12.93000, 166.
12.94000, 161.
12.95000, 164.
12.96000, 160.
12.97000, 160.
12.98000, 144.
12.99000, 145.
13.00000, 134.
13.01000, 128.
13.02000, 141.
13.03000, 128.
13.04000, 130.
13.05000, 138.
13.06000, 135.
13.07000, 138.
13.08000, 134.
13.09000, 128.
13.10000, 159.
13.11000, 123.
13.12000, 163.
13.13000, 158.
13.14000, 137.
13.15000, 152.
13.16000, 163.
13.17000, 159.
13.18000, 143.
13.19000, 141.
13.20000, 151.
13.21000, 155.
13.22000, 163.
13.23000, 171.
13.24000, 194.
13.25000, 173.
13.26000, 187.
13.27000, 198.
13.28000, 221.
13.29000, 198.
13.30000, 221.
13.31000, 198.
13.32000, 223.
13.33000, 235.
13.34000, 244.
13.35000, 230.
13.36000, 231.
13.37000, 232.
13.38000, 210.
13.39000, 224.
13.40000, 221.
13.41000, 231.
13.42000, 190.
13.43000, 219.
13.44000, 208.
13.45000, 207.
13.46000, 197.
13.47000, 210.
13.48000, 174.
13.49000, 182.
13.50000, 152.
13.51000, 164.
13.52000, 172.
13.53000, 151.
13.54000, 151.
13.55000, 166.
13.56000, 163.
13.57000, 147.
13.58000, 134.
13.59000, 147.
13.60000, 162.
13.61000, 167.
13.62000, 142.
13.63000, 161.
13.64000, 145.
13.65000, 150.
13.66000, 130.
13.67000, 140.
13.68000, 110.
13.69000, 135.
13.70000, 134.
13.71000, 155.
13.72000, 153.
13.73000, 138.
13.74000, 149.
13.75000, 132.
13.76000, 135.
13.77000, 136.
13.78000, 161.
13.79000, 128.
13.80000, 131.
13.81000, 138.
13.82000, 133.
13.83000, 162.
13.84000, 148.
13.85000, 144.
13.86000, 168.
13.87000, 157.
13.88000, 160.
13.89000, 173.
13.90000, 141.
13.91000, 162.
13.92000, 160.
13.93000, 174.
13.94000, 181.
13.95000, 195.
13.96000, 224.
13.97000, 223.
13.98000, 237.
13.99000, 263.
14.00000, 290.
14.01000, 310.
14.02000, 367.
14.03000, 365.
14.04000, 384.
14.05000, 398.
14.06000, 398.
14.07000, 492.
14.08000, 458.
14.09000, 503.
14.10000, 537.
14.11000, 546.
14.12000, 509.
14.13000, 512.
14.14000, 526.
14.15000, 516.
14.16000, 469.
14.17000, 486.
14.18000, 444.
14.19000, 458.
14.20000, 419.
14.21000, 389.
14.22000, 341.
14.23000, 380.
14.24000, 314.
14.25000, 282.
14.26000, 240.
14.27000, 261.
14.28000, 206.
14.29000, 204.
14.30000, 196.
14.31000, 192.
14.32000, 171.
14.33000, 193.
14.34000, 178.
14.35000, 169.
14.36000, 159.
14.37000, 137.
14.38000, 127.
14.39000, 132.
14.40000, 138.
14.41000, 129.
14.42000, 137.
14.43000, 149.
14.44000, 125.
14.45000, 106.
14.46000, 134.
14.47000, 135.
14.48000, 143.
14.49000, 127.
14.50000, 134.
14.51000, 130.
14.52000, 157.
14.53000, 136.
14.54000, 121.
14.55000, 162.
14.56000, 137.
14.57000, 130.
14.58000, 129.
14.59000, 141.
14.60000, 135.
14.61000, 141.
14.62000, 141.
14.63000, 129.
14.64000, 144.
14.65000, 129.
14.66000, 133.
14.67000, 140.
14.68000, 121.
14.69000, 153.
14.70000, 159.
14.71000, 147.
14.72000, 152.
14.73000, 137.
14.74000, 159.
14.75000, 136.
14.76000, 177.
14.77000, 138.
14.78000, 149.
14.79000, 155.
14.80000, 162.
14.81000, 149.
14.82000, 171.
14.83000, 172.
14.84000, 165.
14.85000, 203.
14.86000, 171.
14.87000, 171.
14.88000, 164.
14.89000, 167.
14.90000, 191.
14.91000, 185.
14.92000, 169.
14.93000, 171.
14.94000, 195.
14.95000, 166.
14.96000, 192.
14.97000, 171.
14.98000, 176.
14.99000, 172.
15.00000, 151.
15.01000, 176.
15.02000, 156.
15.03000, 179.
15.04000, 150.
15.05000, 119.
15.06000, 160.
15.07000, 151.
15.08000, 155.
15.09000, 154.
15.10000, 143.
15.11000, 158.
15.12000, 153.
15.13000, 128.
15.14000, 127.
15.15000, 158.
15.16000, 138.
15.17000, 135.
15.18000, 120.
15.19000, 143.
15.20000, 133.
15.21000, 143.
15.22000, 146.
15.23000, 143.
15.24000, 136.
15.25000, 164.
15.26000, 141.
15.27000, 141.
15.28000, 148.
15.29000, 129.
15.30000, 145.
15.31000, 127.
15.32000, 148.
15.33000, 146.
15.34000, 108.
15.35000, 132.
15.36000, 137.
15.37000, 149.
15.38000, 145.
15.39000, 128.
15.40000, 148.
15.41000, 142.
15.42000, 119.
15.43000, 152.
15.44000, 148.
15.45000, 130.
15.46000, 113.
15.47000, 148.
15.48000, 143.
15.49000, 147.
15.50000, 142.
15.51000, 179.
15.52000, 129.
15.53000, 148.
15.54000, 155.
15.55000, 214.
15.56000, 168.
15.57000, 195.
15.58000, 204.
15.59000, 223.
15.60000, 220.
15.61000, 256.
15.62000, 224.
15.63000, 270.
15.64000, 275.
15.65000, 296.
15.66000, 320.
15.67000, 282.
15.68000, 348.
15.69000, 344.
15.70000, 353.
15.71000, 345.
15.72000, 368.
15.73000, 360.
15.74000, 384.
15.75000, 372.
15.76000, 402.
15.77000, 350.
15.78000, 385.
15.79000, 353.
15.80000, 370.
15.81000, 338.
15.82000, 311.
15.83000, 275.
15.84000, 301.
15.85000, 263.
15.86000, 308.
15.87000, 264.
15.88000, 240.
15.89000, 247.
15.90000, 224.
15.91000, 200.
15.92000, 209.
15.93000, 198.
15.94000, 184.
15.95000, 160.
15.96000, 153.
15.97000, 164.
15.98000, 178.
15.99000, 157.
16.00000, 153.
16.01000, 152.
16.02000, 134.
16.03000, 144.
16.04000, 146.
16.05000, 151.
16.06000, 143.
16.07000, 150.
16.08000, 146.
16.09000, 146.
16.10000, 148.
16.11000, 150.
16.12000, 150.
16.13000, 166.
16.14000, 135.
16.15000, 148.
16.16000, 144.
16.17000, 125.
16.18000, 141.
16.19000, 139.
16.20000, 142.
16.21000, 142.
16.22000, 133.
16.23000, 146.
16.24000, 133.
16.25000, 159.
16.26000, 128.
16.27000, 142.
16.28000, 138.
16.29000, 133.
16.30000, 155.
16.31000, 120.
16.32000, 145.
16.33000, 144.
16.34000, 128.
16.35000, 155.
16.36000, 119.
16.37000, 113.
16.38000, 134.
16.39000, 137.
16.40000, 121.
16.41000, 118.
16.42000, 155.
16.43000, 139.
16.44000, 153.
16.45000, 165.
16.46000, 149.
16.47000, 141.
16.48000, 163.
16.49000, 170.
16.50000, 134.
16.51000, 163.
16.52000, 157.
16.53000, 154.
16.54000, 164.
16.55000, 137.
16.56000, 163.
16.57000, 147.
16.58000, 152.
16.59000, 156.
16.60000, 154.
16.61000, 175.
16.62000, 147.
16.63000, 157.
16.64000, 152.
16.65000, 149.
16.66000, 136.
16.67000, 178.
16.68000, 138.
16.69000, 131.
16.70000, 144.
16.71000, 136.
16.72000, 152.
16.73000, 140.
16.74000, 168.
16.75000, 147.
16.76000, 126.
16.77000, 121.
16.78000, 113.
16.79000, 144.
16.80000, 124.
16.81000, 161.
16.82000, 149.
16.83000, 136.
16.84000, 127.
16.85000, 144.
16.86000, 146.
16.87000, 135.
16.88000, 129.
16.89000, 129.
16.90000, 104.
16.91000, 110.
16.92000, 131.
16.93000, 153.
16.94000, 132.
16.95000, 116.
16.96000, 143.
16.97000, 146.
16.98000, 125.
16.99000, 152.
17.00000, 138.
17.01000, 149.
17.02000, 141.
17.03000, 120.
17.04000, 123.
17.05000, 132.
17.06000, 134.
17.07000, 138.
17.08000, 142.
17.09000, 123.
17.10000, 129.
17.11000, 148.
17.12000, 124.
17.13000, 149.
17.14000, 155.
17.15000, 140.
17.16000, 139.
17.17000, 151.
17.18000, 141.
17.19000, 162.
17.20000, 148.
17.21000, 124.
17.22000, 138.
17.23000, 137.
17.24000, 166.
17.25000, 148.
17.26000, 149.
17.27000, 168.
17.28000, 150.
17.29000, 138.
17.30000, 167.
17.31000, 141.
17.32000, 154.
17.33000, 148.
17.34000, 151.
17.35000, 150.
17.36000, 137.
17.37000, 170.
17.38000, 163.
17.39000, 185.
17.40000, 180.
17.41000, 175.
17.42000, 152.
17.43000, 161.
17.44000, 164.
17.45000, 184.
17.46000, 186.
17.47000, 160.
17.48000, 157.
17.49000, 191.
17.50000, 162.
17.51000, 180.
17.52000, 179.
17.53000, 171.
17.54000, 162.
17.55000, 188.
17.56000, 184.
17.57000, 188.
17.58000, 167.
17.59000, 188.
17.60000, 199.
17.61000, 194.
17.62000, 205.
17.63000, 204.
17.64000, 201.
17.65000, 187.
17.66000, 169.
17.67000, 172.
17.68000, 190.
17.69000, 194.
17.70000, 185.
17.71000, 195.
17.72000, 190.
17.73000, 181.
17.74000, 193.
17.75000, 189.
17.76000, 170.
17.77000, 165.
17.78000, 180.
17.79000, 167.
17.80000, 178.
17.81000, 182.
17.82000, 180.
17.83000, 194.
17.84000, 182.
17.85000, 184.
17.86000, 185.
17.87000, 192.
17.88000, 167.
17.89000, 185.
17.90000, 182.
17.91000, 182.
17.92000, 200.
17.93000, 192.
17.94000, 207.
17.95000, 210.
17.96000, 219.
17.97000, 187.
17.98000, 198.
17.99000, 201.
18.00000, 214.
18.01000, 218.
18.02000, 198.
18.03000, 195.
18.04000, 204.
18.05000, 218.
18.06000, 235.
18.07000, 217.
18.08000, 212.
18.09000, 252.
18.10000, 229.
18.11000, 220.
18.12000, 231.
18.13000, 200.
18.14000, 233.
18.15000, 231.
18.16000, 236.
18.17000, 239.
18.18000, 257.
18.19000, 243.
18.20000, 249.
18.21000, 253.
18.22000, 288.
18.23000, 287.
18.24000, 284.
18.25000, 259.
18.26000, 306.
18.27000, 286.
18.28000, 287.
18.29000, 285.
18.30000, 287.
18.31000, 320.
18.32000, 306.
18.33000, 329.
18.34000, 341.
18.35000, 379.
18.36000, 355.
18.37000, 369.
18.38000, 354.
18.39000, 368.
18.40000, 386.
18.41000, 410.
18.42000, 404.
18.43000, 428.
18.44000, 469.
18.45000, 457.
18.46000, 471.
18.47000, 496.
18.48000, 524.
18.49000, 496.
18.50000, 495.
18.51000, 547.
18.52000, 545.
18.53000, 511.
18.54000, 595.
18.55000, 586.
18.56000, 641.
18.57000, 644.
18.58000, 613.
18.59000, 677.
18.60000, 701.
18.61000, 697.
18.62000, 704.
18.63000, 718.
18.64000, 719.
18.65000, 720.
18.66000, 718.
18.67000, 731.
18.68000, 794.
18.69000, 747.
18.70000, 713.
18.71000, 837.
18.72000, 822.
18.73000, 819.
18.74000, 813.
18.75000, 803.
18.76000, 852.
18.77000, 843.
18.78000, 802.
18.79000, 844.
18.80000, 805.
18.81000, 826.
18.82000, 838.
18.83000, 786.
18.84000, 781.
18.85000, 807.
18.86000, 838.
18.87000, 802.
18.88000, 790.
18.89000, 736.
18.90000, 745.
18.91000, 784.
18.92000, 749.
18.93000, 711.
18.94000, 784.
18.95000, 710.
18.96000, 710.
18.97000, 637.
18.98000, 663.
18.99000, 663.
19.00000, 616.
19.01000, 648.
19.02000, 576.
19.03000, 587.
19.04000, 602.
19.05000, 586.
19.06000, 564.
19.07000, 558.
19.08000, 541.
19.09000, 491.
19.10000, 525.
19.11000, 500.
19.12000, 483.
19.13000, 454.
19.14000, 450.
19.15000, 429.
19.16000, 429.
19.17000, 414.
19.18000, 397.
19.19000, 379.
19.20000, 379.
19.21000, 355.
19.22000, 348.
19.23000, 362.
19.24000, 353.
19.25000, 343.
19.26000, 311.
19.27000, 279.
19.28000, 292.
19.29000, 308.
19.30000, 264.
19.31000, 262.
19.32000, 274.
19.33000, 281.
19.34000, 232.
19.35000, 259.
19.36000, 257.
19.37000, 269.
19.38000, 263.
19.39000, 237.
19.40000, 226.
19.41000, 265.
19.42000, 222.
19.43000, 251.
19.44000, 242.
19.45000, 229.
19.46000, 225.
19.47000, 215.
19.48000, 219.
19.49000, 183.
19.50000, 214.
19.51000, 199.
19.52000, 208.
19.53000, 227.
19.54000, 187.
19.55000, 200.
19.56000, 183.
19.57000, 194.
19.58000, 195.
19.59000, 168.
19.60000, 168.
19.61000, 172.
19.62000, 177.
19.63000, 167.
19.64000, 174.
19.65000, 172.
19.66000, 174.
19.67000, 160.
19.68000, 164.
19.69000, 149.
19.70000, 167.
19.71000, 155.
19.72000, 135.
19.73000, 167.
19.74000, 173.
19.75000, 154.
19.76000, 143.
19.77000, 162.
19.78000, 160.
19.79000, 168.
19.80000, 156.
19.81000, 163.
19.82000, 142.
19.83000, 154.
19.84000, 166.
19.85000, 160.
19.86000, 167.
19.87000, 196.
19.88000, 191.
19.89000, 213.
19.90000, 209.
19.91000, 226.
19.92000, 226.
19.93000, 275.
19.94000, 235.
19.95000, 264.
19.96000, 288.
19.97000, 304.
19.98000, 306.
19.99000, 306.
20.00000, 336.
20.01000, 353.
20.02000, 357.
20.03000, 368.
20.04000, 435.
20.05000, 401.
20.06000, 414.
20.07000, 458.
20.08000, 464.
20.09000, 503.
20.10000, 475.
20.11000, 509.
20.12000, 510.
20.13000, 530.
20.14000, 538.
20.15000, 538.
20.16000, 515.
20.17000, 530.
20.18000, 489.
20.19000, 461.
20.20000, 502.
20.21000, 474.
20.22000, 471.
20.23000, 455.
20.24000, 410.
20.25000, 394.
20.26000, 374.
20.27000, 384.
20.28000, 341.
20.29000, 284.
20.30000, 280.
20.31000, 281.
20.32000, 278.
20.33000, 233.
20.34000, 228.
20.35000, 201.
20.36000, 213.
20.37000, 168.
20.38000, 141.
20.39000, 206.
20.40000, 169.
20.41000, 157.
20.42000, 165.
20.43000, 178.
20.44000, 140.
20.45000, 149.
20.46000, 158.
20.47000, 154.
20.48000, 154.
20.49000, 148.
20.50000, 137.
20.51000, 151.
20.52000, 142.
20.53000, 169.
20.54000, 123.
20.55000, 158.
20.56000, 157.
20.57000, 161.
20.58000, 141.
20.59000, 167.
20.60000, 156.
20.61000, 156.
20.62000, 177.
20.63000, 184.
20.64000, 158.
20.65000, 170.
20.66000, 154.
20.67000, 184.
20.68000, 162.
20.69000, 164.
20.70000, 181.
20.71000, 179.
20.72000, 182.
20.73000, 173.
20.74000, 194.
20.75000, 195.
20.76000, 194.
20.77000, 213.
20.78000, 209.
20.79000, 204.
20.80000, 174.
20.81000, 219.
20.82000, 219.
20.83000, 195.
20.84000, 205.
20.85000, 209.
20.86000, 220.
20.87000, 221.
20.88000, 193.
20.89000, 227.
20.90000, 199.
20.91000, 203.
20.92000, 217.
20.93000, 251.
20.94000, 225.
20.95000, 226.
20.96000, 227.
20.97000, 232.
20.98000, 204.
20.99000, 210.
21.00000, 244.
21.01000, 222.
21.02000, 229.
21.03000, 230.
21.04000, 220.
21.05000, 198.
21.06000, 225.
21.07000, 237.
21.08000, 221.
21.09000, 197.
21.10000, 198.
21.11000, 219.
21.12000, 194.
21.13000, 198.
21.14000, 200.
21.15000, 191.
21.16000, 179.
21.17000, 177.
21.18000, 201.
21.19000, 207.
21.20000, 200.
21.21000, 194.
21.22000, 215.
21.23000, 185.
21.24000, 197.
21.25000, 210.
21.26000, 177.
21.27000, 189.
21.28000, 180.
21.29000, 220.
21.30000, 160.
21.31000, 172.
21.32000, 170.
21.33000, 183.
21.34000, 180.
21.35000, 176.
21.36000, 131.
21.37000, 163.
21.38000, 149.
21.39000, 153.
21.40000, 134.
21.41000, 176.
21.42000, 139.
21.43000, 143.
21.44000, 149.
21.45000, 137.
21.46000, 138.
21.47000, 139.
21.48000, 112.
21.49000, 131.
21.50000, 146.
21.51000, 133.
21.52000, 122.
21.53000, 122.
21.54000, 130.
21.55000, 129.
21.56000, 111.
21.57000, 127.
21.58000, 102.
21.59000, 114.
21.60000, 100.
21.61000, 101.
21.62000, 137.
21.63000, 96.
21.64000, 118.
21.65000, 112.
21.66000, 126.
21.67000, 117.
21.68000, 136.
21.69000, 131.
21.70000, 110.
21.71000, 98.
21.72000, 107.
21.73000, 92.
21.74000, 97.
21.75000, 90.
21.76000, 100.
21.77000, 126.
21.78000, 77.
21.79000, 99.
21.80000, 86.
21.81000, 103.
21.82000, 113.
21.83000, 116.
21.84000, 102.
21.85000, 101.
21.86000, 96.
21.87000, 94.
21.88000, 96.
21.89000, 103.
21.90000, 102.
21.91000, 85.
21.92000, 93.
21.93000, 84.
21.94000, 101.
21.95000, 111.
21.96000, 91.
21.97000, 110.
21.98000, 77.
21.99000, 80.
22.00000, 98.
22.01000, 85.
22.02000, 93.
22.03000, 75.
22.04000, 98.
22.05000, 90.
22.06000, 86.
22.07000, 87.
22.08000, 79.
22.09000, 84.
22.10000, 67.
22.11000, 96.
22.12000, 82.
22.13000, 83.
22.14000, 83.
22.15000, 87.
22.16000, 78.
22.17000, 90.
22.18000, 89.
22.19000, 93.
22.20000, 79.
22.21000, 89.
22.22000, 79.
22.23000, 73.
22.24000, 71.
22.25000, 94.
22.26000, 59.
22.27000, 70.
22.28000, 69.
22.29000, 80.
22.30000, 75.
22.31000, 85.
22.32000, 78.
22.33000, 68.
22.34000, 90.
22.35000, 62.
22.36000, 76.
22.37000, 65.
22.38000, 81.
22.39000, 79.
22.40000, 60.
22.41000, 76.
22.42000, 72.
22.43000, 62.
22.44000, 67.
22.45000, 90.
22.46000, 87.
22.47000, 89.
22.48000, 77.
22.49000, 94.
22.50000, 80.
22.51000, 95.
22.52000, 93.
22.53000, 88.
22.54000, 95.
22.55000, 99.
22.56000, 110.
22.57000, 97.
22.58000, 129.
22.59000, 114.
22.60000, 119.
22.61000, 131.
22.62000, 106.
22.63000, 114.
22.64000, 125.
22.65000, 130.
22.66000, 125.
22.67000, 117.
22.68000, 135.
22.69000, 106.
22.70000, 124.
22.71000, 129.
22.72000, 126.
22.73000, 118.
22.74000, 127.
22.75000, 124.
22.76000, 105.
22.77000, 116.
22.78000, 112.
22.79000, 104.
22.80000, 92.
22.81000, 99.
22.82000, 100.
22.83000, 88.
22.84000, 80.
22.85000, 105.
22.86000, 75.
22.87000, 82.
22.88000, 81.
22.89000, 59.
22.90000, 73.
22.91000, 62.
22.92000, 76.
22.93000, 71.
22.94000, 63.
22.95000, 61.
22.96000, 99.
22.97000, 62.
22.98000, 62.
22.99000, 60.
23.00000, 84.
23.01000, 62.
23.02000, 55.
23.03000, 54.
23.04000, 77.
23.05000, 58.
23.06000, 74.
23.07000, 70.
23.08000, 71.
23.09000, 77.
23.10000, 66.
23.11000, 70.
23.12000, 72.
23.13000, 78.
23.14000, 66.
23.15000, 81.
23.16000, 79.
23.17000, 76.
23.18000, 68.
23.19000, 72.
23.20000, 62.
23.21000, 70.
23.22000, 54.
23.23000, 73.
23.24000, 68.
23.25000, 82.
23.26000, 77.
23.27000, 65.
23.28000, 65.
23.29000, 61.
23.30000, 62.
23.31000, 59.
23.32000, 61.
23.33000, 51.
23.34000, 58.
23.35000, 55.
23.36000, 50.
23.37000, 56.
23.38000, 74.
23.39000, 59.
23.40000, 54.
23.41000, 83.
23.42000, 65.
23.43000, 70.
23.44000, 56.
23.45000, 56.
23.46000, 73.
23.47000, 58.
23.48000, 72.
23.49000, 64.
23.50000, 67.
23.51000, 63.
23.52000, 54.
23.53000, 61.
23.54000, 59.
23.55000, 46.
23.56000, 53.
23.57000, 56.
23.58000, 57.
23.59000, 77.
23.60000, 57.
23.61000, 65.
23.62000, 52.
23.63000, 65.
23.64000, 69.
23.65000, 52.
23.66000, 62.
23.67000, 50.
23.68000, 64.
23.69000, 69.
23.70000, 66.
23.71000, 56.
23.72000, 75.
23.73000, 57.
23.74000, 75.
23.75000, 52.
23.76000, 53.
23.77000, 51.
23.78000, 49.
23.79000, 68.
23.80000, 75.
23.81000, 56.
23.82000, 74.
23.83000, 51.
23.84000, 68.
23.85000, 62.
23.86000, 66.
23.87000, 69.
23.88000, 51.
23.89000, 60.
23.90000, 54.
23.91000, 63.
23.92000, 57.
23.93000, 56.
23.94000, 55.
23.95000, 53.
23.96000, 56.
23.97000, 62.
23.98000, 54.
23.99000, 54.
24.00000, 61.
24.01000, 72.
24.02000, 65.
24.03000, 76.
24.04000, 63.
24.05000, 51.
24.06000, 73.
24.07000, 44.
24.08000, 55.
24.09000, 57.
24.10000, 55.
24.11000, 60.
24.12000, 61.
24.13000, 55.
24.14000, 75.
24.15000, 66.
24.16000, 55.
24.17000, 61.
24.18000, 53.
24.19000, 68.
24.20000, 55.
24.21000, 60.
24.22000, 54.
24.23000, 57.
24.24000, 67.
24.25000, 66.
24.26000, 52.
24.27000, 55.
24.28000, 61.
24.29000, 68.
24.30000, 55.
24.31000, 65.
24.32000, 64.
24.33000, 55.
24.34000, 56.
24.35000, 60.
24.36000, 64.
24.37000, 53.
24.38000, 61.
24.39000, 54.
24.40000, 55.
24.41000, 60.
24.42000, 67.
24.43000, 68.
24.44000, 51.
24.45000, 71.
24.46000, 53.
24.47000, 67.
24.48000, 50.
24.49000, 48.
24.50000, 43.
24.51000, 55.
24.52000, 69.
24.53000, 45.
24.54000, 64.
24.55000, 44.
24.56000, 60.
24.57000, 45.
24.58000, 51.
24.59000, 59.
24.60000, 60.
24.61000, 50.
24.62000, 60.
24.63000, 59.
24.64000, 68.
24.65000, 59.
24.66000, 64.
24.67000, 55.
24.68000, 60.
24.69000, 64.
24.70000, 60.
24.71000, 53.
24.72000, 62.
24.73000, 65.
24.74000, 57.
24.75000, 61.
24.76000, 69.
24.77000, 73.
24.78000, 56.
24.79000, 51.
24.80000, 55.
24.81000, 66.
24.82000, 50.
24.83000, 56.
24.84000, 66.
24.85000, 58.
24.86000, 54.
24.87000, 60.
24.88000, 58.
24.89000, 55.
24.90000, 64.
24.91000, 73.
24.92000, 70.
24.93000, 58.
24.94000, 60.
24.95000, 73.
24.96000, 50.
24.97000, 71.
24.98000, 60.
24.99000, 52.
25.00000, 70.
25.01000, 67.
25.02000, 76.
25.03000, 57.
25.04000, 63.
25.05000, 56.
25.06000, 56.
25.07000, 70.
25.08000, 84.
25.09000, 59.
25.10000, 52.
25.11000, 84.
25.12000, 73.
25.13000, 65.
25.14000, 69.
25.15000, 63.
25.16000, 65.
25.17000, 70.
25.18000, 59.
25.19000, 62.
25.20000, 62.
25.21000, 57.
25.22000, 71.
25.23000, 65.
25.24000, 61.
25.25000, 53.
25.26000, 55.
25.27000, 55.
25.28000, 60.
25.29000, 77.
25.30000, 61.
25.31000, 59.
25.32000, 52.
25.33000, 69.
25.34000, 43.
25.35000, 55.
25.36000, 64.
25.37000, 46.
25.38000, 66.
25.39000, 67.
25.40000, 55.
25.41000, 53.
25.42000, 67.
25.43000, 58.
25.44000, 50.
25.45000, 67.
25.46000, 71.
25.47000, 65.
25.48000, 66.
25.49000, 63.
25.50000, 58.
25.51000, 50.
25.52000, 65.
25.53000, 50.
25.54000, 56.
25.55000, 52.
25.56000, 46.
25.57000, 55.
25.58000, 53.
25.59000, 44.
25.60000, 46.
25.61000, 44.
25.62000, 47.
25.63000, 55.
25.64000, 58.
25.65000, 59.
25.66000, 59.
25.67000, 61.
25.68000, 50.
25.69000, 61.
25.70000, 46.
25.71000, 69.
25.72000, 44.
25.73000, 38.
25.74000, 54.
25.75000, 52.
25.76000, 54.
25.77000, 58.
25.78000, 62.
25.79000, 46.
25.80000, 49.
25.81000, 46.
25.82000, 57.
25.83000, 43.
25.84000, 53.
25.85000, 50.
25.86000, 49.
25.87000, 54.
25.88000, 58.
25.89000, 44.
25.90000, 48.
25.91000, 54.
25.92000, 54.
25.93000, 51.
25.94000, 49.
25.95000, 61.
25.96000, 57.
25.97000, 51.
25.98000, 55.
25.99000, 50.
26.00000, 51.
26.01000, 57.
26.02000, 55.
26.03000, 59.
26.04000, 43.
26.05000, 47.
26.06000, 56.
26.07000, 57.
26.08000, 58.
26.09000, 54.
26.10000, 59.
26.11000, 50.
26.12000, 47.
26.13000, 64.
26.14000, 47.
26.15000, 59.
26.16000, 40.
26.17000, 51.
26.18000, 53.
26.19000, 59.
26.20000, 51.
26.21000, 46.
26.22000, 56.
26.23000, 53.
26.24000, 53.
26.25000, 45.
26.26000, 58.
26.27000, 50.
26.28000, 54.
26.29000, 53.
26.30000, 54.
26.31000, 50.
26.32000, 47.
26.33000, 50.
26.34000, 53.
26.35000, 57.
26.36000, 51.
26.37000, 43.
26.38000, 47.
26.39000, 54.
26.40000, 56.
26.41000, 61.
26.42000, 40.
26.43000, 47.
26.44000, 44.
26.45000, 54.
26.46000, 45.
26.47000, 61.
26.48000, 46.
26.49000, 43.
26.50000, 49.
26.51000, 51.
26.52000, 59.
26.53000, 54.
26.54000, 44.
26.55000, 42.
26.56000, 37.
26.57000, 51.
26.58000, 37.
26.59000, 57.
26.60000, 63.
26.61000, 45.
26.62000, 45.
26.63000, 57.
26.64000, 70.
26.65000, 38.
26.66000, 46.
26.67000, 50.
26.68000, 44.
26.69000, 51.
26.70000, 36.
26.71000, 53.
26.72000, 41.
26.73000, 40.
26.74000, 58.
26.75000, 49.
26.76000, 41.
26.77000, 39.
26.78000, 55.
26.79000, 52.
26.80000, 38.
26.81000, 55.
26.82000, 40.
26.83000, 62.
26.84000, 39.
26.85000, 50.
26.86000, 47.
26.87000, 51.
26.88000, 42.
26.89000, 50.
26.90000, 63.
26.91000, 51.
26.92000, 53.
26.93000, 27.
26.94000, 42.
26.95000, 44.
26.96000, 66.
26.97000, 40.
26.98000, 44.
26.99000, 57.
27.00000, 44.
27.01000, 28.
27.02000, 43.
27.03000, 34.
27.04000, 41.
27.05000, 49.
27.06000, 44.
27.07000, 55.
27.08000, 49.
27.09000, 45.
27.10000, 58.
27.11000, 49.
27.12000, 52.
27.13000, 55.
27.14000, 48.
27.15000, 44.
27.16000, 56.
27.17000, 55.
27.18000, 48.
27.19000, 56.
27.20000, 46.
27.21000, 50.
27.22000, 60.
27.23000, 64.
27.24000, 53.
27.25000, 37.
27.26000, 39.
27.27000, 40.
27.28000, 57.
27.29000, 52.
27.30000, 52.
27.31000, 42.
27.32000, 58.
27.33000, 58.
27.34000, 45.
27.35000, 42.
27.36000, 44.
27.37000, 34.
27.38000, 38.
27.39000, 45.
27.40000, 47.
27.41000, 41.
27.42000, 44.
27.43000, 42.
27.44000, 55.
27.45000, 54.
27.46000, 43.
27.47000, 49.
27.48000, 52.
27.49000, 35.
27.50000, 50.
27.51000, 43.
27.52000, 38.
27.53000, 38.
27.54000, 53.
27.55000, 49.
27.56000, 54.
27.57000, 53.
27.58000, 47.
27.59000, 34.
27.60000, 44.
27.61000, 51.
27.62000, 42.
27.63000, 33.
27.64000, 47.
27.65000, 46.
27.66000, 42.
27.67000, 52.
27.68000, 47.
27.69000, 42.
27.70000, 33.
27.71000, 47.
27.72000, 46.
27.73000, 43.
27.74000, 33.
27.75000, 38.
27.76000, 35.
27.77000, 39.
27.78000, 40.
27.79000, 43.
27.80000, 40.
27.81000, 46.
27.82000, 40.
27.83000, 32.
27.84000, 41.
27.85000, 45.
27.86000, 56.
27.87000, 48.
27.88000, 48.
27.89000, 39.
27.90000, 38.
27.91000, 37.
27.92000, 37.
27.93000, 42.
27.94000, 32.
27.95000, 53.
27.96000, 38.
27.97000, 47.
27.98000, 42.
27.99000, 41.
28.00000, 32.
28.01000, 44.
28.02000, 41.
28.03000, 45.
28.04000, 51.
28.05000, 49.
28.06000, 49.
28.07000, 46.
28.08000, 45.
28.09000, 36.
28.10000, 35.
28.11000, 33.
28.12000, 47.
28.13000, 46.
28.14000, 46.
28.15000, 46.
28.16000, 34.
28.17000, 54.
28.18000, 35.
28.19000, 35.
28.20000, 48.
28.21000, 39.
28.22000, 40.
28.23000, 29.
28.24000, 44.
28.25000, 40.
28.26000, 39.
28.27000, 42.
28.28000, 36.
28.29000, 40.
28.30000, 35.
28.31000, 41.
28.32000, 36.
28.33000, 39.
28.34000, 43.
28.35000, 38.
28.36000, 35.
28.37000, 42.
28.38000, 34.
28.39000, 46.
28.40000, 37.
28.41000, 37.
28.42000, 50.
28.43000, 37.
28.44000, 36.
28.45000, 46.
28.46000, 34.
28.47000, 43.
28.48000, 42.
28.49000, 36.
28.50000, 60.
28.51000, 45.
28.52000, 41.
28.53000, 38.
28.54000, 47.
28.55000, 39.
28.56000, 38.
28.57000, 36.
28.58000, 43.
28.59000, 39.
28.60000, 40.
28.61000, 39.
28.62000, 49.
28.63000, 35.
28.64000, 33.
28.65000, 40.
28.66000, 49.
28.67000, 29.
28.68000, 41.
28.69000, 38.
28.70000, 47.
28.71000, 41.
28.72000, 35.
28.73000, 34.
28.74000, 37.
28.75000, 22.
28.76000, 44.
28.77000, 42.
28.78000, 35.
28.79000, 40.
28.80000, 41.
28.81000, 47.
28.82000, 34.
28.83000, 49.
28.84000, 35.
28.85000, 43.
28.86000, 40.
28.87000, 38.
28.88000, 39.
28.89000, 39.
28.90000, 40.
28.91000, 46.
28.92000, 33.
28.93000, 39.
28.94000, 34.
28.95000, 33.
28.96000, 34.
28.97000, 41.
28.98000, 30.
28.99000, 38.
29.00000, 35.
29.01000, 43.
29.02000, 45.
29.03000, 43.
29.04000, 39.
29.05000, 32.
29.06000, 46.
29.07000, 37.
29.08000, 32.
29.09000, 32.
29.10000, 30.
29.11000, 48.
29.12000, 34.
29.13000, 37.
29.14000, 43.
29.15000, 37.
29.16000, 40.
29.17000, 40.
29.18000, 34.
29.19000, 36.
29.20000, 41.
29.21000, 36.
29.22000, 40.
29.23000, 43.
29.24000, 35.
29.25000, 32.
29.26000, 32.
29.27000, 35.
29.28000, 37.
29.29000, 38.
29.30000, 37.
29.31000, 30.
29.32000, 29.
29.33000, 33.
29.34000, 26.
29.35000, 36.
29.36000, 35.
29.37000, 32.
29.38000, 37.
29.39000, 34.
29.40000, 39.
29.41000, 40.
29.42000, 26.
29.43000, 36.
29.44000, 47.
29.45000, 38.
29.46000, 36.
29.47000, 36.
29.48000, 26.
29.49000, 34.
29.50000, 33.
29.51000, 26.
29.52000, 41.
29.53000, 36.
29.54000, 35.
29.55000, 22.
29.56000, 35.
29.57000, 40.
29.58000, 28.
29.59000, 31.
29.60000, 34.
29.61000, 37.
29.62000, 39.
29.63000, 39.
29.64000, 34.
29.65000, 39.
29.66000, 25.
29.67000, 44.
29.68000, 38.
29.69000, 33.
29.70000, 35.
29.71000, 34.
29.72000, 36.
29.73000, 40.
29.74000, 33.
29.75000, 29.
29.76000, 29.
29.77000, 34.
29.78000, 42.
29.79000, 32.
29.80000, 34.
29.81000, 33.
29.82000, 27.
29.83000, 27.
29.84000, 34.
29.85000, 35.
29.86000, 27.
29.87000, 32.
29.88000, 27.
29.89000, 45.
29.90000, 48.
29.91000, 38.
29.92000, 34.
29.93000, 32.
29.94000, 42.
29.95000, 39.
29.96000, 29.
29.97000, 22.
29.98000, 24.
29.99000, 32.
30.00000, 35.
30.01000, 32.
30.02000, 33.
30.03000, 35.
30.04000, 31.
30.05000, 33.
30.06000, 31.
30.07000, 32.
30.08000, 38.
30.09000, 28.
30.10000, 36.
30.11000, 32.
30.12000, 36.
30.13000, 36.
30.14000, 34.
30.15000, 31.
30.16000, 29.
30.17000, 40.
30.18000, 22.
30.19000, 30.
30.20000, 43.
30.21000, 38.
30.22000, 33.
30.23000, 22.
30.24000, 31.
30.25000, 30.
30.26000, 32.
30.27000, 22.
30.28000, 33.
30.29000, 34.
30.30000, 41.
30.31000, 28.
30.32000, 27.
30.33000, 33.
30.34000, 25.
30.35000, 37.
30.36000, 32.
30.37000, 39.
30.38000, 39.
30.39000, 35.
30.40000, 37.
30.41000, 37.
30.42000, 37.
30.43000, 26.
30.44000, 36.
30.45000, 26.
30.46000, 38.
30.47000, 26.
30.48000, 36.
30.49000, 25.
30.50000, 24.
30.51000, 28.
30.52000, 43.
30.53000, 30.
30.54000, 33.
30.55000, 28.
30.56000, 30.
30.57000, 33.
30.58000, 32.
30.59000, 32.
30.60000, 34.
30.61000, 28.
30.62000, 29.
30.63000, 24.
30.64000, 22.
30.65000, 40.
30.66000, 32.
30.67000, 42.
30.68000, 35.
30.69000, 27.
30.70000, 26.
30.71000, 21.
30.72000, 19.
30.73000, 32.
30.74000, 39.
30.75000, 28.
30.76000, 21.
30.77000, 29.
30.78000, 34.
30.79000, 29.
30.80000, 28.
30.81000, 27.
30.82000, 33.
30.83000, 34.
30.84000, 21.
30.85000, 26.
30.86000, 21.
30.87000, 26.
30.88000, 29.
30.89000, 27.
30.90000, 20.
30.91000, 28.
30.92000, 26.
30.93000, 30.
30.94000, 33.
30.95000, 33.
30.96000, 27.
30.97000, 22.
30.98000, 19.
30.99000, 30.
31.00000, 27.
31.01000, 28.
31.02000, 40.
31.03000, 34.
31.04000, 41.
31.05000, 47.
31.06000, 30.
31.07000, 26.
31.08000, 21.
31.09000, 33.
31.10000, 30.
31.11000, 26.
31.12000, 21.
31.13000, 27.
31.14000, 27.
31.15000, 27.
31.16000, 26.
31.17000, 21.
31.18000, 19.
31.19000, 36.
31.20000, 25.
31.21000, 37.
31.22000, 35.
31.23000, 25.
31.24000, 28.
31.25000, 22.
31.26000, 36.
31.27000, 32.
31.28000, 30.
31.29000, 36.
31.30000, 23.
31.31000, 27.
31.32000, 28.
31.33000, 34.
31.34000, 31.
31.35000, 26.
31.36000, 28.
31.37000, 32.
31.38000, 34.
31.39000, 19.
31.40000, 20.
31.41000, 33.
31.42000, 21.
31.43000, 24.
31.44000, 36.
31.45000, 23.
31.46000, 21.
31.47000, 29.
31.48000, 27.
31.49000, 28.
31.50000, 25.
31.51000, 29.
31.52000, 43.
31.53000, 31.
31.54000, 33.
31.55000, 29.
31.56000, 37.
31.57000, 25.
31.58000, 38.
31.59000, 27.
31.60000, 32.
31.61000, 25.
31.62000, 27.
31.63000, 25.
31.64000, 33.
31.65000, 41.
31.66000, 33.
31.67000, 28.
31.68000, 34.
31.69000, 29.
31.70000, 38.
31.71000, 28.
31.72000, 26.
31.73000, 27.
31.74000, 24.
31.75000, 26.
31.76000, 26.
31.77000, 29.
31.78000, 13.
31.79000, 24.
31.80000, 29.
31.81000, 20.
31.82000, 31.
31.83000, 32.
31.84000, 32.
31.85000, 35.
31.86000, 31.
31.87000, 25.
31.88000, 28.
31.89000, 28.
31.90000, 31.
31.91000, 20.
31.92000, 36.
31.93000, 25.
31.94000, 31.
31.95000, 26.
31.96000, 23.
31.97000, 24.
31.98000, 26.
31.99000, 21.
32.00000, 29.
32.01000, 22.
32.02000, 28.
32.03000, 39.
32.04000, 25.
32.05000, 28.
32.06000, 26.
32.07000, 35.
32.08000, 27.
32.09000, 28.
32.10000, 31.
32.11000, 29.
32.12000, 23.
32.13000, 33.
32.14000, 20.
32.15000, 23.
32.16000, 31.
32.17000, 23.
32.18000, 33.
32.19000, 38.
32.20000, 29.
32.21000, 25.
32.22000, 37.
32.23000, 28.
32.24000, 20.
32.25000, 29.
32.26000, 21.
32.27000, 27.
32.28000, 28.
32.29000, 28.
32.30000, 26.
32.31000, 29.
32.32000, 32.
32.33000, 27.
32.34000, 30.
32.35000, 20.
32.36000, 27.
32.37000, 18.
32.38000, 27.
32.39000, 22.
32.40000, 25.
32.41000, 22.
32.42000, 29.
32.43000, 20.
32.44000, 26.
32.45000, 21.
32.46000, 18.
32.47000, 30.
32.48000, 20.
32.49000, 19.
32.50000, 20.
32.51000, 25.
32.52000, 21.
32.53000, 16.
32.54000, 21.
32.55000, 13.
32.56000, 26.
32.57000, 17.
32.58000, 20.
32.59000, 31.
32.60000, 21.
32.61000, 13.
32.62000, 24.
32.63000, 24.
32.64000, 25.
32.65000, 29.
32.66000, 33.
32.67000, 29.
32.68000, 26.
32.69000, 20.
32.70000, 16.
32.71000, 27.
32.72000, 21.
32.73000, 29.
32.74000, 24.
32.75000, 22.
32.76000, 17.
32.77000, 28.
32.78000, 18.
32.79000, 26.
32.80000, 20.
32.81000, 26.
32.82000, 20.
32.83000, 18.
32.84000, 22.
32.85000, 26.
32.86000, 23.
32.87000, 25.
32.88000, 25.
32.89000, 27.
32.90000, 25.
32.91000, 19.
32.92000, 19.
32.93000, 25.
32.94000, 21.
32.95000, 32.
32.96000, 29.
32.97000, 23.
32.98000, 24.
32.99000, 17.
33.00000, 27.
33.01000, 22.
33.02000, 26.
33.03000, 20.
33.04000, 20.
33.05000, 27.
33.06000, 19.
33.07000, 19.
33.08000, 19.
33.09000, 19.
33.10000, 23.
33.11000, 28.
33.12000, 15.
33.13000, 12.
33.14000, 19.
33.15000, 23.
33.16000, 29.
33.17000, 18.
33.18000, 23.
33.19000, 24.
33.20000, 21.
33.21000, 19.
33.22000, 21.
33.23000, 22.
33.24000, 15.
33.25000, 24.
33.26000, 20.
33.27000, 19.
33.28000, 22.
33.29000, 23.
33.30000, 24.
33.31000, 28.
33.32000, 21.
33.33000, 17.
33.34000, 20.
33.35000, 16.
33.36000, 17.
33.37000, 25.
33.38000, 29.
33.39000, 17.
33.40000, 17.
33.41000, 23.
33.42000, 26.
33.43000, 15.
33.44000, 21.
33.45000, 23.
33.46000, 23.
33.47000, 20.
33.48000, 18.
33.49000, 23.
33.50000, 24.
33.51000, 29.
33.52000, 23.
33.53000, 20.
33.54000, 22.
33.55000, 16.
33.56000, 21.
33.57000, 24.
33.58000, 29.
33.59000, 24.
33.60000, 21.
33.61000, 13.
33.62000, 23.
33.63000, 20.
33.64000, 22.
33.65000, 31.
33.66000, 19.
33.67000, 11.
33.68000, 23.
33.69000, 13.
33.70000, 16.
33.71000, 13.
33.72000, 14.
33.73000, 25.
33.74000, 15.
33.75000, 16.
33.76000, 19.
33.77000, 25.
33.78000, 16.
33.79000, 20.
33.80000, 19.
33.81000, 25.
33.82000, 11.
33.83000, 29.
33.84000, 15.
33.85000, 17.
33.86000, 20.
33.87000, 17.
33.88000, 15.
33.89000, 17.
33.90000, 20.
33.91000, 20.
33.92000, 20.
33.93000, 11.
33.94000, 17.
33.95000, 27.
33.96000, 24.
33.97000, 20.
33.98000, 18.
33.99000, 11.
34.00000, 17.
34.01000, 17.
34.02000, 23.
34.03000, 16.
34.04000, 14.
34.05000, 19.
34.06000, 8.
34.07000, 18.
34.08000, 22.
34.09000, 21.
34.10000, 20.
34.11000, 13.
34.12000, 29.
34.13000, 16.
34.14000, 20.
34.15000, 11.
34.16000, 19.
34.17000, 18.
34.18000, 17.
34.19000, 17.
34.20000, 28.
34.21000, 19.
34.22000, 13.
34.23000, 15.
34.24000, 22.
34.25000, 15.
34.26000, 16.
34.27000, 20.
34.28000, 17.
34.29000, 19.
34.30000, 22.
34.31000, 19.
34.32000, 17.
34.33000, 19.
34.34000, 25.
34.35000, 20.
34.36000, 9.
34.37000, 24.
34.38000, 21.
34.39000, 24.
34.40000, 19.
34.41000, 13.
34.42000, 19.
34.43000, 19.
34.44000, 16.
34.45000, 24.
34.46000, 16.
34.47000, 11.
34.48000, 20.
34.49000, 16.
34.50000, 19.
34.51000, 17.
34.52000, 16.
34.53000, 9.
34.54000, 10.
34.55000, 11.
34.56000, 18.
34.57000, 21.
34.58000, 15.
34.59000, 17.
34.60000, 23.
34.61000, 24.
34.62000, 16.
34.63000, 12.
34.64000, 16.
34.65000, 15.
34.66000, 16.
34.67000, 11.
34.68000, 16.
34.69000, 16.
34.70000, 18.
34.71000, 24.
34.72000, 22.
34.73000, 20.
34.74000, 12.
34.75000, 18.
34.76000, 16.
34.77000, 22.
34.78000, 20.
34.79000, 9.
34.80000, 16.
34.81000, 15.
34.82000, 19.
34.83000, 7.
34.84000, 10.
34.85000, 21.
34.86000, 17.
34.87000, 22.
34.88000, 15.
34.89000, 22.
34.90000, 19.
34.91000, 17.
34.92000, 21.
34.93000, 26.
34.94000, 18.
34.95000, 17.
34.96000, 18.
34.97000, 13.
34.98000, 19.
34.99000, 15.
35.00000, 10.
35.01000, 18.
35.02000, 19.
35.03000, 18.
35.04000, 8.
35.05000, 25.
35.06000, 10.
35.07000, 12.
35.08000, 14.
35.09000, 14.
35.10000, 18.
35.11000, 14.
35.12000, 8.
35.13000, 19.
35.14000, 15.
35.15000, 11.
35.16000, 14.
35.17000, 9.
35.18000, 19.
35.19000, 12.
35.20000, 19.
35.21000, 11.
35.22000, 8.
35.23000, 20.
35.24000, 14.
35.25000, 15.
35.26000, 12.
35.27000, 17.
35.28000, 11.
35.29000, 17.
35.30000, 15.
35.31000, 14.
35.32000, 14.
35.33000, 19.
35.34000, 22.
35.35000, 14.
35.36000, 12.
35.37000, 15.
35.38000, 11.
35.39000, 17.
35.40000, 11.
35.41000, 14.
35.42000, 16.
35.43000, 16.
35.44000, 16.
35.45000, 13.
35.46000, 10.
35.47000, 14.
35.48000, 8.
35.49000, 18.
35.50000, 13.
35.51000, 10.
35.52000, 22.
35.53000, 19.
35.54000, 10.
35.55000, 12.
35.56000, 20.
35.57000, 10.
35.58000, 18.
35.59000, 10.
35.60000, 9.
35.61000, 18.
35.62000, 15.
35.63000, 15.
35.64000, 14.
35.65000, 13.
35.66000, 16.
35.67000, 15.
35.68000, 13.
35.69000, 12.
35.70000, 15.
35.71000, 13.
35.72000, 15.
35.73000, 17.
35.74000, 15.
35.75000, 11.
35.76000, 16.
35.77000, 9.
35.78000, 12.
35.79000, 14.
35.80000, 18.
35.81000, 16.
35.82000, 12.
35.83000, 20.
35.84000, 16.
35.85000, 14.
35.86000, 9.
35.87000, 22.
35.88000, 15.
35.89000, 10.
35.90000, 7.
35.91000, 14.
35.92000, 14.
35.93000, 9.
35.94000, 9.
35.95000, 12.
35.96000, 13.
35.97000, 16.
35.98000, 13.
35.99000, 15.
36.00000, 13.
36.01000, 10.
36.02000, 11.
36.03000, 9.
36.04000, 7.
36.05000, 20.
36.06000, 12.
36.07000, 6.
36.08000, 13.
36.09000, 11.
36.10000, 9.
36.11000, 18.
36.12000, 14.
36.13000, 14.
36.14000, 4.
36.15000, 10.
36.16000, 17.
36.17000, 10.
36.18000, 13.
36.19000, 14.
36.20000, 10.
36.21000, 11.
36.22000, 14.
36.23000, 16.
36.24000, 14.
36.25000, 19.
36.26000, 7.
36.27000, 15.
36.28000, 15.
36.29000, 18.
36.30000, 12.
36.31000, 10.
36.32000, 14.
36.33000, 11.
36.34000, 7.
36.35000, 10.
36.36000, 12.
36.37000, 14.
36.38000, 10.
36.39000, 14.
36.40000, 10.
36.41000, 10.
36.42000, 17.
36.43000, 19.
36.44000, 12.
36.45000, 17.
36.46000, 11.
36.47000, 13.
36.48000, 9.
36.49000, 11.
36.50000, 19.
36.51000, 9.
36.52000, 15.
36.53000, 14.
36.54000, 10.
36.55000, 13.
36.56000, 10.
36.57000, 11.
36.58000, 6.
36.59000, 9.
36.60000, 11.
36.61000, 5.
36.62000, 7.
36.63000, 15.
36.64000, 13.
36.65000, 13.
36.66000, 11.
36.67000, 13.
36.68000, 16.
36.69000, 13.
36.70000, 12.
36.71000, 12.
36.72000, 11.
36.73000, 11.
36.74000, 14.
36.75000, 10.
36.76000, 11.
36.77000, 14.
36.78000, 11.
36.79000, 11.
36.80000, 13.
36.81000, 11.
36.82000, 8.
36.83000, 3.
36.84000, 10.
36.85000, 11.
36.86000, 8.
36.87000, 11.
36.88000, 6.
36.89000, 14.
36.90000, 8.
36.91000, 8.
36.92000, 9.
36.93000, 12.
36.94000, 8.
36.95000, 16.
36.96000, 13.
36.97000, 14.
36.98000, 12.
36.99000, 10.
37.00000, 10.
37.01000, 9.
37.02000, 8.
37.03000, 7.
37.04000, 6.
37.05000, 13.
37.06000, 10.
37.07000, 8.
37.08000, 13.
37.09000, 11.
37.10000, 10.
37.11000, 10.
37.12000, 9.
37.13000, 9.
37.14000, 19.
37.15000, 8.
37.16000, 17.
37.17000, 9.
37.18000, 15.
37.19000, 4.
37.20000, 10.
37.21000, 7.
37.22000, 9.
37.23000, 9.
37.24000, 11.
37.25000, 13.
37.26000, 9.
37.27000, 14.
37.28000, 10.
37.29000, 7.
37.30000, 11.
37.31000, 12.
37.32000, 5.
37.33000, 12.
37.34000, 8.
37.35000, 12.
37.36000, 6.
37.37000, 7.
37.38000, 14.
37.39000, 9.
37.40000, 11.
37.41000, 13.
37.42000, 11.
37.43000, 7.
37.44000, 9.
37.45000, 14.
37.46000, 10.
37.47000, 10.
37.48000, 10.
37.49000, 9.
37.50000, 12.
37.51000, 9.
37.52000, 8.
37.53000, 12.
37.54000, 7.
37.55000, 8.
37.56000, 21.
37.57000, 9.
37.58000, 9.
37.59000, 10.
37.60000, 8.
37.61000, 7.
37.62000, 7.
37.63000, 8.
37.64000, 12.
37.65000, 5.
37.66000, 18.
37.67000, 10.
37.68000, 11.
37.69000, 13.
37.70000, 8.
37.71000, 7.
37.72000, 6.
37.73000, 6.
37.74000, 12.
37.75000, 7.
37.76000, 17.
37.77000, 13.
37.78000, 4.
37.79000, 9.
37.80000, 10.
37.81000, 10.
37.82000, 11.
37.83000, 16.
37.84000, 5.
37.85000, 10.
37.86000, 6.
37.87000, 8.
37.88000, 13.
37.89000, 13.
37.90000, 12.
37.91000, 10.
37.92000, 8.
37.93000, 8.
37.94000, 12.
37.95000, 10.
37.96000, 9.
37.97000, 8.
37.98000, 7.
37.99000, 7.
38.00000, 9.
38.01000, 9.
38.02000, 18.
38.03000, 6.
38.04000, 8.
38.05000, 11.
38.06000, 13.
38.07000, 8.
38.08000, 12.
38.09000, 8.
38.10000, 5.
38.11000, 10.
38.12000, 11.
38.13000, 12.
38.14000, 20.
38.15000, 10.
38.16000, 4.
38.17000, 9.
38.18000, 8.
38.19000, 14.
38.20000, 11.
38.21000, 11.
38.22000, 8.
38.23000, 4.
38.24000, 6.
38.25000, 8.
38.26000, 6.
38.27000, 10.
38.28000, 6.
38.29000, 5.
38.30000, 15.
38.31000, 10.
38.32000, 9.
38.33000, 6.
38.34000, 5.
38.35000, 8.
38.36000, 9.
38.37000, 3.
38.38000, 6.
38.39000, 7.
38.40000, 6.
38.41000, 13.
38.42000, 5.
38.43000, 6.
38.44000, 6.
38.45000, 12.
38.46000, 4.
38.47000, 9.
38.48000, 9.
38.49000, 5.
38.50000, 11.
38.51000, 5.
38.52000, 5.
38.53000, 11.
38.54000, 7.
38.55000, 9.
38.56000, 11.
38.57000, 7.
38.58000, 11.
38.59000, 11.
38.60000, 10.
38.61000, 10.
38.62000, 8.
38.63000, 10.
38.64000, 7.
38.65000, 7.
38.66000, 4.
38.67000, 9.
38.68000, 10.
38.69000, 9.
38.70000, 9.
38.71000, 5.
38.72000, 9.
38.73000, 4.
38.74000, 3.
38.75000, 7.
38.76000, 6.
38.77000, 6.
38.78000, 4.
38.79000, 8.
38.80000, 9.
38.81000, 7.
38.82000, 4.
38.83000, 7.
38.84000, 5.
38.85000, 8.
38.86000, 4.
38.87000, 9.
38.88000, 4.
38.89000, 3.
38.90000, 4.
38.91000, 5.
38.92000, 7.
38.93000, 9.
38.94000, 10.
38.95000, 3.
38.96000, 9.
38.97000, 7.
38.98000, 7.
38.99000, 6.
39.00000, 2.
39.01000, 9.
39.02000, 8.
39.03000, 12.
39.04000, 7.
39.05000, 8.
39.06000, 5.
39.07000, 8.
39.08000, 5.
39.09000, 7.
39.10000, 4.
39.11000, 8.
39.12000, 7.
39.13000, 3.
39.14000, 7.
39.15000, 6.
39.16000, 5.
39.17000, 2.
39.18000, 7.
39.19000, 7.
39.20000, 8.
39.21000, 7.
39.22000, 11.
39.23000, 7.
39.24000, 7.
39.25000, 4.
39.26000, 4.
39.27000, 7.
39.28000, 3.
39.29000, 7.
39.30000, 6.
39.31000, 3.
39.32000, 6.
39.33000, 9.
39.34000, 3.
39.35000, 6.
39.36000, 6.
39.37000, 4.
39.38000, 4.
39.39000, 5.
39.40000, 8.
39.41000, 7.
39.42000, 9.
39.43000, 4.
39.44000, 8.
39.45000, 8.
39.46000, 5.
39.47000, 8.
39.48000, 2.
39.49000, 4.
39.50000, 3.
39.51000, 2.
39.52000, 4.
39.53000, 5.
39.54000, 7.
39.55000, 10.
39.56000, 7.
39.57000, 6.
39.58000, 6.
39.59000, 8.
39.60000, 7.
39.61000, 8.
39.62000, 5.
39.63000, 9.
39.64000, 10.
39.65000, 5.
39.66000, 3.
39.67000, 4.
39.68000, 7.
39.69000, 6.
39.70000, 3.
39.71000, 7.
39.72000, 2.
39.73000, 7.
39.74000, 3.
39.75000, 5.
39.76000, 4.
39.77000, 3.
39.78000, 5.
39.79000, 6.
39.80000, 4.
39.81000, 6.
39.82000, 3.
39.83000, 4.
39.84000, 4.
39.85000, 8.
39.86000, 1.
39.87000, 2.
39.88000, 6.
39.89000, 4.
39.90000, 6.
39.91000, 8.
39.92000, 5.
39.93000, 5.
39.94000, 2.
39.95000, 6.
39.96000, 3.
39.97000, 2.
39.98000, 4.
39.99000, 6.
40.00000, 5.
40.01000, 5.
40.02000, 6.
40.03000, 5.
40.04000, 3.
40.05000, 2.
40.06000, 2.
40.07000, 2.
40.08000, 5.
40.09000, 3.
40.10000, 3.
40.11000, 6.
40.12000, 3.
40.13000, 3.
40.14000, 3.
40.15000, 6.
40.16000, 4.
40.17000, 4.
40.18000, 4.
40.19000, 3.
40.20000, 2.
40.21000, 4.
40.22000, 5.
40.23000, 2.
40.24000, 0.
40.25000, 5.
40.26000, 9.
40.27000, 4.
40.28000, 4.
40.29000, 2.
40.30000, 3.
40.31000, 2.
40.32000, 6.
40.33000, 2.
40.34000, 6.
40.35000, 5.
40.36000, 2.
40.37000, 4.
40.38000, 8.
40.39000, 0.
40.40000, 3.
40.41000, 6.
40.42000, 3.
40.43000, 3.
40.44000, 3.
40.45000, 1.
40.46000, 3.
40.47000, 5.
40.48000, 9.
40.49000, 2.
40.50000, 6.
40.51000, 6.
40.52000, 3.
40.53000, 5.
40.54000, 4.
40.55000, 0.
#ENDOFDATA   : 
