#FORMAT      : EMSA/MAS Spectral Data File
#VERSION     : 1.0
#TITLE       : Spectrum 21
#DATE        : 21-AUG-2025
#TIME        : 15:25
#OWNER       : XGT7200
#NPOINTS     : 4096.
#NCOLUMNS    : 1.
#XUNITS      : keV
#YUNITS      : counts
#DATATYPE    : XY
#XPERCHAN    : 0.0100000
#OFFSET      : -0.400000
#SIGNALTYPE  : EDS
#CHOFFSET    : 40.0000
#LIVETIME    : 30.000000
#REALTIME    : 39.646223
#BEAMKV      : 50.0000
#PROBECUR    : 689000.
#MAGCAM      : 100.000
#XTILTSTGE   : 0.0
#AZIMANGLE   : 0.0
#ELEVANGLE   : 45.0
#XPOSITION mm: 0.0000
#YPOSITION mm: 0.0000
#ZPOSITION mm: 0.0000
##OXINSTPT   : 4
##OXINSTSTROB: 72.04
#SPECTRUM    : Spectral Data Starts Here
-0.40000, 0.
-0.39000, 0.
-0.38000, 0.
-0.37000, 0.
-0.36000, 0.
-0.35000, 0.
-0.34000, 0.
-0.33000, 0.
-0.32000, 0.
-0.31000, 0.
-0.30000, 0.
-0.29000, 0.
-0.28000, 0.
-0.27000, 0.
-0.26000, 0.
-0.25000, 0.
-0.24000, 0.
-0.23000, 0.
-0.22000, 0.
-0.21000, 0.
-0.20000, 0.
-0.19000, 0.
-0.18000, 0.
-0.17000, 0.
-0.16000, 0.
-0.15000, 0.
-0.14000, 0.
-0.13000, 0.
-0.12000, 0.
-0.11000, 0.
-0.10000, 0.
-0.09000, 0.
-0.08000, 0.
-0.07000, 0.
-0.06000, 0.
-0.05000, 0.
-0.04000, 0.
-0.03000, 0.
-0.02000, 0.
-0.01000, 0.
0.00000, 0.
0.01000, 0.
0.02000, 0.
0.03000, 0.
0.04000, 0.
0.05000, 0.
0.06000, 0.
0.07000, 0.
0.08000, 0.
0.09000, 0.
0.10000, 0.
0.11000, 0.
0.12000, 0.
0.13000, 0.
0.14000, 0.
0.15000, 0.
0.16000, 0.
0.17000, 0.
0.18000, 0.
0.19000, 0.
0.20000, 0.
0.21000, 0.
0.22000, 0.
0.23000, 0.
0.24000, 0.
0.25000, 0.
0.26000, 0.
0.27000, 0.
0.28000, 0.
0.29000, 0.
0.30000, 0.
0.31000, 0.
0.32000, 0.
0.33000, 1.
0.34000, 0.
0.35000, 1.
0.36000, 3.
0.37000, 7.
0.38000, 14.
0.39000, 22.
0.40000, 19.
0.41000, 34.
0.42000, 23.
0.43000, 23.
0.44000, 46.
0.45000, 26.
0.46000, 49.
0.47000, 36.
0.48000, 37.
0.49000, 46.
0.50000, 49.
0.51000, 45.
0.52000, 49.
0.53000, 37.
0.54000, 32.
0.55000, 45.
0.56000, 35.
0.57000, 40.
0.58000, 40.
0.59000, 43.
0.60000, 35.
0.61000, 35.
0.62000, 30.
0.63000, 35.
0.64000, 38.
0.65000, 40.
0.66000, 37.
0.67000, 41.
0.68000, 32.
0.69000, 41.
0.70000, 19.
0.71000, 41.
0.72000, 35.
0.73000, 29.
0.74000, 33.
0.75000, 43.
0.76000, 38.
0.77000, 31.
0.78000, 33.
0.79000, 50.
0.80000, 39.
0.81000, 40.
0.82000, 30.
0.83000, 34.
0.84000, 29.
0.85000, 36.
0.86000, 36.
0.87000, 31.
0.88000, 34.
0.89000, 38.
0.90000, 26.
0.91000, 37.
0.92000, 37.
0.93000, 29.
0.94000, 44.
0.95000, 37.
0.96000, 40.
0.97000, 38.
0.98000, 36.
0.99000, 45.
1.00000, 46.
1.01000, 56.
1.02000, 43.
1.03000, 40.
1.04000, 43.
1.05000, 43.
1.06000, 37.
1.07000, 46.
1.08000, 42.
1.09000, 36.
1.10000, 49.
1.11000, 30.
1.12000, 40.
1.13000, 32.
1.14000, 28.
1.15000, 45.
1.16000, 44.
1.17000, 34.
1.18000, 38.
1.19000, 44.
1.20000, 55.
1.21000, 62.
1.22000, 82.
1.23000, 107.
1.24000, 88.
1.25000, 105.
1.26000, 100.
1.27000, 102.
1.28000, 94.
1.29000, 91.
1.30000, 76.
1.31000, 63.
1.32000, 60.
1.33000, 32.
1.34000, 37.
1.35000, 33.
1.36000, 36.
1.37000, 51.
1.38000, 70.
1.39000, 71.
1.40000, 125.
1.41000, 152.
1.42000, 217.
1.43000, 295.
1.44000, 456.
1.45000, 542.
1.46000, 650.
1.47000, 867.
1.48000, 877.
1.49000, 931.
1.50000, 884.
1.51000, 882.
1.52000, 750.
1.53000, 618.
1.54000, 534.
1.55000, 401.
1.56000, 299.
1.57000, 220.
1.58000, 159.
1.59000, 123.
1.60000, 100.
1.61000, 101.
1.62000, 135.
1.63000, 189.
1.64000, 276.
1.65000, 505.
1.66000, 729.
1.67000, 1104.
1.68000, 1710.
1.69000, 2281.
1.70000, 3095.
1.71000, 3884.
1.72000, 4525.
1.73000, 5097.
1.74000, 5453.
1.75000, 5504.
1.76000, 5314.
1.77000, 4815.
1.78000, 4058.
1.79000, 3299.
1.80000, 2667.
1.81000, 1880.
1.82000, 1392.
1.83000, 984.
1.84000, 682.
1.85000, 492.
1.86000, 368.
1.87000, 248.
1.88000, 205.
1.89000, 160.
1.90000, 134.
1.91000, 103.
1.92000, 86.
1.93000, 86.
1.94000, 76.
1.95000, 78.
1.96000, 84.
1.97000, 93.
1.98000, 84.
1.99000, 87.
2.00000, 82.
2.01000, 96.
2.02000, 81.
2.03000, 85.
2.04000, 76.
2.05000, 56.
2.06000, 63.
2.07000, 37.
2.08000, 51.
2.09000, 33.
2.10000, 47.
2.11000, 34.
2.12000, 32.
2.13000, 46.
2.14000, 34.
2.15000, 24.
2.16000, 22.
2.17000, 37.
2.18000, 35.
2.19000, 40.
2.20000, 39.
2.21000, 31.
2.22000, 39.
2.23000, 41.
2.24000, 50.
2.25000, 79.
2.26000, 67.
2.27000, 72.
2.28000, 72.
2.29000, 114.
2.30000, 103.
2.31000, 102.
2.32000, 103.
2.33000, 98.
2.34000, 86.
2.35000, 79.
2.36000, 55.
2.37000, 65.
2.38000, 61.
2.39000, 44.
2.40000, 44.
2.41000, 45.
2.42000, 30.
2.43000, 45.
2.44000, 30.
2.45000, 36.
2.46000, 47.
2.47000, 39.
2.48000, 36.
2.49000, 46.
2.50000, 34.
2.51000, 44.
2.52000, 31.
2.53000, 32.
2.54000, 41.
2.55000, 54.
2.56000, 56.
2.57000, 68.
2.58000, 68.
2.59000, 73.
2.60000, 114.
2.61000, 130.
2.62000, 163.
2.63000, 206.
2.64000, 245.
2.65000, 326.
2.66000, 381.
2.67000, 421.
2.68000, 438.
2.69000, 510.
2.70000, 474.
2.71000, 486.
2.72000, 492.
2.73000, 427.
2.74000, 379.
2.75000, 366.
2.76000, 271.
2.77000, 271.
2.78000, 263.
2.79000, 217.
2.80000, 215.
2.81000, 248.
2.82000, 229.
2.83000, 257.
2.84000, 230.
2.85000, 236.
2.86000, 218.
2.87000, 204.
2.88000, 197.
2.89000, 170.
2.90000, 173.
2.91000, 152.
2.92000, 139.
2.93000, 141.
2.94000, 90.
2.95000, 88.
2.96000, 79.
2.97000, 59.
2.98000, 63.
2.99000, 67.
3.00000, 62.
3.01000, 54.
3.02000, 54.
3.03000, 49.
3.04000, 54.
3.05000, 33.
3.06000, 44.
3.07000, 36.
3.08000, 31.
3.09000, 37.
3.10000, 32.
3.11000, 35.
3.12000, 23.
3.13000, 31.
3.14000, 33.
3.15000, 32.
3.16000, 44.
3.17000, 31.
3.18000, 64.
3.19000, 69.
3.20000, 84.
3.21000, 108.
3.22000, 140.
3.23000, 203.
3.24000, 234.
3.25000, 351.
3.26000, 438.
3.27000, 481.
3.28000, 590.
3.29000, 626.
3.30000, 719.
3.31000, 803.
3.32000, 814.
3.33000, 789.
3.34000, 713.
3.35000, 630.
3.36000, 520.
3.37000, 513.
3.38000, 373.
3.39000, 306.
3.40000, 252.
3.41000, 163.
3.42000, 118.
3.43000, 93.
3.44000, 58.
3.45000, 69.
3.46000, 50.
3.47000, 47.
3.48000, 58.
3.49000, 54.
3.50000, 52.
3.51000, 76.
3.52000, 86.
3.53000, 103.
3.54000, 110.
3.55000, 151.
3.56000, 153.
3.57000, 233.
3.58000, 269.
3.59000, 329.
3.60000, 448.
3.61000, 567.
3.62000, 709.
3.63000, 927.
3.64000, 1168.
3.65000, 1289.
3.66000, 1541.
3.67000, 1712.
3.68000, 1726.
3.69000, 1936.
3.70000, 1936.
3.71000, 1804.
3.72000, 1630.
3.73000, 1442.
3.74000, 1238.
3.75000, 1091.
3.76000, 825.
3.77000, 626.
3.78000, 484.
3.79000, 336.
3.80000, 218.
3.81000, 192.
3.82000, 103.
3.83000, 71.
3.84000, 67.
3.85000, 48.
3.86000, 38.
3.87000, 51.
3.88000, 38.
3.89000, 47.
3.90000, 57.
3.91000, 64.
3.92000, 77.
3.93000, 103.
3.94000, 108.
3.95000, 168.
3.96000, 174.
3.97000, 194.
3.98000, 241.
3.99000, 248.
4.00000, 297.
4.01000, 300.
4.02000, 288.
4.03000, 265.
4.04000, 260.
4.05000, 288.
4.06000, 197.
4.07000, 189.
4.08000, 171.
4.09000, 128.
4.10000, 122.
4.11000, 80.
4.12000, 71.
4.13000, 53.
4.14000, 56.
4.15000, 41.
4.16000, 45.
4.17000, 27.
4.18000, 27.
4.19000, 30.
4.20000, 36.
4.21000, 21.
4.22000, 36.
4.23000, 40.
4.24000, 27.
4.25000, 38.
4.26000, 27.
4.27000, 43.
4.28000, 27.
4.29000, 34.
4.30000, 37.
4.31000, 36.
4.32000, 30.
4.33000, 35.
4.34000, 34.
4.35000, 42.
4.36000, 41.
4.37000, 62.
4.38000, 89.
4.39000, 68.
4.40000, 128.
4.41000, 134.
4.42000, 161.
4.43000, 218.
4.44000, 260.
4.45000, 328.
4.46000, 373.
4.47000, 450.
4.48000, 512.
4.49000, 547.
4.50000, 557.
4.51000, 567.
4.52000, 558.
4.53000, 520.
4.54000, 535.
4.55000, 428.
4.56000, 381.
4.57000, 338.
4.58000, 312.
4.59000, 274.
4.60000, 215.
4.61000, 184.
4.62000, 159.
4.63000, 169.
4.64000, 121.
4.65000, 137.
4.66000, 132.
4.67000, 101.
4.68000, 101.
4.69000, 91.
4.70000, 86.
4.71000, 66.
4.72000, 81.
4.73000, 68.
4.74000, 61.
4.75000, 70.
4.76000, 67.
4.77000, 66.
4.78000, 67.
4.79000, 65.
4.80000, 56.
4.81000, 91.
4.82000, 73.
4.83000, 81.
4.84000, 64.
4.85000, 90.
4.86000, 110.
4.87000, 117.
4.88000, 103.
4.89000, 144.
4.90000, 134.
4.91000, 152.
4.92000, 156.
4.93000, 143.
4.94000, 151.
4.95000, 144.
4.96000, 147.
4.97000, 141.
4.98000, 126.
4.99000, 103.
5.00000, 103.
5.01000, 105.
5.02000, 85.
5.03000, 72.
5.04000, 63.
5.05000, 73.
5.06000, 63.
5.07000, 68.
5.08000, 59.
5.09000, 59.
5.10000, 50.
5.11000, 49.
5.12000, 55.
5.13000, 58.
5.14000, 64.
5.15000, 62.
5.16000, 50.
5.17000, 54.
5.18000, 64.
5.19000, 49.
5.20000, 67.
5.21000, 81.
5.22000, 55.
5.23000, 59.
5.24000, 51.
5.25000, 55.
5.26000, 69.
5.27000, 64.
5.28000, 62.
5.29000, 61.
5.30000, 67.
5.31000, 57.
5.32000, 61.
5.33000, 64.
5.34000, 72.
5.35000, 57.
5.36000, 70.
5.37000, 74.
5.38000, 73.
5.39000, 88.
5.40000, 88.
5.41000, 78.
5.42000, 89.
5.43000, 83.
5.44000, 79.
5.45000, 76.
5.46000, 59.
5.47000, 81.
5.48000, 64.
5.49000, 64.
5.50000, 58.
5.51000, 67.
5.52000, 71.
5.53000, 56.
5.54000, 64.
5.55000, 46.
5.56000, 53.
5.57000, 47.
5.58000, 52.
5.59000, 52.
5.60000, 51.
5.61000, 62.
5.62000, 49.
5.63000, 47.
5.64000, 44.
5.65000, 53.
5.66000, 54.
5.67000, 46.
5.68000, 54.
5.69000, 64.
5.70000, 57.
5.71000, 50.
5.72000, 62.
5.73000, 61.
5.74000, 58.
5.75000, 59.
5.76000, 71.
5.77000, 95.
5.78000, 86.
5.79000, 131.
5.80000, 129.
5.81000, 146.
5.82000, 188.
5.83000, 190.
5.84000, 237.
5.85000, 271.
5.86000, 309.
5.87000, 315.
5.88000, 296.
5.89000, 322.
5.90000, 337.
5.91000, 353.
5.92000, 313.
5.93000, 296.
5.94000, 274.
5.95000, 239.
5.96000, 204.
5.97000, 159.
5.98000, 160.
5.99000, 146.
6.00000, 119.
6.01000, 125.
6.02000, 101.
6.03000, 91.
6.04000, 83.
6.05000, 85.
6.06000, 87.
6.07000, 85.
6.08000, 92.
6.09000, 94.
6.10000, 93.
6.11000, 105.
6.12000, 106.
6.13000, 88.
6.14000, 120.
6.15000, 102.
6.16000, 118.
6.17000, 110.
6.18000, 164.
6.19000, 162.
6.20000, 220.
6.21000, 292.
6.22000, 411.
6.23000, 588.
6.24000, 720.
6.25000, 1018.
6.26000, 1433.
6.27000, 1988.
6.28000, 2753.
6.29000, 3749.
6.30000, 4708.
6.31000, 6186.
6.32000, 7766.
6.33000, 9413.
6.34000, 11108.
6.35000, 12603.
6.36000, 13957.
6.37000, 15495.
6.38000, 16688.
6.39000, 17356.
6.40000, 17344.
6.41000, 17343.
6.42000, 16702.
6.43000, 15509.
6.44000, 14127.
6.45000, 12496.
6.46000, 10763.
6.47000, 9041.
6.48000, 7454.
6.49000, 6049.
6.50000, 4651.
6.51000, 3545.
6.52000, 2641.
6.53000, 1961.
6.54000, 1436.
6.55000, 986.
6.56000, 669.
6.57000, 416.
6.58000, 413.
6.59000, 260.
6.60000, 212.
6.61000, 172.
6.62000, 132.
6.63000, 128.
6.64000, 117.
6.65000, 121.
6.66000, 114.
6.67000, 119.
6.68000, 103.
6.69000, 114.
6.70000, 118.
6.71000, 111.
6.72000, 106.
6.73000, 97.
6.74000, 101.
6.75000, 124.
6.76000, 111.
6.77000, 123.
6.78000, 111.
6.79000, 107.
6.80000, 117.
6.81000, 142.
6.82000, 136.
6.83000, 131.
6.84000, 138.
6.85000, 162.
6.86000, 180.
6.87000, 197.
6.88000, 204.
6.89000, 247.
6.90000, 320.
6.91000, 369.
6.92000, 505.
6.93000, 603.
6.94000, 724.
6.95000, 913.
6.96000, 1152.
6.97000, 1322.
6.98000, 1503.
6.99000, 1798.
7.00000, 2098.
7.01000, 2275.
7.02000, 2494.
7.03000, 2542.
7.04000, 2769.
7.05000, 2765.
7.06000, 2714.
7.07000, 2712.
7.08000, 2714.
7.09000, 2387.
7.10000, 2073.
7.11000, 1880.
7.12000, 1704.
7.13000, 1416.
7.14000, 1217.
7.15000, 959.
7.16000, 759.
7.17000, 619.
7.18000, 463.
7.19000, 344.
7.20000, 305.
7.21000, 223.
7.22000, 175.
7.23000, 137.
7.24000, 106.
7.25000, 109.
7.26000, 96.
7.27000, 59.
7.28000, 62.
7.29000, 72.
7.30000, 69.
7.31000, 66.
7.32000, 82.
7.33000, 62.
7.34000, 87.
7.35000, 65.
7.36000, 84.
7.37000, 79.
7.38000, 76.
7.39000, 70.
7.40000, 65.
7.41000, 106.
7.42000, 89.
7.43000, 92.
7.44000, 77.
7.45000, 74.
7.46000, 87.
7.47000, 77.
7.48000, 86.
7.49000, 84.
7.50000, 93.
7.51000, 67.
7.52000, 104.
7.53000, 99.
7.54000, 88.
7.55000, 82.
7.56000, 80.
7.57000, 68.
7.58000, 76.
7.59000, 87.
7.60000, 70.
7.61000, 69.
7.62000, 70.
7.63000, 69.
7.64000, 80.
7.65000, 76.
7.66000, 71.
7.67000, 72.
7.68000, 91.
7.69000, 78.
7.70000, 77.
7.71000, 78.
7.72000, 82.
7.73000, 65.
7.74000, 81.
7.75000, 78.
7.76000, 78.
7.77000, 76.
7.78000, 103.
7.79000, 78.
7.80000, 79.
7.81000, 93.
7.82000, 83.
7.83000, 77.
7.84000, 95.
7.85000, 82.
7.86000, 72.
7.87000, 101.
7.88000, 91.
7.89000, 90.
7.90000, 113.
7.91000, 96.
7.92000, 104.
7.93000, 114.
7.94000, 124.
7.95000, 112.
7.96000, 129.
7.97000, 133.
7.98000, 128.
7.99000, 123.
8.00000, 120.
8.01000, 125.
8.02000, 117.
8.03000, 141.
8.04000, 127.
8.05000, 123.
8.06000, 123.
8.07000, 142.
8.08000, 138.
8.09000, 139.
8.10000, 133.
8.11000, 158.
8.12000, 137.
8.13000, 152.
8.14000, 136.
8.15000, 127.
8.16000, 141.
8.17000, 116.
8.18000, 142.
8.19000, 112.
8.20000, 119.
8.21000, 119.
8.22000, 123.
8.23000, 104.
8.24000, 106.
8.25000, 89.
8.26000, 108.
8.27000, 110.
8.28000, 104.
8.29000, 101.
8.30000, 97.
8.31000, 104.
8.32000, 82.
8.33000, 102.
8.34000, 101.
8.35000, 82.
8.36000, 94.
8.37000, 102.
8.38000, 74.
8.39000, 101.
8.40000, 102.
8.41000, 97.
8.42000, 104.
8.43000, 98.
8.44000, 98.
8.45000, 89.
8.46000, 132.
8.47000, 100.
8.48000, 86.
8.49000, 119.
8.50000, 130.
8.51000, 118.
8.52000, 139.
8.53000, 156.
8.54000, 158.
8.55000, 171.
8.56000, 207.
8.57000, 227.
8.58000, 198.
8.59000, 243.
8.60000, 206.
8.61000, 235.
8.62000, 236.
8.63000, 226.
8.64000, 230.
8.65000, 233.
8.66000, 249.
8.67000, 194.
8.68000, 213.
8.69000, 216.
8.70000, 180.
8.71000, 158.
8.72000, 174.
8.73000, 148.
8.74000, 144.
8.75000, 114.
8.76000, 128.
8.77000, 131.
8.78000, 116.
8.79000, 115.
8.80000, 109.
8.81000, 102.
8.82000, 93.
8.83000, 121.
8.84000, 104.
8.85000, 110.
8.86000, 90.
8.87000, 92.
8.88000, 105.
8.89000, 117.
8.90000, 106.
8.91000, 106.
8.92000, 105.
8.93000, 109.
8.94000, 113.
8.95000, 118.
8.96000, 109.
8.97000, 80.
8.98000, 99.
8.99000, 118.
9.00000, 96.
9.01000, 99.
9.02000, 110.
9.03000, 97.
9.04000, 104.
9.05000, 111.
9.06000, 115.
9.07000, 104.
9.08000, 113.
9.09000, 101.
9.10000, 128.
9.11000, 107.
9.12000, 106.
9.13000, 109.
9.14000, 108.
9.15000, 99.
9.16000, 114.
9.17000, 128.
9.18000, 119.
9.19000, 97.
9.20000, 102.
9.21000, 127.
9.22000, 102.
9.23000, 131.
9.24000, 126.
9.25000, 119.
9.26000, 116.
9.27000, 123.
9.28000, 123.
9.29000, 117.
9.30000, 118.
9.31000, 105.
9.32000, 105.
9.33000, 133.
9.34000, 104.
9.35000, 114.
9.36000, 86.
9.37000, 125.
9.38000, 100.
9.39000, 119.
9.40000, 89.
9.41000, 110.
9.42000, 136.
9.43000, 133.
9.44000, 130.
9.45000, 106.
9.46000, 123.
9.47000, 118.
9.48000, 100.
9.49000, 139.
9.50000, 127.
9.51000, 118.
9.52000, 133.
9.53000, 129.
9.54000, 115.
9.55000, 143.
9.56000, 134.
9.57000, 134.
9.58000, 134.
9.59000, 137.
9.60000, 114.
9.61000, 134.
9.62000, 113.
9.63000, 111.
9.64000, 108.
9.65000, 139.
9.66000, 123.
9.67000, 123.
9.68000, 124.
9.69000, 120.
9.70000, 115.
9.71000, 117.
9.72000, 129.
9.73000, 123.
9.74000, 111.
9.75000, 113.
9.76000, 111.
9.77000, 118.
9.78000, 118.
9.79000, 130.
9.80000, 123.
9.81000, 109.
9.82000, 127.
9.83000, 113.
9.84000, 111.
9.85000, 117.
9.86000, 113.
9.87000, 108.
9.88000, 103.
9.89000, 129.
9.90000, 123.
9.91000, 117.
9.92000, 113.
9.93000, 116.
9.94000, 119.
9.95000, 101.
9.96000, 125.
9.97000, 118.
9.98000, 128.
9.99000, 114.
10.00000, 109.
10.01000, 112.
10.02000, 137.
10.03000, 119.
10.04000, 114.
10.05000, 110.
10.06000, 120.
10.07000, 126.
10.08000, 121.
10.09000, 125.
10.10000, 122.
10.11000, 133.
10.12000, 103.
10.13000, 125.
10.14000, 113.
10.15000, 112.
10.16000, 110.
10.17000, 126.
10.18000, 131.
10.19000, 112.
10.20000, 121.
10.21000, 113.
10.22000, 114.
10.23000, 99.
10.24000, 113.
10.25000, 109.
10.26000, 107.
10.27000, 138.
10.28000, 113.
10.29000, 119.
10.30000, 133.
10.31000, 118.
10.32000, 125.
10.33000, 105.
10.34000, 122.
10.35000, 118.
10.36000, 121.
10.37000, 119.
10.38000, 127.
10.39000, 118.
10.40000, 135.
10.41000, 122.
10.42000, 141.
10.43000, 144.
10.44000, 157.
10.45000, 169.
10.46000, 145.
10.47000, 164.
10.48000, 142.
10.49000, 158.
10.50000, 179.
10.51000, 176.
10.52000, 173.
10.53000, 176.
10.54000, 189.
10.55000, 196.
10.56000, 149.
10.57000, 158.
10.58000, 150.
10.59000, 144.
10.60000, 156.
10.61000, 142.
10.62000, 136.
10.63000, 132.
10.64000, 133.
10.65000, 146.
10.66000, 128.
10.67000, 140.
10.68000, 128.
10.69000, 137.
10.70000, 125.
10.71000, 116.
10.72000, 127.
10.73000, 143.
10.74000, 114.
10.75000, 142.
10.76000, 122.
10.77000, 129.
10.78000, 130.
10.79000, 116.
10.80000, 135.
10.81000, 126.
10.82000, 113.
10.83000, 110.
10.84000, 165.
10.85000, 121.
10.86000, 114.
10.87000, 119.
10.88000, 113.
10.89000, 127.
10.90000, 123.
10.91000, 111.
10.92000, 142.
10.93000, 104.
10.94000, 119.
10.95000, 119.
10.96000, 128.
10.97000, 108.
10.98000, 131.
10.99000, 138.
11.00000, 120.
11.01000, 109.
11.02000, 108.
11.03000, 105.
11.04000, 150.
11.05000, 120.
11.06000, 122.
11.07000, 132.
11.08000, 118.
11.09000, 119.
11.10000, 114.
11.11000, 120.
11.12000, 110.
11.13000, 133.
11.14000, 108.
11.15000, 100.
11.16000, 132.
11.17000, 122.
11.18000, 111.
11.19000, 109.
11.20000, 131.
11.21000, 130.
11.22000, 121.
11.23000, 119.
11.24000, 114.
11.25000, 135.
11.26000, 123.
11.27000, 135.
11.28000, 118.
11.29000, 118.
11.30000, 112.
11.31000, 137.
11.32000, 105.
11.33000, 135.
11.34000, 117.
11.35000, 137.
11.36000, 121.
11.37000, 128.
11.38000, 117.
11.39000, 150.
11.40000, 115.
11.41000, 133.
11.42000, 142.
11.43000, 108.
11.44000, 130.
11.45000, 122.
11.46000, 123.
11.47000, 128.
11.48000, 128.
11.49000, 126.
11.50000, 126.
11.51000, 133.
11.52000, 120.
11.53000, 141.
11.54000, 126.
11.55000, 133.
11.56000, 137.
11.57000, 133.
11.58000, 150.
11.59000, 154.
11.60000, 133.
11.61000, 141.
11.62000, 143.
11.63000, 137.
11.64000, 138.
11.65000, 111.
11.66000, 124.
11.67000, 141.
11.68000, 128.
11.69000, 142.
11.70000, 118.
11.71000, 138.
11.72000, 135.
11.73000, 150.
11.74000, 120.
11.75000, 123.
11.76000, 133.
11.77000, 137.
11.78000, 145.
11.79000, 139.
11.80000, 142.
11.81000, 135.
11.82000, 144.
11.83000, 149.
11.84000, 133.
11.85000, 148.
11.86000, 139.
11.87000, 121.
11.88000, 153.
11.89000, 148.
11.90000, 140.
11.91000, 146.
11.92000, 145.
11.93000, 148.
11.94000, 125.
11.95000, 138.
11.96000, 147.
11.97000, 117.
11.98000, 123.
11.99000, 152.
12.00000, 126.
12.01000, 138.
12.02000, 132.
12.03000, 135.
12.04000, 137.
12.05000, 131.
12.06000, 121.
12.07000, 123.
12.08000, 126.
12.09000, 145.
12.10000, 117.
12.11000, 125.
12.12000, 151.
12.13000, 122.
12.14000, 139.
12.15000, 149.
12.16000, 107.
12.17000, 135.
12.18000, 138.
12.19000, 143.
12.20000, 136.
12.21000, 128.
12.22000, 132.
12.23000, 130.
12.24000, 148.
12.25000, 130.
12.26000, 143.
12.27000, 152.
12.28000, 130.
12.29000, 127.
12.30000, 146.
12.31000, 141.
12.32000, 135.
12.33000, 136.
12.34000, 120.
12.35000, 146.
12.36000, 133.
12.37000, 127.
12.38000, 129.
12.39000, 124.
12.40000, 131.
12.41000, 142.
12.42000, 129.
12.43000, 163.
12.44000, 166.
12.45000, 158.
12.46000, 141.
12.47000, 155.
12.48000, 127.
12.49000, 141.
12.50000, 173.
12.51000, 144.
12.52000, 154.
12.53000, 144.
12.54000, 163.
12.55000, 140.
12.56000, 165.
12.57000, 146.
12.58000, 147.
12.59000, 165.
12.60000, 144.
12.61000, 152.
12.62000, 170.
12.63000, 157.
12.64000, 144.
12.65000, 156.
12.66000, 165.
12.67000, 163.
12.68000, 156.
12.69000, 178.
12.70000, 182.
12.71000, 177.
12.72000, 168.
12.73000, 188.
12.74000, 172.
12.75000, 172.
12.76000, 168.
12.77000, 195.
12.78000, 195.
12.79000, 164.
12.80000, 193.
12.81000, 179.
12.82000, 164.
12.83000, 168.
12.84000, 177.
12.85000, 158.
12.86000, 180.
12.87000, 184.
12.88000, 170.
12.89000, 153.
12.90000, 152.
12.91000, 196.
12.92000, 146.
12.93000, 172.
12.94000, 164.
12.95000, 147.
12.96000, 140.
12.97000, 149.
12.98000, 155.
12.99000, 139.
13.00000, 144.
13.01000, 144.
13.02000, 138.
13.03000, 146.
13.04000, 120.
13.05000, 138.
13.06000, 132.
13.07000, 150.
13.08000, 141.
13.09000, 130.
13.10000, 153.
13.11000, 158.
13.12000, 152.
13.13000, 131.
13.14000, 118.
13.15000, 147.
13.16000, 141.
13.17000, 145.
13.18000, 151.
13.19000, 143.
13.20000, 148.
13.21000, 164.
13.22000, 162.
13.23000, 152.
13.24000, 174.
13.25000, 182.
13.26000, 198.
13.27000, 214.
13.28000, 197.
13.29000, 213.
13.30000, 237.
13.31000, 214.
13.32000, 228.
13.33000, 250.
13.34000, 250.
13.35000, 232.
13.36000, 247.
13.37000, 239.
13.38000, 249.
13.39000, 253.
13.40000, 240.
13.41000, 222.
13.42000, 221.
13.43000, 225.
13.44000, 210.
13.45000, 185.
13.46000, 206.
13.47000, 187.
13.48000, 195.
13.49000, 171.
13.50000, 171.
13.51000, 179.
13.52000, 170.
13.53000, 171.
13.54000, 164.
13.55000, 158.
13.56000, 162.
13.57000, 146.
13.58000, 152.
13.59000, 140.
13.60000, 160.
13.61000, 153.
13.62000, 157.
13.63000, 157.
13.64000, 170.
13.65000, 123.
13.66000, 159.
13.67000, 146.
13.68000, 128.
13.69000, 128.
13.70000, 152.
13.71000, 129.
13.72000, 135.
13.73000, 148.
13.74000, 135.
13.75000, 145.
13.76000, 142.
13.77000, 146.
13.78000, 140.
13.79000, 146.
13.80000, 137.
13.81000, 136.
13.82000, 153.
13.83000, 158.
13.84000, 144.
13.85000, 134.
13.86000, 145.
13.87000, 167.
13.88000, 165.
13.89000, 141.
13.90000, 129.
13.91000, 165.
13.92000, 162.
13.93000, 153.
13.94000, 160.
13.95000, 194.
13.96000, 210.
13.97000, 215.
13.98000, 230.
13.99000, 247.
14.00000, 303.
14.01000, 303.
14.02000, 335.
14.03000, 361.
14.04000, 355.
14.05000, 411.
14.06000, 428.
14.07000, 476.
14.08000, 473.
14.09000, 504.
14.10000, 525.
14.11000, 536.
14.12000, 531.
14.13000, 513.
14.14000, 517.
14.15000, 496.
14.16000, 526.
14.17000, 526.
14.18000, 468.
14.19000, 404.
14.20000, 424.
14.21000, 379.
14.22000, 385.
14.23000, 374.
14.24000, 322.
14.25000, 264.
14.26000, 271.
14.27000, 248.
14.28000, 242.
14.29000, 215.
14.30000, 211.
14.31000, 168.
14.32000, 184.
14.33000, 152.
14.34000, 174.
14.35000, 137.
14.36000, 141.
14.37000, 176.
14.38000, 135.
14.39000, 126.
14.40000, 130.
14.41000, 158.
14.42000, 128.
14.43000, 153.
14.44000, 133.
14.45000, 135.
14.46000, 126.
14.47000, 134.
14.48000, 126.
14.49000, 143.
14.50000, 135.
14.51000, 137.
14.52000, 146.
14.53000, 136.
14.54000, 131.
14.55000, 111.
14.56000, 167.
14.57000, 121.
14.58000, 135.
14.59000, 150.
14.60000, 134.
14.61000, 128.
14.62000, 160.
14.63000, 139.
14.64000, 117.
14.65000, 128.
14.66000, 132.
14.67000, 148.
14.68000, 130.
14.69000, 157.
14.70000, 156.
14.71000, 128.
14.72000, 144.
14.73000, 141.
14.74000, 148.
14.75000, 129.
14.76000, 157.
14.77000, 135.
14.78000, 149.
14.79000, 150.
14.80000, 136.
14.81000, 145.
14.82000, 146.
14.83000, 165.
14.84000, 160.
14.85000, 171.
14.86000, 173.
14.87000, 164.
14.88000, 196.
14.89000, 178.
14.90000, 200.
14.91000, 173.
14.92000, 199.
14.93000, 178.
14.94000, 181.
14.95000, 163.
14.96000, 187.
14.97000, 187.
14.98000, 171.
14.99000, 151.
15.00000, 179.
15.01000, 154.
15.02000, 171.
15.03000, 174.
15.04000, 146.
15.05000, 158.
15.06000, 141.
15.07000, 146.
15.08000, 131.
15.09000, 159.
15.10000, 176.
15.11000, 133.
15.12000, 153.
15.13000, 133.
15.14000, 133.
15.15000, 144.
15.16000, 137.
15.17000, 132.
15.18000, 147.
15.19000, 137.
15.20000, 119.
15.21000, 148.
15.22000, 136.
15.23000, 134.
15.24000, 148.
15.25000, 123.
15.26000, 122.
15.27000, 134.
15.28000, 144.
15.29000, 109.
15.30000, 133.
15.31000, 134.
15.32000, 129.
15.33000, 146.
15.34000, 149.
15.35000, 152.
15.36000, 127.
15.37000, 136.
15.38000, 140.
15.39000, 160.
15.40000, 123.
15.41000, 138.
15.42000, 147.
15.43000, 135.
15.44000, 126.
15.45000, 137.
15.46000, 129.
15.47000, 126.
15.48000, 150.
15.49000, 141.
15.50000, 131.
15.51000, 145.
15.52000, 165.
15.53000, 158.
15.54000, 173.
15.55000, 176.
15.56000, 171.
15.57000, 187.
15.58000, 177.
15.59000, 187.
15.60000, 203.
15.61000, 196.
15.62000, 213.
15.63000, 225.
15.64000, 243.
15.65000, 210.
15.66000, 254.
15.67000, 269.
15.68000, 267.
15.69000, 314.
15.70000, 278.
15.71000, 288.
15.72000, 289.
15.73000, 303.
15.74000, 298.
15.75000, 287.
15.76000, 285.
15.77000, 322.
15.78000, 298.
15.79000, 293.
15.80000, 288.
15.81000, 304.
15.82000, 298.
15.83000, 280.
15.84000, 253.
15.85000, 247.
15.86000, 244.
15.87000, 237.
15.88000, 212.
15.89000, 188.
15.90000, 206.
15.91000, 177.
15.92000, 191.
15.93000, 187.
15.94000, 150.
15.95000, 156.
15.96000, 160.
15.97000, 127.
15.98000, 135.
15.99000, 143.
16.00000, 156.
16.01000, 140.
16.02000, 138.
16.03000, 189.
16.04000, 148.
16.05000, 148.
16.06000, 150.
16.07000, 139.
16.08000, 141.
16.09000, 147.
16.10000, 150.
16.11000, 141.
16.12000, 140.
16.13000, 145.
16.14000, 126.
16.15000, 137.
16.16000, 142.
16.17000, 122.
16.18000, 153.
16.19000, 144.
16.20000, 132.
16.21000, 146.
16.22000, 136.
16.23000, 138.
16.24000, 145.
16.25000, 134.
16.26000, 133.
16.27000, 129.
16.28000, 140.
16.29000, 122.
16.30000, 122.
16.31000, 145.
16.32000, 146.
16.33000, 132.
16.34000, 139.
16.35000, 150.
16.36000, 157.
16.37000, 152.
16.38000, 142.
16.39000, 130.
16.40000, 120.
16.41000, 146.
16.42000, 142.
16.43000, 150.
16.44000, 110.
16.45000, 151.
16.46000, 146.
16.47000, 143.
16.48000, 162.
16.49000, 161.
16.50000, 136.
16.51000, 145.
16.52000, 138.
16.53000, 146.
16.54000, 144.
16.55000, 172.
16.56000, 164.
16.57000, 152.
16.58000, 161.
16.59000, 144.
16.60000, 153.
16.61000, 154.
16.62000, 137.
16.63000, 152.
16.64000, 147.
16.65000, 163.
16.66000, 144.
16.67000, 142.
16.68000, 142.
16.69000, 140.
16.70000, 156.
16.71000, 133.
16.72000, 142.
16.73000, 142.
16.74000, 142.
16.75000, 135.
16.76000, 157.
16.77000, 133.
16.78000, 124.
16.79000, 140.
16.80000, 145.
16.81000, 137.
16.82000, 165.
16.83000, 118.
16.84000, 140.
16.85000, 123.
16.86000, 116.
16.87000, 118.
16.88000, 134.
16.89000, 154.
16.90000, 132.
16.91000, 132.
16.92000, 135.
16.93000, 129.
16.94000, 140.
16.95000, 154.
16.96000, 123.
16.97000, 130.
16.98000, 128.
16.99000, 123.
17.00000, 132.
17.01000, 138.
17.02000, 137.
17.03000, 158.
17.04000, 141.
17.05000, 137.
17.06000, 149.
17.07000, 132.
17.08000, 116.
17.09000, 135.
17.10000, 124.
17.11000, 142.
17.12000, 133.
17.13000, 159.
17.14000, 120.
17.15000, 161.
17.16000, 144.
17.17000, 125.
17.18000, 139.
17.19000, 160.
17.20000, 155.
17.21000, 137.
17.22000, 144.
17.23000, 135.
17.24000, 149.
17.25000, 166.
17.26000, 136.
17.27000, 128.
17.28000, 159.
17.29000, 152.
17.30000, 152.
17.31000, 146.
17.32000, 143.
17.33000, 153.
17.34000, 173.
17.35000, 172.
17.36000, 139.
17.37000, 149.
17.38000, 163.
17.39000, 155.
17.40000, 147.
17.41000, 167.
17.42000, 174.
17.43000, 177.
17.44000, 159.
17.45000, 168.
17.46000, 166.
17.47000, 172.
17.48000, 166.
17.49000, 163.
17.50000, 181.
17.51000, 184.
17.52000, 173.
17.53000, 147.
17.54000, 159.
17.55000, 167.
17.56000, 158.
17.57000, 176.
17.58000, 168.
17.59000, 165.
17.60000, 182.
17.61000, 176.
17.62000, 196.
17.63000, 155.
17.64000, 178.
17.65000, 167.
17.66000, 188.
17.67000, 198.
17.68000, 200.
17.69000, 209.
17.70000, 177.
17.71000, 188.
17.72000, 163.
17.73000, 172.
17.74000, 183.
17.75000, 172.
17.76000, 187.
17.77000, 197.
17.78000, 182.
17.79000, 169.
17.80000, 191.
17.81000, 187.
17.82000, 193.
17.83000, 166.
17.84000, 173.
17.85000, 180.
17.86000, 204.
17.87000, 188.
17.88000, 221.
17.89000, 174.
17.90000, 161.
17.91000, 185.
17.92000, 192.
17.93000, 186.
17.94000, 215.
17.95000, 191.
17.96000, 189.
17.97000, 223.
17.98000, 205.
17.99000, 214.
18.00000, 202.
18.01000, 229.
18.02000, 189.
18.03000, 196.
18.04000, 213.
18.05000, 210.
18.06000, 208.
18.07000, 200.
18.08000, 194.
18.09000, 214.
18.10000, 213.
18.11000, 230.
18.12000, 214.
18.13000, 249.
18.14000, 207.
18.15000, 204.
18.16000, 234.
18.17000, 250.
18.18000, 220.
18.19000, 234.
18.20000, 257.
18.21000, 287.
18.22000, 238.
18.23000, 257.
18.24000, 273.
18.25000, 289.
18.26000, 294.
18.27000, 263.
18.28000, 288.
18.29000, 297.
18.30000, 287.
18.31000, 321.
18.32000, 355.
18.33000, 308.
18.34000, 346.
18.35000, 361.
18.36000, 360.
18.37000, 348.
18.38000, 368.
18.39000, 370.
18.40000, 403.
18.41000, 379.
18.42000, 424.
18.43000, 407.
18.44000, 431.
18.45000, 434.
18.46000, 458.
18.47000, 518.
18.48000, 432.
18.49000, 528.
18.50000, 540.
18.51000, 512.
18.52000, 542.
18.53000, 582.
18.54000, 599.
18.55000, 593.
18.56000, 600.
18.57000, 619.
18.58000, 696.
18.59000, 652.
18.60000, 686.
18.61000, 683.
18.62000, 701.
18.63000, 713.
18.64000, 728.
18.65000, 714.
18.66000, 735.
18.67000, 698.
18.68000, 727.
18.69000, 735.
18.70000, 784.
18.71000, 774.
18.72000, 772.
18.73000, 794.
18.74000, 817.
18.75000, 825.
18.76000, 815.
18.77000, 796.
18.78000, 802.
18.79000, 799.
18.80000, 845.
18.81000, 824.
18.82000, 800.
18.83000, 897.
18.84000, 839.
18.85000, 769.
18.86000, 776.
18.87000, 792.
18.88000, 815.
18.89000, 763.
18.90000, 745.
18.91000, 782.
18.92000, 718.
18.93000, 716.
18.94000, 736.
18.95000, 750.
18.96000, 671.
18.97000, 699.
18.98000, 690.
18.99000, 637.
19.00000, 623.
19.01000, 683.
19.02000, 616.
19.03000, 568.
19.04000, 569.
19.05000, 590.
19.06000, 544.
19.07000, 542.
19.08000, 502.
19.09000, 541.
19.10000, 433.
19.11000, 511.
19.12000, 414.
19.13000, 483.
19.14000, 442.
19.15000, 434.
19.16000, 437.
19.17000, 423.
19.18000, 383.
19.19000, 385.
19.20000, 360.
19.21000, 376.
19.22000, 344.
19.23000, 333.
19.24000, 334.
19.25000, 331.
19.26000, 354.
19.27000, 289.
19.28000, 306.
19.29000, 313.
19.30000, 314.
19.31000, 303.
19.32000, 278.
19.33000, 257.
19.34000, 255.
19.35000, 273.
19.36000, 245.
19.37000, 266.
19.38000, 249.
19.39000, 268.
19.40000, 263.
19.41000, 260.
19.42000, 239.
19.43000, 224.
19.44000, 218.
19.45000, 211.
19.46000, 227.
19.47000, 226.
19.48000, 205.
19.49000, 196.
19.50000, 216.
19.51000, 212.
19.52000, 197.
19.53000, 160.
19.54000, 209.
19.55000, 185.
19.56000, 195.
19.57000, 166.
19.58000, 184.
19.59000, 187.
19.60000, 182.
19.61000, 163.
19.62000, 173.
19.63000, 190.
19.64000, 155.
19.65000, 155.
19.66000, 148.
19.67000, 167.
19.68000, 145.
19.69000, 151.
19.70000, 170.
19.71000, 151.
19.72000, 184.
19.73000, 160.
19.74000, 161.
19.75000, 160.
19.76000, 146.
19.77000, 181.
19.78000, 162.
19.79000, 172.
19.80000, 166.
19.81000, 160.
19.82000, 150.
19.83000, 188.
19.84000, 171.
19.85000, 168.
19.86000, 160.
19.87000, 179.
19.88000, 185.
19.89000, 193.
19.90000, 217.
19.91000, 239.
19.92000, 238.
19.93000, 259.
19.94000, 245.
19.95000, 266.
19.96000, 282.
19.97000, 294.
19.98000, 294.
19.99000, 345.
20.00000, 354.
20.01000, 379.
20.02000, 381.
20.03000, 393.
20.04000, 436.
20.05000, 414.
20.06000, 388.
20.07000, 430.
20.08000, 466.
20.09000, 498.
20.10000, 504.
20.11000, 466.
20.12000, 517.
20.13000, 541.
20.14000, 509.
20.15000, 533.
20.16000, 532.
20.17000, 525.
20.18000, 540.
20.19000, 500.
20.20000, 485.
20.21000, 450.
20.22000, 433.
20.23000, 511.
20.24000, 448.
20.25000, 376.
20.26000, 372.
20.27000, 364.
20.28000, 305.
20.29000, 310.
20.30000, 305.
20.31000, 258.
20.32000, 276.
20.33000, 253.
20.34000, 214.
20.35000, 216.
20.36000, 212.
20.37000, 196.
20.38000, 186.
20.39000, 151.
20.40000, 150.
20.41000, 159.
20.42000, 161.
20.43000, 150.
20.44000, 140.
20.45000, 159.
20.46000, 162.
20.47000, 159.
20.48000, 136.
20.49000, 154.
20.50000, 154.
20.51000, 153.
20.52000, 167.
20.53000, 119.
20.54000, 138.
20.55000, 160.
20.56000, 147.
20.57000, 149.
20.58000, 145.
20.59000, 164.
20.60000, 162.
20.61000, 172.
20.62000, 182.
20.63000, 175.
20.64000, 168.
20.65000, 158.
20.66000, 165.
20.67000, 166.
20.68000, 147.
20.69000, 156.
20.70000, 160.
20.71000, 181.
20.72000, 164.
20.73000, 177.
20.74000, 185.
20.75000, 162.
20.76000, 171.
20.77000, 177.
20.78000, 203.
20.79000, 201.
20.80000, 195.
20.81000, 188.
20.82000, 201.
20.83000, 193.
20.84000, 185.
20.85000, 221.
20.86000, 205.
20.87000, 228.
20.88000, 196.
20.89000, 202.
20.90000, 184.
20.91000, 212.
20.92000, 221.
20.93000, 209.
20.94000, 240.
20.95000, 223.
20.96000, 245.
20.97000, 201.
20.98000, 237.
20.99000, 246.
21.00000, 248.
21.01000, 226.
21.02000, 223.
21.03000, 220.
21.04000, 258.
21.05000, 254.
21.06000, 197.
21.07000, 213.
21.08000, 218.
21.09000, 228.
21.10000, 231.
21.11000, 214.
21.12000, 197.
21.13000, 213.
21.14000, 221.
21.15000, 191.
21.16000, 213.
21.17000, 205.
21.18000, 180.
21.19000, 194.
21.20000, 221.
21.21000, 205.
21.22000, 179.
21.23000, 178.
21.24000, 201.
21.25000, 173.
21.26000, 163.
21.27000, 176.
21.28000, 186.
21.29000, 153.
21.30000, 158.
21.31000, 170.
21.32000, 183.
21.33000, 189.
21.34000, 157.
21.35000, 153.
21.36000, 153.
21.37000, 169.
21.38000, 176.
21.39000, 139.
21.40000, 147.
21.41000, 140.
21.42000, 154.
21.43000, 150.
21.44000, 128.
21.45000, 165.
21.46000, 140.
21.47000, 128.
21.48000, 138.
21.49000, 145.
21.50000, 144.
21.51000, 130.
21.52000, 162.
21.53000, 120.
21.54000, 132.
21.55000, 116.
21.56000, 134.
21.57000, 110.
21.58000, 113.
21.59000, 105.
21.60000, 112.
21.61000, 100.
21.62000, 121.
21.63000, 117.
21.64000, 124.
21.65000, 111.
21.66000, 113.
21.67000, 116.
21.68000, 117.
21.69000, 86.
21.70000, 103.
21.71000, 100.
21.72000, 116.
21.73000, 112.
21.74000, 115.
21.75000, 96.
21.76000, 76.
21.77000, 94.
21.78000, 95.
21.79000, 111.
21.80000, 111.
21.81000, 90.
21.82000, 102.
21.83000, 112.
21.84000, 91.
21.85000, 100.
21.86000, 94.
21.87000, 90.
21.88000, 103.
21.89000, 96.
21.90000, 95.
21.91000, 96.
21.92000, 71.
21.93000, 97.
21.94000, 88.
21.95000, 104.
21.96000, 79.
21.97000, 93.
21.98000, 91.
21.99000, 92.
22.00000, 83.
22.01000, 82.
22.02000, 86.
22.03000, 100.
22.04000, 83.
22.05000, 84.
22.06000, 87.
22.07000, 78.
22.08000, 89.
22.09000, 86.
22.10000, 84.
22.11000, 64.
22.12000, 96.
22.13000, 85.
22.14000, 79.
22.15000, 75.
22.16000, 95.
22.17000, 102.
22.18000, 65.
22.19000, 74.
22.20000, 83.
22.21000, 91.
22.22000, 79.
22.23000, 83.
22.24000, 77.
22.25000, 83.
22.26000, 81.
22.27000, 76.
22.28000, 65.
22.29000, 66.
22.30000, 79.
22.31000, 66.
22.32000, 103.
22.33000, 76.
22.34000, 85.
22.35000, 80.
22.36000, 92.
22.37000, 65.
22.38000, 66.
22.39000, 90.
22.40000, 79.
22.41000, 67.
22.42000, 71.
22.43000, 67.
22.44000, 73.
22.45000, 75.
22.46000, 72.
22.47000, 83.
22.48000, 89.
22.49000, 87.
22.50000, 87.
22.51000, 87.
22.52000, 91.
22.53000, 89.
22.54000, 89.
22.55000, 112.
22.56000, 113.
22.57000, 88.
22.58000, 114.
22.59000, 119.
22.60000, 131.
22.61000, 133.
22.62000, 132.
22.63000, 104.
22.64000, 137.
22.65000, 123.
22.66000, 114.
22.67000, 127.
22.68000, 135.
22.69000, 119.
22.70000, 126.
22.71000, 129.
22.72000, 113.
22.73000, 135.
22.74000, 111.
22.75000, 135.
22.76000, 123.
22.77000, 114.
22.78000, 121.
22.79000, 110.
22.80000, 99.
22.81000, 94.
22.82000, 100.
22.83000, 75.
22.84000, 103.
22.85000, 94.
22.86000, 92.
22.87000, 68.
22.88000, 79.
22.89000, 80.
22.90000, 59.
22.91000, 63.
22.92000, 69.
22.93000, 87.
22.94000, 76.
22.95000, 70.
22.96000, 76.
22.97000, 72.
22.98000, 65.
22.99000, 73.
23.00000, 72.
23.01000, 72.
23.02000, 88.
23.03000, 79.
23.04000, 93.
23.05000, 84.
23.06000, 80.
23.07000, 80.
23.08000, 73.
23.09000, 72.
23.10000, 74.
23.11000, 78.
23.12000, 65.
23.13000, 65.
23.14000, 81.
23.15000, 61.
23.16000, 74.
23.17000, 75.
23.18000, 69.
23.19000, 64.
23.20000, 79.
23.21000, 56.
23.22000, 78.
23.23000, 54.
23.24000, 76.
23.25000, 72.
23.26000, 62.
23.27000, 77.
23.28000, 60.
23.29000, 69.
23.30000, 62.
23.31000, 74.
23.32000, 65.
23.33000, 58.
23.34000, 78.
23.35000, 61.
23.36000, 66.
23.37000, 58.
23.38000, 55.
23.39000, 66.
23.40000, 65.
23.41000, 64.
23.42000, 79.
23.43000, 56.
23.44000, 66.
23.45000, 66.
23.46000, 79.
23.47000, 61.
23.48000, 62.
23.49000, 71.
23.50000, 73.
23.51000, 52.
23.52000, 73.
23.53000, 64.
23.54000, 58.
23.55000, 68.
23.56000, 45.
23.57000, 72.
23.58000, 47.
23.59000, 69.
23.60000, 67.
23.61000, 53.
23.62000, 54.
23.63000, 58.
23.64000, 53.
23.65000, 64.
23.66000, 74.
23.67000, 69.
23.68000, 68.
23.69000, 66.
23.70000, 68.
23.71000, 51.
23.72000, 61.
23.73000, 69.
23.74000, 67.
23.75000, 75.
23.76000, 59.
23.77000, 53.
23.78000, 58.
23.79000, 72.
23.80000, 65.
23.81000, 76.
23.82000, 59.
23.83000, 71.
23.84000, 67.
23.85000, 71.
23.86000, 56.
23.87000, 56.
23.88000, 51.
23.89000, 56.
23.90000, 55.
23.91000, 52.
23.92000, 73.
23.93000, 63.
23.94000, 73.
23.95000, 48.
23.96000, 55.
23.97000, 51.
23.98000, 55.
23.99000, 63.
24.00000, 58.
24.01000, 62.
24.02000, 63.
24.03000, 66.
24.04000, 63.
24.05000, 60.
24.06000, 54.
24.07000, 49.
24.08000, 58.
24.09000, 61.
24.10000, 54.
24.11000, 62.
24.12000, 60.
24.13000, 65.
24.14000, 48.
24.15000, 63.
24.16000, 63.
24.17000, 60.
24.18000, 72.
24.19000, 67.
24.20000, 77.
24.21000, 63.
24.22000, 80.
24.23000, 50.
24.24000, 68.
24.25000, 62.
24.26000, 71.
24.27000, 61.
24.28000, 45.
24.29000, 64.
24.30000, 59.
24.31000, 53.
24.32000, 61.
24.33000, 49.
24.34000, 70.
24.35000, 62.
24.36000, 62.
24.37000, 62.
24.38000, 57.
24.39000, 54.
24.40000, 58.
24.41000, 58.
24.42000, 61.
24.43000, 56.
24.44000, 52.
24.45000, 47.
24.46000, 61.
24.47000, 58.
24.48000, 48.
24.49000, 64.
24.50000, 58.
24.51000, 68.
24.52000, 60.
24.53000, 54.
24.54000, 53.
24.55000, 54.
24.56000, 64.
24.57000, 70.
24.58000, 66.
24.59000, 47.
24.60000, 53.
24.61000, 60.
24.62000, 60.
24.63000, 60.
24.64000, 43.
24.65000, 65.
24.66000, 60.
24.67000, 65.
24.68000, 57.
24.69000, 56.
24.70000, 59.
24.71000, 59.
24.72000, 67.
24.73000, 52.
24.74000, 59.
24.75000, 59.
24.76000, 63.
24.77000, 53.
24.78000, 59.
24.79000, 69.
24.80000, 52.
24.81000, 49.
24.82000, 44.
24.83000, 58.
24.84000, 66.
24.85000, 47.
24.86000, 64.
24.87000, 58.
24.88000, 57.
24.89000, 61.
24.90000, 65.
24.91000, 67.
24.92000, 57.
24.93000, 71.
24.94000, 61.
24.95000, 63.
24.96000, 72.
24.97000, 72.
24.98000, 51.
24.99000, 60.
25.00000, 74.
25.01000, 58.
25.02000, 49.
25.03000, 77.
25.04000, 67.
25.05000, 54.
25.06000, 60.
25.07000, 62.
25.08000, 66.
25.09000, 60.
25.10000, 55.
25.11000, 61.
25.12000, 79.
25.13000, 76.
25.14000, 66.
25.15000, 61.
25.16000, 62.
25.17000, 55.
25.18000, 60.
25.19000, 64.
25.20000, 52.
25.21000, 70.
25.22000, 65.
25.23000, 64.
25.24000, 55.
25.25000, 65.
25.26000, 70.
25.27000, 57.
25.28000, 59.
25.29000, 61.
25.30000, 62.
25.31000, 67.
25.32000, 67.
25.33000, 54.
25.34000, 61.
25.35000, 62.
25.36000, 65.
25.37000, 46.
25.38000, 62.
25.39000, 63.
25.40000, 52.
25.41000, 55.
25.42000, 52.
25.43000, 65.
25.44000, 63.
25.45000, 46.
25.46000, 56.
25.47000, 73.
25.48000, 58.
25.49000, 57.
25.50000, 47.
25.51000, 55.
25.52000, 61.
25.53000, 54.
25.54000, 60.
25.55000, 63.
25.56000, 59.
25.57000, 58.
25.58000, 50.
25.59000, 47.
25.60000, 52.
25.61000, 52.
25.62000, 51.
25.63000, 70.
25.64000, 63.
25.65000, 53.
25.66000, 50.
25.67000, 54.
25.68000, 55.
25.69000, 56.
25.70000, 44.
25.71000, 47.
25.72000, 46.
25.73000, 59.
25.74000, 69.
25.75000, 66.
25.76000, 54.
25.77000, 53.
25.78000, 59.
25.79000, 47.
25.80000, 47.
25.81000, 64.
25.82000, 48.
25.83000, 64.
25.84000, 60.
25.85000, 41.
25.86000, 53.
25.87000, 69.
25.88000, 55.
25.89000, 50.
25.90000, 44.
25.91000, 51.
25.92000, 44.
25.93000, 53.
25.94000, 50.
25.95000, 47.
25.96000, 50.
25.97000, 46.
25.98000, 62.
25.99000, 54.
26.00000, 55.
26.01000, 57.
26.02000, 56.
26.03000, 44.
26.04000, 49.
26.05000, 60.
26.06000, 49.
26.07000, 44.
26.08000, 46.
26.09000, 62.
26.10000, 62.
26.11000, 55.
26.12000, 56.
26.13000, 50.
26.14000, 50.
26.15000, 49.
26.16000, 51.
26.17000, 49.
26.18000, 60.
26.19000, 58.
26.20000, 44.
26.21000, 50.
26.22000, 43.
26.23000, 47.
26.24000, 54.
26.25000, 46.
26.26000, 48.
26.27000, 56.
26.28000, 46.
26.29000, 48.
26.30000, 73.
26.31000, 61.
26.32000, 57.
26.33000, 45.
26.34000, 63.
26.35000, 67.
26.36000, 58.
26.37000, 60.
26.38000, 41.
26.39000, 56.
26.40000, 49.
26.41000, 73.
26.42000, 51.
26.43000, 49.
26.44000, 50.
26.45000, 63.
26.46000, 55.
26.47000, 44.
26.48000, 57.
26.49000, 49.
26.50000, 52.
26.51000, 45.
26.52000, 54.
26.53000, 53.
26.54000, 51.
26.55000, 51.
26.56000, 50.
26.57000, 47.
26.58000, 45.
26.59000, 59.
26.60000, 57.
26.61000, 56.
26.62000, 52.
26.63000, 52.
26.64000, 45.
26.65000, 42.
26.66000, 50.
26.67000, 56.
26.68000, 36.
26.69000, 53.
26.70000, 57.
26.71000, 44.
26.72000, 48.
26.73000, 41.
26.74000, 44.
26.75000, 49.
26.76000, 39.
26.77000, 46.
26.78000, 61.
26.79000, 52.
26.80000, 45.
26.81000, 44.
26.82000, 38.
26.83000, 40.
26.84000, 43.
26.85000, 41.
26.86000, 45.
26.87000, 46.
26.88000, 49.
26.89000, 39.
26.90000, 42.
26.91000, 45.
26.92000, 44.
26.93000, 45.
26.94000, 49.
26.95000, 51.
26.96000, 53.
26.97000, 58.
26.98000, 44.
26.99000, 52.
27.00000, 35.
27.01000, 51.
27.02000, 53.
27.03000, 53.
27.04000, 44.
27.05000, 42.
27.06000, 49.
27.07000, 51.
27.08000, 53.
27.09000, 37.
27.10000, 50.
27.11000, 48.
27.12000, 62.
27.13000, 49.
27.14000, 47.
27.15000, 59.
27.16000, 50.
27.17000, 38.
27.18000, 49.
27.19000, 43.
27.20000, 42.
27.21000, 50.
27.22000, 51.
27.23000, 55.
27.24000, 35.
27.25000, 46.
27.26000, 43.
27.27000, 41.
27.28000, 51.
27.29000, 42.
27.30000, 39.
27.31000, 38.
27.32000, 40.
27.33000, 49.
27.34000, 52.
27.35000, 45.
27.36000, 40.
27.37000, 51.
27.38000, 40.
27.39000, 50.
27.40000, 46.
27.41000, 42.
27.42000, 49.
27.43000, 64.
27.44000, 40.
27.45000, 47.
27.46000, 41.
27.47000, 43.
27.48000, 34.
27.49000, 45.
27.50000, 52.
27.51000, 58.
27.52000, 42.
27.53000, 47.
27.54000, 46.
27.55000, 52.
27.56000, 55.
27.57000, 47.
27.58000, 43.
27.59000, 38.
27.60000, 49.
27.61000, 36.
27.62000, 40.
27.63000, 34.
27.64000, 36.
27.65000, 47.
27.66000, 44.
27.67000, 37.
27.68000, 36.
27.69000, 44.
27.70000, 50.
27.71000, 43.
27.72000, 33.
27.73000, 42.
27.74000, 41.
27.75000, 37.
27.76000, 40.
27.77000, 42.
27.78000, 39.
27.79000, 41.
27.80000, 48.
27.81000, 54.
27.82000, 38.
27.83000, 38.
27.84000, 54.
27.85000, 41.
27.86000, 46.
27.87000, 54.
27.88000, 42.
27.89000, 40.
27.90000, 42.
27.91000, 36.
27.92000, 33.
27.93000, 56.
27.94000, 40.
27.95000, 37.
27.96000, 60.
27.97000, 36.
27.98000, 39.
27.99000, 33.
28.00000, 47.
28.01000, 35.
28.02000, 31.
28.03000, 33.
28.04000, 39.
28.05000, 45.
28.06000, 40.
28.07000, 44.
28.08000, 41.
28.09000, 35.
28.10000, 44.
28.11000, 47.
28.12000, 48.
28.13000, 60.
28.14000, 41.
28.15000, 38.
28.16000, 50.
28.17000, 32.
28.18000, 50.
28.19000, 28.
28.20000, 39.
28.21000, 39.
28.22000, 42.
28.23000, 33.
28.24000, 41.
28.25000, 50.
28.26000, 36.
28.27000, 52.
28.28000, 58.
28.29000, 40.
28.30000, 45.
28.31000, 39.
28.32000, 36.
28.33000, 40.
28.34000, 50.
28.35000, 38.
28.36000, 53.
28.37000, 39.
28.38000, 36.
28.39000, 51.
28.40000, 41.
28.41000, 49.
28.42000, 46.
28.43000, 47.
28.44000, 46.
28.45000, 37.
28.46000, 50.
28.47000, 45.
28.48000, 34.
28.49000, 49.
28.50000, 42.
28.51000, 40.
28.52000, 46.
28.53000, 48.
28.54000, 39.
28.55000, 47.
28.56000, 39.
28.57000, 46.
28.58000, 33.
28.59000, 34.
28.60000, 41.
28.61000, 48.
28.62000, 50.
28.63000, 46.
28.64000, 35.
28.65000, 29.
28.66000, 38.
28.67000, 36.
28.68000, 44.
28.69000, 43.
28.70000, 49.
28.71000, 36.
28.72000, 39.
28.73000, 45.
28.74000, 29.
28.75000, 46.
28.76000, 38.
28.77000, 46.
28.78000, 31.
28.79000, 36.
28.80000, 36.
28.81000, 24.
28.82000, 43.
28.83000, 36.
28.84000, 51.
28.85000, 29.
28.86000, 41.
28.87000, 38.
28.88000, 45.
28.89000, 41.
28.90000, 33.
28.91000, 43.
28.92000, 43.
28.93000, 42.
28.94000, 42.
28.95000, 28.
28.96000, 41.
28.97000, 29.
28.98000, 35.
28.99000, 31.
29.00000, 37.
29.01000, 23.
29.02000, 31.
29.03000, 33.
29.04000, 35.
29.05000, 39.
29.06000, 38.
29.07000, 40.
29.08000, 32.
29.09000, 36.
29.10000, 46.
29.11000, 40.
29.12000, 40.
29.13000, 35.
29.14000, 32.
29.15000, 36.
29.16000, 27.
29.17000, 33.
29.18000, 33.
29.19000, 44.
29.20000, 43.
29.21000, 40.
29.22000, 36.
29.23000, 29.
29.24000, 49.
29.25000, 38.
29.26000, 39.
29.27000, 35.
29.28000, 30.
29.29000, 37.
29.30000, 36.
29.31000, 27.
29.32000, 44.
29.33000, 48.
29.34000, 36.
29.35000, 27.
29.36000, 34.
29.37000, 30.
29.38000, 45.
29.39000, 40.
29.40000, 24.
29.41000, 45.
29.42000, 29.
29.43000, 36.
29.44000, 30.
29.45000, 36.
29.46000, 31.
29.47000, 30.
29.48000, 36.
29.49000, 48.
29.50000, 36.
29.51000, 34.
29.52000, 31.
29.53000, 25.
29.54000, 36.
29.55000, 42.
29.56000, 38.
29.57000, 34.
29.58000, 30.
29.59000, 34.
29.60000, 42.
29.61000, 37.
29.62000, 36.
29.63000, 35.
29.64000, 35.
29.65000, 37.
29.66000, 35.
29.67000, 34.
29.68000, 33.
29.69000, 28.
29.70000, 40.
29.71000, 32.
29.72000, 33.
29.73000, 36.
29.74000, 23.
29.75000, 30.
29.76000, 36.
29.77000, 28.
29.78000, 33.
29.79000, 35.
29.80000, 38.
29.81000, 30.
29.82000, 29.
29.83000, 25.
29.84000, 26.
29.85000, 35.
29.86000, 33.
29.87000, 25.
29.88000, 42.
29.89000, 28.
29.90000, 28.
29.91000, 34.
29.92000, 34.
29.93000, 32.
29.94000, 34.
29.95000, 37.
29.96000, 35.
29.97000, 35.
29.98000, 34.
29.99000, 32.
30.00000, 30.
30.01000, 34.
30.02000, 36.
30.03000, 36.
30.04000, 33.
30.05000, 25.
30.06000, 30.
30.07000, 24.
30.08000, 29.
30.09000, 28.
30.10000, 29.
30.11000, 37.
30.12000, 38.
30.13000, 26.
30.14000, 34.
30.15000, 37.
30.16000, 30.
30.17000, 27.
30.18000, 35.
30.19000, 36.
30.20000, 26.
30.21000, 36.
30.22000, 26.
30.23000, 29.
30.24000, 33.
30.25000, 33.
30.26000, 26.
30.27000, 37.
30.28000, 32.
30.29000, 28.
30.30000, 31.
30.31000, 28.
30.32000, 42.
30.33000, 25.
30.34000, 34.
30.35000, 35.
30.36000, 28.
30.37000, 26.
30.38000, 40.
30.39000, 29.
30.40000, 29.
30.41000, 29.
30.42000, 35.
30.43000, 26.
30.44000, 27.
30.45000, 34.
30.46000, 29.
30.47000, 35.
30.48000, 37.
30.49000, 36.
30.50000, 36.
30.51000, 21.
30.52000, 27.
30.53000, 32.
30.54000, 24.
30.55000, 34.
30.56000, 27.
30.57000, 21.
30.58000, 31.
30.59000, 19.
30.60000, 29.
30.61000, 25.
30.62000, 29.
30.63000, 25.
30.64000, 31.
30.65000, 24.
30.66000, 23.
30.67000, 39.
30.68000, 32.
30.69000, 25.
30.70000, 36.
30.71000, 27.
30.72000, 28.
30.73000, 39.
30.74000, 39.
30.75000, 40.
30.76000, 27.
30.77000, 33.
30.78000, 32.
30.79000, 31.
30.80000, 22.
30.81000, 20.
30.82000, 30.
30.83000, 31.
30.84000, 32.
30.85000, 26.
30.86000, 33.
30.87000, 29.
30.88000, 20.
30.89000, 25.
30.90000, 27.
30.91000, 28.
30.92000, 29.
30.93000, 28.
30.94000, 33.
30.95000, 22.
30.96000, 30.
30.97000, 32.
30.98000, 35.
30.99000, 37.
31.00000, 31.
31.01000, 22.
31.02000, 26.
31.03000, 35.
31.04000, 24.
31.05000, 36.
31.06000, 37.
31.07000, 32.
31.08000, 23.
31.09000, 34.
31.10000, 26.
31.11000, 32.
31.12000, 33.
31.13000, 31.
31.14000, 39.
31.15000, 28.
31.16000, 35.
31.17000, 34.
31.18000, 24.
31.19000, 23.
31.20000, 26.
31.21000, 27.
31.22000, 23.
31.23000, 25.
31.24000, 30.
31.25000, 35.
31.26000, 29.
31.27000, 24.
31.28000, 26.
31.29000, 18.
31.30000, 26.
31.31000, 33.
31.32000, 29.
31.33000, 29.
31.34000, 25.
31.35000, 38.
31.36000, 31.
31.37000, 29.
31.38000, 34.
31.39000, 31.
31.40000, 28.
31.41000, 29.
31.42000, 29.
31.43000, 20.
31.44000, 33.
31.45000, 25.
31.46000, 25.
31.47000, 26.
31.48000, 32.
31.49000, 30.
31.50000, 27.
31.51000, 28.
31.52000, 35.
31.53000, 30.
31.54000, 35.
31.55000, 35.
31.56000, 24.
31.57000, 28.
31.58000, 26.
31.59000, 28.
31.60000, 24.
31.61000, 31.
31.62000, 24.
31.63000, 28.
31.64000, 34.
31.65000, 33.
31.66000, 26.
31.67000, 35.
31.68000, 24.
31.69000, 29.
31.70000, 27.
31.71000, 30.
31.72000, 41.
31.73000, 34.
31.74000, 37.
31.75000, 23.
31.76000, 26.
31.77000, 28.
31.78000, 30.
31.79000, 31.
31.80000, 34.
31.81000, 25.
31.82000, 37.
31.83000, 26.
31.84000, 27.
31.85000, 26.
31.86000, 32.
31.87000, 30.
31.88000, 22.
31.89000, 26.
31.90000, 28.
31.91000, 26.
31.92000, 26.
31.93000, 26.
31.94000, 32.
31.95000, 27.
31.96000, 32.
31.97000, 22.
31.98000, 29.
31.99000, 24.
32.00000, 35.
32.01000, 31.
32.02000, 30.
32.03000, 25.
32.04000, 33.
32.05000, 27.
32.06000, 30.
32.07000, 35.
32.08000, 24.
32.09000, 29.
32.10000, 29.
32.11000, 36.
32.12000, 30.
32.13000, 31.
32.14000, 33.
32.15000, 32.
32.16000, 33.
32.17000, 28.
32.18000, 32.
32.19000, 40.
32.20000, 31.
32.21000, 40.
32.22000, 21.
32.23000, 21.
32.24000, 27.
32.25000, 26.
32.26000, 30.
32.27000, 27.
32.28000, 27.
32.29000, 24.
32.30000, 31.
32.31000, 28.
32.32000, 33.
32.33000, 28.
32.34000, 24.
32.35000, 25.
32.36000, 21.
32.37000, 19.
32.38000, 28.
32.39000, 20.
32.40000, 26.
32.41000, 20.
32.42000, 20.
32.43000, 28.
32.44000, 30.
32.45000, 30.
32.46000, 27.
32.47000, 23.
32.48000, 21.
32.49000, 24.
32.50000, 26.
32.51000, 23.
32.52000, 31.
32.53000, 28.
32.54000, 26.
32.55000, 31.
32.56000, 24.
32.57000, 18.
32.58000, 14.
32.59000, 24.
32.60000, 23.
32.61000, 35.
32.62000, 27.
32.63000, 14.
32.64000, 22.
32.65000, 25.
32.66000, 26.
32.67000, 21.
32.68000, 20.
32.69000, 19.
32.70000, 23.
32.71000, 24.
32.72000, 20.
32.73000, 25.
32.74000, 31.
32.75000, 25.
32.76000, 20.
32.77000, 18.
32.78000, 28.
32.79000, 19.
32.80000, 25.
32.81000, 30.
32.82000, 27.
32.83000, 24.
32.84000, 19.
32.85000, 21.
32.86000, 19.
32.87000, 21.
32.88000, 18.
32.89000, 15.
32.90000, 21.
32.91000, 26.
32.92000, 29.
32.93000, 31.
32.94000, 19.
32.95000, 25.
32.96000, 24.
32.97000, 16.
32.98000, 25.
32.99000, 18.
33.00000, 20.
33.01000, 13.
33.02000, 22.
33.03000, 22.
33.04000, 21.
33.05000, 23.
33.06000, 17.
33.07000, 25.
33.08000, 22.
33.09000, 22.
33.10000, 21.
33.11000, 20.
33.12000, 24.
33.13000, 20.
33.14000, 31.
33.15000, 15.
33.16000, 13.
33.17000, 17.
33.18000, 25.
33.19000, 16.
33.20000, 20.
33.21000, 19.
33.22000, 21.
33.23000, 23.
33.24000, 23.
33.25000, 29.
33.26000, 25.
33.27000, 16.
33.28000, 20.
33.29000, 24.
33.30000, 20.
33.31000, 19.
33.32000, 14.
33.33000, 14.
33.34000, 15.
33.35000, 20.
33.36000, 22.
33.37000, 19.
33.38000, 18.
33.39000, 20.
33.40000, 22.
33.41000, 22.
33.42000, 36.
33.43000, 16.
33.44000, 26.
33.45000, 29.
33.46000, 16.
33.47000, 21.
33.48000, 15.
33.49000, 19.
33.50000, 17.
33.51000, 18.
33.52000, 11.
33.53000, 22.
33.54000, 23.
33.55000, 21.
33.56000, 21.
33.57000, 19.
33.58000, 20.
33.59000, 25.
33.60000, 18.
33.61000, 25.
33.62000, 18.
33.63000, 20.
33.64000, 20.
33.65000, 18.
33.66000, 23.
33.67000, 15.
33.68000, 16.
33.69000, 16.
33.70000, 25.
33.71000, 15.
33.72000, 20.
33.73000, 20.
33.74000, 11.
33.75000, 16.
33.76000, 22.
33.77000, 16.
33.78000, 10.
33.79000, 14.
33.80000, 18.
33.81000, 14.
33.82000, 22.
33.83000, 18.
33.84000, 21.
33.85000, 26.
33.86000, 15.
33.87000, 16.
33.88000, 18.
33.89000, 16.
33.90000, 11.
33.91000, 16.
33.92000, 16.
33.93000, 20.
33.94000, 17.
33.95000, 19.
33.96000, 21.
33.97000, 9.
33.98000, 14.
33.99000, 24.
34.00000, 13.
34.01000, 22.
34.02000, 23.
34.03000, 20.
34.04000, 19.
34.05000, 15.
34.06000, 23.
34.07000, 21.
34.08000, 26.
34.09000, 18.
34.10000, 20.
34.11000, 15.
34.12000, 24.
34.13000, 13.
34.14000, 15.
34.15000, 19.
34.16000, 26.
34.17000, 20.
34.18000, 17.
34.19000, 10.
34.20000, 21.
34.21000, 20.
34.22000, 13.
34.23000, 12.
34.24000, 16.
34.25000, 23.
34.26000, 17.
34.27000, 24.
34.28000, 20.
34.29000, 15.
34.30000, 23.
34.31000, 20.
34.32000, 18.
34.33000, 20.
34.34000, 14.
34.35000, 11.
34.36000, 13.
34.37000, 26.
34.38000, 17.
34.39000, 20.
34.40000, 23.
34.41000, 18.
34.42000, 20.
34.43000, 16.
34.44000, 12.
34.45000, 17.
34.46000, 19.
34.47000, 16.
34.48000, 13.
34.49000, 25.
34.50000, 23.
34.51000, 15.
34.52000, 19.
34.53000, 19.
34.54000, 21.
34.55000, 20.
34.56000, 24.
34.57000, 19.
34.58000, 15.
34.59000, 20.
34.60000, 16.
34.61000, 15.
34.62000, 17.
34.63000, 11.
34.64000, 10.
34.65000, 19.
34.66000, 14.
34.67000, 20.
34.68000, 18.
34.69000, 14.
34.70000, 14.
34.71000, 13.
34.72000, 14.
34.73000, 16.
34.74000, 13.
34.75000, 20.
34.76000, 22.
34.77000, 14.
34.78000, 16.
34.79000, 16.
34.80000, 10.
34.81000, 19.
34.82000, 15.
34.83000, 18.
34.84000, 21.
34.85000, 20.
34.86000, 18.
34.87000, 12.
34.88000, 18.
34.89000, 19.
34.90000, 15.
34.91000, 28.
34.92000, 8.
34.93000, 14.
34.94000, 14.
34.95000, 14.
34.96000, 22.
34.97000, 17.
34.98000, 17.
34.99000, 15.
35.00000, 17.
35.01000, 12.
35.02000, 15.
35.03000, 16.
35.04000, 19.
35.05000, 10.
35.06000, 14.
35.07000, 14.
35.08000, 14.
35.09000, 20.
35.10000, 19.
35.11000, 14.
35.12000, 21.
35.13000, 19.
35.14000, 16.
35.15000, 9.
35.16000, 22.
35.17000, 18.
35.18000, 13.
35.19000, 12.
35.20000, 14.
35.21000, 24.
35.22000, 11.
35.23000, 13.
35.24000, 14.
35.25000, 11.
35.26000, 16.
35.27000, 23.
35.28000, 13.
35.29000, 16.
35.30000, 10.
35.31000, 18.
35.32000, 16.
35.33000, 8.
35.34000, 7.
35.35000, 16.
35.36000, 19.
35.37000, 13.
35.38000, 13.
35.39000, 19.
35.40000, 8.
35.41000, 15.
35.42000, 18.
35.43000, 19.
35.44000, 16.
35.45000, 19.
35.46000, 15.
35.47000, 14.
35.48000, 15.
35.49000, 11.
35.50000, 17.
35.51000, 7.
35.52000, 8.
35.53000, 14.
35.54000, 17.
35.55000, 18.
35.56000, 14.
35.57000, 17.
35.58000, 10.
35.59000, 19.
35.60000, 10.
35.61000, 12.
35.62000, 12.
35.63000, 19.
35.64000, 10.
35.65000, 15.
35.66000, 12.
35.67000, 10.
35.68000, 18.
35.69000, 10.
35.70000, 11.
35.71000, 19.
35.72000, 14.
35.73000, 13.
35.74000, 13.
35.75000, 22.
35.76000, 18.
35.77000, 9.
35.78000, 16.
35.79000, 14.
35.80000, 11.
35.81000, 13.
35.82000, 15.
35.83000, 9.
35.84000, 10.
35.85000, 11.
35.86000, 12.
35.87000, 15.
35.88000, 15.
35.89000, 17.
35.90000, 12.
35.91000, 19.
35.92000, 20.
35.93000, 16.
35.94000, 15.
35.95000, 10.
35.96000, 11.
35.97000, 15.
35.98000, 20.
35.99000, 15.
36.00000, 15.
36.01000, 18.
36.02000, 16.
36.03000, 8.
36.04000, 17.
36.05000, 16.
36.06000, 10.
36.07000, 9.
36.08000, 12.
36.09000, 14.
36.10000, 14.
36.11000, 10.
36.12000, 10.
36.13000, 12.
36.14000, 15.
36.15000, 13.
36.16000, 14.
36.17000, 16.
36.18000, 15.
36.19000, 17.
36.20000, 12.
36.21000, 10.
36.22000, 18.
36.23000, 9.
36.24000, 11.
36.25000, 25.
36.26000, 8.
36.27000, 14.
36.28000, 15.
36.29000, 9.
36.30000, 18.
36.31000, 7.
36.32000, 5.
36.33000, 16.
36.34000, 12.
36.35000, 18.
36.36000, 11.
36.37000, 10.
36.38000, 10.
36.39000, 12.
36.40000, 9.
36.41000, 15.
36.42000, 17.
36.43000, 20.
36.44000, 7.
36.45000, 8.
36.46000, 17.
36.47000, 5.
36.48000, 7.
36.49000, 6.
36.50000, 5.
36.51000, 10.
36.52000, 10.
36.53000, 17.
36.54000, 19.
36.55000, 10.
36.56000, 15.
36.57000, 8.
36.58000, 8.
36.59000, 8.
36.60000, 10.
36.61000, 11.
36.62000, 7.
36.63000, 11.
36.64000, 10.
36.65000, 19.
36.66000, 13.
36.67000, 8.
36.68000, 10.
36.69000, 12.
36.70000, 12.
36.71000, 5.
36.72000, 6.
36.73000, 8.
36.74000, 11.
36.75000, 12.
36.76000, 10.
36.77000, 9.
36.78000, 10.
36.79000, 9.
36.80000, 11.
36.81000, 8.
36.82000, 15.
36.83000, 11.
36.84000, 10.
36.85000, 14.
36.86000, 13.
36.87000, 8.
36.88000, 13.
36.89000, 14.
36.90000, 15.
36.91000, 11.
36.92000, 13.
36.93000, 13.
36.94000, 12.
36.95000, 11.
36.96000, 12.
36.97000, 22.
36.98000, 11.
36.99000, 12.
37.00000, 8.
37.01000, 8.
37.02000, 10.
37.03000, 14.
37.04000, 10.
37.05000, 11.
37.06000, 18.
37.07000, 12.
37.08000, 11.
37.09000, 9.
37.10000, 17.
37.11000, 12.
37.12000, 8.
37.13000, 8.
37.14000, 12.
37.15000, 15.
37.16000, 16.
37.17000, 13.
37.18000, 11.
37.19000, 11.
37.20000, 7.
37.21000, 18.
37.22000, 15.
37.23000, 18.
37.24000, 10.
37.25000, 10.
37.26000, 13.
37.27000, 14.
37.28000, 13.
37.29000, 15.
37.30000, 6.
37.31000, 13.
37.32000, 11.
37.33000, 16.
37.34000, 12.
37.35000, 8.
37.36000, 6.
37.37000, 12.
37.38000, 9.
37.39000, 15.
37.40000, 8.
37.41000, 14.
37.42000, 8.
37.43000, 15.
37.44000, 13.
37.45000, 9.
37.46000, 7.
37.47000, 7.
37.48000, 14.
37.49000, 13.
37.50000, 13.
37.51000, 13.
37.52000, 11.
37.53000, 9.
37.54000, 10.
37.55000, 12.
37.56000, 14.
37.57000, 10.
37.58000, 10.
37.59000, 6.
37.60000, 7.
37.61000, 9.
37.62000, 12.
37.63000, 8.
37.64000, 8.
37.65000, 12.
37.66000, 12.
37.67000, 6.
37.68000, 9.
37.69000, 18.
37.70000, 10.
37.71000, 10.
37.72000, 10.
37.73000, 11.
37.74000, 8.
37.75000, 5.
37.76000, 9.
37.77000, 14.
37.78000, 10.
37.79000, 12.
37.80000, 6.
37.81000, 15.
37.82000, 9.
37.83000, 11.
37.84000, 19.
37.85000, 14.
37.86000, 6.
37.87000, 8.
37.88000, 12.
37.89000, 6.
37.90000, 10.
37.91000, 14.
37.92000, 9.
37.93000, 9.
37.94000, 7.
37.95000, 14.
37.96000, 9.
37.97000, 9.
37.98000, 10.
37.99000, 8.
38.00000, 13.
38.01000, 6.
38.02000, 13.
38.03000, 7.
38.04000, 12.
38.05000, 11.
38.06000, 8.
38.07000, 5.
38.08000, 11.
38.09000, 9.
38.10000, 6.
38.11000, 9.
38.12000, 9.
38.13000, 15.
38.14000, 5.
38.15000, 11.
38.16000, 6.
38.17000, 6.
38.18000, 17.
38.19000, 5.
38.20000, 5.
38.21000, 11.
38.22000, 5.
38.23000, 4.
38.24000, 9.
38.25000, 11.
38.26000, 6.
38.27000, 5.
38.28000, 8.
38.29000, 6.
38.30000, 2.
38.31000, 5.
38.32000, 12.
38.33000, 5.
38.34000, 12.
38.35000, 6.
38.36000, 8.
38.37000, 9.
38.38000, 10.
38.39000, 3.
38.40000, 8.
38.41000, 10.
38.42000, 12.
38.43000, 7.
38.44000, 10.
38.45000, 8.
38.46000, 7.
38.47000, 6.
38.48000, 2.
38.49000, 3.
38.50000, 4.
38.51000, 11.
38.52000, 9.
38.53000, 9.
38.54000, 2.
38.55000, 7.
38.56000, 5.
38.57000, 10.
38.58000, 8.
38.59000, 9.
38.60000, 8.
38.61000, 9.
38.62000, 9.
38.63000, 10.
38.64000, 8.
38.65000, 7.
38.66000, 9.
38.67000, 6.
38.68000, 9.
38.69000, 10.
38.70000, 8.
38.71000, 9.
38.72000, 2.
38.73000, 9.
38.74000, 4.
38.75000, 12.
38.76000, 5.
38.77000, 7.
38.78000, 11.
38.79000, 11.
38.80000, 7.
38.81000, 8.
38.82000, 8.
38.83000, 6.
38.84000, 4.
38.85000, 7.
38.86000, 5.
38.87000, 10.
38.88000, 8.
38.89000, 5.
38.90000, 9.
38.91000, 8.
38.92000, 4.
38.93000, 10.
38.94000, 8.
38.95000, 9.
38.96000, 7.
38.97000, 8.
38.98000, 8.
38.99000, 7.
39.00000, 8.
39.01000, 5.
39.02000, 4.
39.03000, 10.
39.04000, 4.
39.05000, 7.
39.06000, 11.
39.07000, 4.
39.08000, 9.
39.09000, 12.
39.10000, 10.
39.11000, 5.
39.12000, 15.
39.13000, 7.
39.14000, 9.
39.15000, 3.
39.16000, 3.
39.17000, 8.
39.18000, 5.
39.19000, 10.
39.20000, 5.
39.21000, 6.
39.22000, 6.
39.23000, 6.
39.24000, 4.
39.25000, 4.
39.26000, 8.
39.27000, 7.
39.28000, 4.
39.29000, 8.
39.30000, 5.
39.31000, 8.
39.32000, 6.
39.33000, 5.
39.34000, 8.
39.35000, 10.
39.36000, 12.
39.37000, 8.
39.38000, 5.
39.39000, 8.
39.40000, 6.
39.41000, 6.
39.42000, 7.
39.43000, 8.
39.44000, 8.
39.45000, 5.
39.46000, 4.
39.47000, 5.
39.48000, 9.
39.49000, 4.
39.50000, 8.
39.51000, 6.
39.52000, 4.
39.53000, 6.
39.54000, 8.
39.55000, 4.
39.56000, 4.
39.57000, 7.
39.58000, 5.
39.59000, 5.
39.60000, 8.
39.61000, 6.
39.62000, 8.
39.63000, 8.
39.64000, 4.
39.65000, 7.
39.66000, 6.
39.67000, 5.
39.68000, 3.
39.69000, 3.
39.70000, 6.
39.71000, 8.
39.72000, 7.
39.73000, 7.
39.74000, 7.
39.75000, 6.
39.76000, 6.
39.77000, 2.
39.78000, 5.
39.79000, 6.
39.80000, 5.
39.81000, 8.
39.82000, 4.
39.83000, 11.
39.84000, 7.
39.85000, 8.
39.86000, 6.
39.87000, 3.
39.88000, 3.
39.89000, 6.
39.90000, 5.
39.91000, 8.
39.92000, 4.
39.93000, 5.
39.94000, 8.
39.95000, 5.
39.96000, 8.
39.97000, 4.
39.98000, 5.
39.99000, 3.
40.00000, 5.
40.01000, 4.
40.02000, 4.
40.03000, 4.
40.04000, 4.
40.05000, 5.
40.06000, 1.
40.07000, 6.
40.08000, 5.
40.09000, 5.
40.10000, 5.
40.11000, 3.
40.12000, 4.
40.13000, 4.
40.14000, 7.
40.15000, 3.
40.16000, 6.
40.17000, 4.
40.18000, 5.
40.19000, 6.
40.20000, 4.
40.21000, 1.
40.22000, 3.
40.23000, 3.
40.24000, 5.
40.25000, 5.
40.26000, 2.
40.27000, 5.
40.28000, 0.
40.29000, 0.
40.30000, 3.
40.31000, 8.
40.32000, 7.
40.33000, 5.
40.34000, 6.
40.35000, 9.
40.36000, 3.
40.37000, 7.
40.38000, 5.
40.39000, 2.
40.40000, 4.
40.41000, 3.
40.42000, 5.
40.43000, 4.
40.44000, 6.
40.45000, 1.
40.46000, 1.
40.47000, 7.
40.48000, 8.
40.49000, 6.
40.50000, 5.
40.51000, 5.
40.52000, 5.
40.53000, 6.
40.54000, 4.
40.55000, 0.
#ENDOFDATA   : 
