#FORMAT      : EMSA/MAS Spectral Data File
#VERSION     : 1.0
#TITLE       : Spectrum 19
#DATE        : 21-AUG-2025
#TIME        : 15:23
#OWNER       : XGT7200
#NPOINTS     : 4096.
#NCOLUMNS    : 1.
#XUNITS      : keV
#YUNITS      : counts
#DATATYPE    : XY
#XPERCHAN    : 0.0100000
#OFFSET      : -0.400000
#SIGNALTYPE  : EDS
#CHOFFSET    : 40.0000
#LIVETIME    : 30.000000
#REALTIME    : 39.480272
#BEAMKV      : 50.0000
#PROBECUR    : 680000.
#MAGCAM      : 100.000
#XTILTSTGE   : 0.0
#AZIMANGLE   : 0.0
#ELEVANGLE   : 45.0
#XPOSITION mm: 0.0000
#YPOSITION mm: 0.0000
#ZPOSITION mm: 0.0000
##OXINSTPT   : 4
##OXINSTSTROB: 72.12
#SPECTRUM    : Spectral Data Starts Here
-0.40000, 0.
-0.39000, 0.
-0.38000, 0.
-0.37000, 0.
-0.36000, 0.
-0.35000, 0.
-0.34000, 0.
-0.33000, 0.
-0.32000, 0.
-0.31000, 0.
-0.30000, 0.
-0.29000, 0.
-0.28000, 0.
-0.27000, 0.
-0.26000, 0.
-0.25000, 0.
-0.24000, 0.
-0.23000, 0.
-0.22000, 0.
-0.21000, 0.
-0.20000, 0.
-0.19000, 0.
-0.18000, 0.
-0.17000, 0.
-0.16000, 0.
-0.15000, 0.
-0.14000, 0.
-0.13000, 0.
-0.12000, 0.
-0.11000, 0.
-0.10000, 0.
-0.09000, 0.
-0.08000, 0.
-0.07000, 0.
-0.06000, 0.
-0.05000, 0.
-0.04000, 0.
-0.03000, 0.
-0.02000, 0.
-0.01000, 0.
0.00000, 0.
0.01000, 0.
0.02000, 0.
0.03000, 0.
0.04000, 0.
0.05000, 0.
0.06000, 0.
0.07000, 0.
0.08000, 0.
0.09000, 0.
0.10000, 0.
0.11000, 0.
0.12000, 0.
0.13000, 0.
0.14000, 0.
0.15000, 0.
0.16000, 0.
0.17000, 0.
0.18000, 0.
0.19000, 0.
0.20000, 0.
0.21000, 0.
0.22000, 0.
0.23000, 0.
0.24000, 0.
0.25000, 0.
0.26000, 0.
0.27000, 0.
0.28000, 0.
0.29000, 0.
0.30000, 0.
0.31000, 0.
0.32000, 4.
0.33000, 1.
0.34000, 0.
0.35000, 1.
0.36000, 2.
0.37000, 6.
0.38000, 13.
0.39000, 18.
0.40000, 26.
0.41000, 27.
0.42000, 32.
0.43000, 34.
0.44000, 41.
0.45000, 37.
0.46000, 47.
0.47000, 41.
0.48000, 30.
0.49000, 31.
0.50000, 52.
0.51000, 43.
0.52000, 35.
0.53000, 41.
0.54000, 34.
0.55000, 40.
0.56000, 25.
0.57000, 40.
0.58000, 36.
0.59000, 47.
0.60000, 27.
0.61000, 40.
0.62000, 39.
0.63000, 33.
0.64000, 41.
0.65000, 34.
0.66000, 35.
0.67000, 44.
0.68000, 37.
0.69000, 32.
0.70000, 34.
0.71000, 36.
0.72000, 33.
0.73000, 27.
0.74000, 27.
0.75000, 31.
0.76000, 46.
0.77000, 27.
0.78000, 41.
0.79000, 39.
0.80000, 38.
0.81000, 32.
0.82000, 35.
0.83000, 33.
0.84000, 33.
0.85000, 40.
0.86000, 43.
0.87000, 45.
0.88000, 32.
0.89000, 30.
0.90000, 35.
0.91000, 34.
0.92000, 37.
0.93000, 33.
0.94000, 55.
0.95000, 45.
0.96000, 53.
0.97000, 49.
0.98000, 37.
0.99000, 39.
1.00000, 62.
1.01000, 37.
1.02000, 44.
1.03000, 44.
1.04000, 45.
1.05000, 50.
1.06000, 39.
1.07000, 35.
1.08000, 34.
1.09000, 36.
1.10000, 37.
1.11000, 41.
1.12000, 39.
1.13000, 36.
1.14000, 33.
1.15000, 42.
1.16000, 34.
1.17000, 42.
1.18000, 44.
1.19000, 41.
1.20000, 52.
1.21000, 73.
1.22000, 67.
1.23000, 69.
1.24000, 83.
1.25000, 83.
1.26000, 105.
1.27000, 91.
1.28000, 105.
1.29000, 83.
1.30000, 74.
1.31000, 60.
1.32000, 50.
1.33000, 39.
1.34000, 47.
1.35000, 36.
1.36000, 42.
1.37000, 52.
1.38000, 57.
1.39000, 73.
1.40000, 102.
1.41000, 129.
1.42000, 223.
1.43000, 274.
1.44000, 423.
1.45000, 567.
1.46000, 668.
1.47000, 776.
1.48000, 881.
1.49000, 833.
1.50000, 873.
1.51000, 781.
1.52000, 704.
1.53000, 559.
1.54000, 464.
1.55000, 363.
1.56000, 296.
1.57000, 203.
1.58000, 154.
1.59000, 143.
1.60000, 116.
1.61000, 105.
1.62000, 140.
1.63000, 174.
1.64000, 279.
1.65000, 436.
1.66000, 716.
1.67000, 1148.
1.68000, 1612.
1.69000, 2292.
1.70000, 3068.
1.71000, 3847.
1.72000, 4507.
1.73000, 4987.
1.74000, 5377.
1.75000, 5613.
1.76000, 5212.
1.77000, 4751.
1.78000, 3976.
1.79000, 3384.
1.80000, 2641.
1.81000, 1948.
1.82000, 1369.
1.83000, 973.
1.84000, 748.
1.85000, 551.
1.86000, 379.
1.87000, 289.
1.88000, 228.
1.89000, 166.
1.90000, 156.
1.91000, 124.
1.92000, 98.
1.93000, 73.
1.94000, 64.
1.95000, 76.
1.96000, 86.
1.97000, 94.
1.98000, 98.
1.99000, 93.
2.00000, 107.
2.01000, 114.
2.02000, 109.
2.03000, 111.
2.04000, 109.
2.05000, 93.
2.06000, 60.
2.07000, 56.
2.08000, 52.
2.09000, 42.
2.10000, 37.
2.11000, 47.
2.12000, 31.
2.13000, 34.
2.14000, 38.
2.15000, 32.
2.16000, 36.
2.17000, 31.
2.18000, 27.
2.19000, 34.
2.20000, 29.
2.21000, 40.
2.22000, 34.
2.23000, 34.
2.24000, 38.
2.25000, 49.
2.26000, 54.
2.27000, 51.
2.28000, 78.
2.29000, 77.
2.30000, 78.
2.31000, 71.
2.32000, 76.
2.33000, 77.
2.34000, 67.
2.35000, 63.
2.36000, 52.
2.37000, 50.
2.38000, 56.
2.39000, 43.
2.40000, 43.
2.41000, 33.
2.42000, 42.
2.43000, 40.
2.44000, 34.
2.45000, 39.
2.46000, 31.
2.47000, 27.
2.48000, 45.
2.49000, 34.
2.50000, 37.
2.51000, 42.
2.52000, 43.
2.53000, 43.
2.54000, 38.
2.55000, 42.
2.56000, 56.
2.57000, 61.
2.58000, 52.
2.59000, 71.
2.60000, 95.
2.61000, 129.
2.62000, 138.
2.63000, 193.
2.64000, 246.
2.65000, 317.
2.66000, 357.
2.67000, 404.
2.68000, 445.
2.69000, 497.
2.70000, 468.
2.71000, 434.
2.72000, 474.
2.73000, 463.
2.74000, 382.
2.75000, 341.
2.76000, 298.
2.77000, 289.
2.78000, 235.
2.79000, 243.
2.80000, 205.
2.81000, 260.
2.82000, 267.
2.83000, 272.
2.84000, 282.
2.85000, 272.
2.86000, 215.
2.87000, 264.
2.88000, 248.
2.89000, 207.
2.90000, 159.
2.91000, 162.
2.92000, 136.
2.93000, 101.
2.94000, 110.
2.95000, 101.
2.96000, 78.
2.97000, 84.
2.98000, 69.
2.99000, 76.
3.00000, 51.
3.01000, 66.
3.02000, 54.
3.03000, 41.
3.04000, 48.
3.05000, 34.
3.06000, 50.
3.07000, 43.
3.08000, 33.
3.09000, 36.
3.10000, 38.
3.11000, 30.
3.12000, 32.
3.13000, 33.
3.14000, 41.
3.15000, 31.
3.16000, 36.
3.17000, 50.
3.18000, 47.
3.19000, 54.
3.20000, 84.
3.21000, 114.
3.22000, 155.
3.23000, 181.
3.24000, 230.
3.25000, 328.
3.26000, 380.
3.27000, 462.
3.28000, 598.
3.29000, 623.
3.30000, 744.
3.31000, 739.
3.32000, 736.
3.33000, 715.
3.34000, 675.
3.35000, 592.
3.36000, 556.
3.37000, 477.
3.38000, 395.
3.39000, 286.
3.40000, 220.
3.41000, 159.
3.42000, 94.
3.43000, 95.
3.44000, 59.
3.45000, 58.
3.46000, 50.
3.47000, 53.
3.48000, 50.
3.49000, 65.
3.50000, 63.
3.51000, 64.
3.52000, 96.
3.53000, 101.
3.54000, 137.
3.55000, 122.
3.56000, 170.
3.57000, 208.
3.58000, 323.
3.59000, 381.
3.60000, 447.
3.61000, 654.
3.62000, 818.
3.63000, 980.
3.64000, 1191.
3.65000, 1478.
3.66000, 1790.
3.67000, 1920.
3.68000, 1990.
3.69000, 1988.
3.70000, 2041.
3.71000, 2020.
3.72000, 1842.
3.73000, 1630.
3.74000, 1406.
3.75000, 1112.
3.76000, 1004.
3.77000, 670.
3.78000, 517.
3.79000, 366.
3.80000, 275.
3.81000, 186.
3.82000, 140.
3.83000, 78.
3.84000, 67.
3.85000, 51.
3.86000, 42.
3.87000, 52.
3.88000, 46.
3.89000, 39.
3.90000, 58.
3.91000, 77.
3.92000, 87.
3.93000, 126.
3.94000, 139.
3.95000, 163.
3.96000, 216.
3.97000, 216.
3.98000, 240.
3.99000, 292.
4.00000, 306.
4.01000, 339.
4.02000, 318.
4.03000, 329.
4.04000, 310.
4.05000, 275.
4.06000, 258.
4.07000, 228.
4.08000, 168.
4.09000, 176.
4.10000, 103.
4.11000, 91.
4.12000, 70.
4.13000, 43.
4.14000, 46.
4.15000, 42.
4.16000, 46.
4.17000, 33.
4.18000, 37.
4.19000, 30.
4.20000, 23.
4.21000, 25.
4.22000, 24.
4.23000, 35.
4.24000, 34.
4.25000, 22.
4.26000, 34.
4.27000, 33.
4.28000, 33.
4.29000, 29.
4.30000, 24.
4.31000, 35.
4.32000, 42.
4.33000, 40.
4.34000, 34.
4.35000, 42.
4.36000, 52.
4.37000, 65.
4.38000, 77.
4.39000, 69.
4.40000, 115.
4.41000, 117.
4.42000, 128.
4.43000, 207.
4.44000, 249.
4.45000, 323.
4.46000, 363.
4.47000, 426.
4.48000, 454.
4.49000, 547.
4.50000, 521.
4.51000, 521.
4.52000, 541.
4.53000, 528.
4.54000, 459.
4.55000, 433.
4.56000, 372.
4.57000, 353.
4.58000, 304.
4.59000, 233.
4.60000, 193.
4.61000, 193.
4.62000, 161.
4.63000, 166.
4.64000, 126.
4.65000, 130.
4.66000, 113.
4.67000, 116.
4.68000, 100.
4.69000, 92.
4.70000, 93.
4.71000, 90.
4.72000, 65.
4.73000, 78.
4.74000, 65.
4.75000, 57.
4.76000, 64.
4.77000, 67.
4.78000, 69.
4.79000, 62.
4.80000, 68.
4.81000, 73.
4.82000, 94.
4.83000, 66.
4.84000, 89.
4.85000, 99.
4.86000, 90.
4.87000, 111.
4.88000, 115.
4.89000, 129.
4.90000, 118.
4.91000, 121.
4.92000, 157.
4.93000, 136.
4.94000, 146.
4.95000, 148.
4.96000, 127.
4.97000, 149.
4.98000, 133.
4.99000, 113.
5.00000, 95.
5.01000, 106.
5.02000, 78.
5.03000, 66.
5.04000, 77.
5.05000, 62.
5.06000, 69.
5.07000, 70.
5.08000, 48.
5.09000, 58.
5.10000, 46.
5.11000, 53.
5.12000, 65.
5.13000, 59.
5.14000, 49.
5.15000, 56.
5.16000, 62.
5.17000, 62.
5.18000, 56.
5.19000, 67.
5.20000, 53.
5.21000, 59.
5.22000, 55.
5.23000, 62.
5.24000, 63.
5.25000, 59.
5.26000, 69.
5.27000, 71.
5.28000, 72.
5.29000, 53.
5.30000, 74.
5.31000, 57.
5.32000, 64.
5.33000, 58.
5.34000, 79.
5.35000, 74.
5.36000, 78.
5.37000, 64.
5.38000, 69.
5.39000, 81.
5.40000, 84.
5.41000, 69.
5.42000, 66.
5.43000, 54.
5.44000, 83.
5.45000, 71.
5.46000, 74.
5.47000, 84.
5.48000, 63.
5.49000, 71.
5.50000, 69.
5.51000, 69.
5.52000, 72.
5.53000, 49.
5.54000, 62.
5.55000, 54.
5.56000, 69.
5.57000, 48.
5.58000, 50.
5.59000, 39.
5.60000, 55.
5.61000, 54.
5.62000, 52.
5.63000, 59.
5.64000, 47.
5.65000, 49.
5.66000, 46.
5.67000, 55.
5.68000, 64.
5.69000, 52.
5.70000, 52.
5.71000, 42.
5.72000, 46.
5.73000, 67.
5.74000, 56.
5.75000, 71.
5.76000, 65.
5.77000, 72.
5.78000, 94.
5.79000, 98.
5.80000, 113.
5.81000, 139.
5.82000, 180.
5.83000, 221.
5.84000, 216.
5.85000, 250.
5.86000, 270.
5.87000, 309.
5.88000, 335.
5.89000, 339.
5.90000, 350.
5.91000, 348.
5.92000, 326.
5.93000, 280.
5.94000, 272.
5.95000, 240.
5.96000, 211.
5.97000, 192.
5.98000, 159.
5.99000, 137.
6.00000, 132.
6.01000, 111.
6.02000, 116.
6.03000, 90.
6.04000, 93.
6.05000, 90.
6.06000, 90.
6.07000, 74.
6.08000, 77.
6.09000, 101.
6.10000, 93.
6.11000, 88.
6.12000, 104.
6.13000, 90.
6.14000, 123.
6.15000, 110.
6.16000, 99.
6.17000, 139.
6.18000, 125.
6.19000, 196.
6.20000, 197.
6.21000, 306.
6.22000, 361.
6.23000, 500.
6.24000, 750.
6.25000, 1073.
6.26000, 1370.
6.27000, 1899.
6.28000, 2678.
6.29000, 3505.
6.30000, 4620.
6.31000, 5845.
6.32000, 7226.
6.33000, 8991.
6.34000, 10400.
6.35000, 12268.
6.36000, 13893.
6.37000, 15000.
6.38000, 16164.
6.39000, 16761.
6.40000, 16967.
6.41000, 16586.
6.42000, 15934.
6.43000, 14697.
6.44000, 13504.
6.45000, 12007.
6.46000, 10527.
6.47000, 8768.
6.48000, 7212.
6.49000, 5725.
6.50000, 4519.
6.51000, 3485.
6.52000, 2562.
6.53000, 1907.
6.54000, 1290.
6.55000, 934.
6.56000, 646.
6.57000, 476.
6.58000, 342.
6.59000, 268.
6.60000, 164.
6.61000, 143.
6.62000, 157.
6.63000, 133.
6.64000, 119.
6.65000, 112.
6.66000, 102.
6.67000, 95.
6.68000, 98.
6.69000, 107.
6.70000, 101.
6.71000, 95.
6.72000, 104.
6.73000, 109.
6.74000, 122.
6.75000, 105.
6.76000, 106.
6.77000, 106.
6.78000, 113.
6.79000, 111.
6.80000, 128.
6.81000, 110.
6.82000, 144.
6.83000, 121.
6.84000, 129.
6.85000, 149.
6.86000, 167.
6.87000, 202.
6.88000, 215.
6.89000, 269.
6.90000, 331.
6.91000, 367.
6.92000, 448.
6.93000, 534.
6.94000, 715.
6.95000, 898.
6.96000, 1047.
6.97000, 1219.
6.98000, 1480.
6.99000, 1757.
7.00000, 1890.
7.01000, 2213.
7.02000, 2347.
7.03000, 2505.
7.04000, 2675.
7.05000, 2681.
7.06000, 2565.
7.07000, 2575.
7.08000, 2468.
7.09000, 2275.
7.10000, 2019.
7.11000, 1881.
7.12000, 1581.
7.13000, 1391.
7.14000, 1083.
7.15000, 909.
7.16000, 714.
7.17000, 590.
7.18000, 492.
7.19000, 339.
7.20000, 300.
7.21000, 200.
7.22000, 148.
7.23000, 140.
7.24000, 118.
7.25000, 104.
7.26000, 79.
7.27000, 72.
7.28000, 74.
7.29000, 75.
7.30000, 76.
7.31000, 49.
7.32000, 62.
7.33000, 71.
7.34000, 82.
7.35000, 81.
7.36000, 62.
7.37000, 72.
7.38000, 75.
7.39000, 80.
7.40000, 61.
7.41000, 83.
7.42000, 77.
7.43000, 80.
7.44000, 87.
7.45000, 96.
7.46000, 90.
7.47000, 72.
7.48000, 83.
7.49000, 89.
7.50000, 82.
7.51000, 60.
7.52000, 85.
7.53000, 91.
7.54000, 73.
7.55000, 85.
7.56000, 64.
7.57000, 73.
7.58000, 69.
7.59000, 59.
7.60000, 74.
7.61000, 74.
7.62000, 68.
7.63000, 70.
7.64000, 57.
7.65000, 69.
7.66000, 79.
7.67000, 75.
7.68000, 68.
7.69000, 72.
7.70000, 80.
7.71000, 80.
7.72000, 73.
7.73000, 82.
7.74000, 76.
7.75000, 85.
7.76000, 85.
7.77000, 71.
7.78000, 84.
7.79000, 79.
7.80000, 89.
7.81000, 92.
7.82000, 92.
7.83000, 80.
7.84000, 109.
7.85000, 65.
7.86000, 84.
7.87000, 84.
7.88000, 95.
7.89000, 103.
7.90000, 97.
7.91000, 97.
7.92000, 108.
7.93000, 106.
7.94000, 100.
7.95000, 111.
7.96000, 101.
7.97000, 110.
7.98000, 114.
7.99000, 111.
8.00000, 114.
8.01000, 123.
8.02000, 139.
8.03000, 121.
8.04000, 115.
8.05000, 129.
8.06000, 140.
8.07000, 117.
8.08000, 119.
8.09000, 124.
8.10000, 144.
8.11000, 116.
8.12000, 122.
8.13000, 132.
8.14000, 130.
8.15000, 137.
8.16000, 126.
8.17000, 126.
8.18000, 126.
8.19000, 112.
8.20000, 101.
8.21000, 120.
8.22000, 123.
8.23000, 128.
8.24000, 101.
8.25000, 104.
8.26000, 95.
8.27000, 94.
8.28000, 95.
8.29000, 83.
8.30000, 91.
8.31000, 85.
8.32000, 79.
8.33000, 80.
8.34000, 95.
8.35000, 100.
8.36000, 80.
8.37000, 98.
8.38000, 93.
8.39000, 87.
8.40000, 96.
8.41000, 92.
8.42000, 88.
8.43000, 106.
8.44000, 112.
8.45000, 103.
8.46000, 100.
8.47000, 103.
8.48000, 104.
8.49000, 107.
8.50000, 134.
8.51000, 140.
8.52000, 110.
8.53000, 133.
8.54000, 156.
8.55000, 145.
8.56000, 173.
8.57000, 181.
8.58000, 203.
8.59000, 209.
8.60000, 231.
8.61000, 223.
8.62000, 231.
8.63000, 215.
8.64000, 208.
8.65000, 212.
8.66000, 211.
8.67000, 202.
8.68000, 190.
8.69000, 186.
8.70000, 179.
8.71000, 144.
8.72000, 166.
8.73000, 148.
8.74000, 137.
8.75000, 136.
8.76000, 114.
8.77000, 111.
8.78000, 115.
8.79000, 113.
8.80000, 100.
8.81000, 94.
8.82000, 98.
8.83000, 115.
8.84000, 113.
8.85000, 125.
8.86000, 104.
8.87000, 100.
8.88000, 88.
8.89000, 111.
8.90000, 109.
8.91000, 103.
8.92000, 105.
8.93000, 116.
8.94000, 110.
8.95000, 98.
8.96000, 117.
8.97000, 97.
8.98000, 95.
8.99000, 108.
9.00000, 108.
9.01000, 102.
9.02000, 95.
9.03000, 108.
9.04000, 101.
9.05000, 105.
9.06000, 90.
9.07000, 116.
9.08000, 98.
9.09000, 88.
9.10000, 111.
9.11000, 88.
9.12000, 113.
9.13000, 111.
9.14000, 113.
9.15000, 109.
9.16000, 119.
9.17000, 115.
9.18000, 110.
9.19000, 103.
9.20000, 103.
9.21000, 110.
9.22000, 121.
9.23000, 126.
9.24000, 123.
9.25000, 126.
9.26000, 105.
9.27000, 126.
9.28000, 94.
9.29000, 131.
9.30000, 115.
9.31000, 119.
9.32000, 128.
9.33000, 96.
9.34000, 118.
9.35000, 119.
9.36000, 131.
9.37000, 130.
9.38000, 129.
9.39000, 92.
9.40000, 101.
9.41000, 101.
9.42000, 116.
9.43000, 116.
9.44000, 118.
9.45000, 92.
9.46000, 101.
9.47000, 113.
9.48000, 119.
9.49000, 132.
9.50000, 110.
9.51000, 142.
9.52000, 119.
9.53000, 104.
9.54000, 138.
9.55000, 153.
9.56000, 110.
9.57000, 117.
9.58000, 140.
9.59000, 115.
9.60000, 113.
9.61000, 113.
9.62000, 123.
9.63000, 131.
9.64000, 115.
9.65000, 104.
9.66000, 116.
9.67000, 112.
9.68000, 118.
9.69000, 103.
9.70000, 128.
9.71000, 102.
9.72000, 116.
9.73000, 119.
9.74000, 78.
9.75000, 117.
9.76000, 111.
9.77000, 105.
9.78000, 110.
9.79000, 93.
9.80000, 100.
9.81000, 130.
9.82000, 105.
9.83000, 119.
9.84000, 114.
9.85000, 108.
9.86000, 115.
9.87000, 104.
9.88000, 122.
9.89000, 117.
9.90000, 109.
9.91000, 104.
9.92000, 119.
9.93000, 115.
9.94000, 111.
9.95000, 121.
9.96000, 96.
9.97000, 119.
9.98000, 111.
9.99000, 108.
10.00000, 108.
10.01000, 113.
10.02000, 133.
10.03000, 104.
10.04000, 115.
10.05000, 96.
10.06000, 114.
10.07000, 118.
10.08000, 100.
10.09000, 113.
10.10000, 128.
10.11000, 122.
10.12000, 121.
10.13000, 140.
10.14000, 123.
10.15000, 121.
10.16000, 114.
10.17000, 125.
10.18000, 105.
10.19000, 107.
10.20000, 114.
10.21000, 136.
10.22000, 106.
10.23000, 129.
10.24000, 115.
10.25000, 129.
10.26000, 138.
10.27000, 106.
10.28000, 123.
10.29000, 115.
10.30000, 109.
10.31000, 117.
10.32000, 103.
10.33000, 97.
10.34000, 123.
10.35000, 127.
10.36000, 112.
10.37000, 114.
10.38000, 139.
10.39000, 129.
10.40000, 136.
10.41000, 144.
10.42000, 147.
10.43000, 120.
10.44000, 135.
10.45000, 161.
10.46000, 142.
10.47000, 145.
10.48000, 145.
10.49000, 165.
10.50000, 136.
10.51000, 170.
10.52000, 164.
10.53000, 173.
10.54000, 151.
10.55000, 136.
10.56000, 166.
10.57000, 147.
10.58000, 153.
10.59000, 142.
10.60000, 142.
10.61000, 145.
10.62000, 142.
10.63000, 134.
10.64000, 136.
10.65000, 142.
10.66000, 112.
10.67000, 111.
10.68000, 120.
10.69000, 120.
10.70000, 119.
10.71000, 126.
10.72000, 118.
10.73000, 116.
10.74000, 116.
10.75000, 129.
10.76000, 123.
10.77000, 134.
10.78000, 131.
10.79000, 135.
10.80000, 118.
10.81000, 118.
10.82000, 126.
10.83000, 136.
10.84000, 120.
10.85000, 117.
10.86000, 117.
10.87000, 122.
10.88000, 132.
10.89000, 140.
10.90000, 125.
10.91000, 153.
10.92000, 120.
10.93000, 115.
10.94000, 123.
10.95000, 124.
10.96000, 120.
10.97000, 108.
10.98000, 137.
10.99000, 105.
11.00000, 120.
11.01000, 134.
11.02000, 132.
11.03000, 98.
11.04000, 119.
11.05000, 135.
11.06000, 118.
11.07000, 104.
11.08000, 120.
11.09000, 128.
11.10000, 140.
11.11000, 108.
11.12000, 130.
11.13000, 120.
11.14000, 143.
11.15000, 119.
11.16000, 118.
11.17000, 114.
11.18000, 118.
11.19000, 117.
11.20000, 125.
11.21000, 121.
11.22000, 126.
11.23000, 115.
11.24000, 132.
11.25000, 118.
11.26000, 109.
11.27000, 124.
11.28000, 125.
11.29000, 114.
11.30000, 118.
11.31000, 131.
11.32000, 145.
11.33000, 120.
11.34000, 138.
11.35000, 106.
11.36000, 122.
11.37000, 118.
11.38000, 99.
11.39000, 128.
11.40000, 132.
11.41000, 111.
11.42000, 119.
11.43000, 105.
11.44000, 135.
11.45000, 129.
11.46000, 113.
11.47000, 137.
11.48000, 111.
11.49000, 123.
11.50000, 122.
11.51000, 136.
11.52000, 140.
11.53000, 134.
11.54000, 112.
11.55000, 106.
11.56000, 149.
11.57000, 140.
11.58000, 129.
11.59000, 126.
11.60000, 124.
11.61000, 111.
11.62000, 111.
11.63000, 109.
11.64000, 127.
11.65000, 113.
11.66000, 129.
11.67000, 116.
11.68000, 121.
11.69000, 134.
11.70000, 127.
11.71000, 125.
11.72000, 135.
11.73000, 123.
11.74000, 117.
11.75000, 120.
11.76000, 103.
11.77000, 126.
11.78000, 115.
11.79000, 136.
11.80000, 123.
11.81000, 122.
11.82000, 139.
11.83000, 117.
11.84000, 135.
11.85000, 151.
11.86000, 111.
11.87000, 134.
11.88000, 120.
11.89000, 135.
11.90000, 127.
11.91000, 124.
11.92000, 133.
11.93000, 131.
11.94000, 156.
11.95000, 133.
11.96000, 146.
11.97000, 137.
11.98000, 124.
11.99000, 153.
12.00000, 125.
12.01000, 125.
12.02000, 129.
12.03000, 131.
12.04000, 158.
12.05000, 110.
12.06000, 104.
12.07000, 122.
12.08000, 122.
12.09000, 117.
12.10000, 146.
12.11000, 131.
12.12000, 136.
12.13000, 140.
12.14000, 132.
12.15000, 132.
12.16000, 138.
12.17000, 123.
12.18000, 125.
12.19000, 134.
12.20000, 144.
12.21000, 121.
12.22000, 119.
12.23000, 134.
12.24000, 149.
12.25000, 145.
12.26000, 146.
12.27000, 139.
12.28000, 124.
12.29000, 150.
12.30000, 125.
12.31000, 132.
12.32000, 159.
12.33000, 151.
12.34000, 116.
12.35000, 130.
12.36000, 137.
12.37000, 156.
12.38000, 107.
12.39000, 116.
12.40000, 136.
12.41000, 132.
12.42000, 144.
12.43000, 143.
12.44000, 137.
12.45000, 123.
12.46000, 138.
12.47000, 135.
12.48000, 131.
12.49000, 156.
12.50000, 141.
12.51000, 139.
12.52000, 156.
12.53000, 140.
12.54000, 150.
12.55000, 132.
12.56000, 146.
12.57000, 173.
12.58000, 145.
12.59000, 144.
12.60000, 155.
12.61000, 154.
12.62000, 149.
12.63000, 157.
12.64000, 139.
12.65000, 158.
12.66000, 141.
12.67000, 148.
12.68000, 162.
12.69000, 167.
12.70000, 177.
12.71000, 165.
12.72000, 145.
12.73000, 154.
12.74000, 158.
12.75000, 169.
12.76000, 180.
12.77000, 183.
12.78000, 157.
12.79000, 180.
12.80000, 174.
12.81000, 173.
12.82000, 168.
12.83000, 177.
12.84000, 161.
12.85000, 177.
12.86000, 161.
12.87000, 165.
12.88000, 172.
12.89000, 164.
12.90000, 152.
12.91000, 173.
12.92000, 125.
12.93000, 153.
12.94000, 144.
12.95000, 153.
12.96000, 195.
12.97000, 147.
12.98000, 176.
12.99000, 135.
13.00000, 133.
13.01000, 132.
13.02000, 157.
13.03000, 155.
13.04000, 151.
13.05000, 150.
13.06000, 125.
13.07000, 152.
13.08000, 156.
13.09000, 147.
13.10000, 142.
13.11000, 120.
13.12000, 133.
13.13000, 139.
13.14000, 154.
13.15000, 152.
13.16000, 139.
13.17000, 141.
13.18000, 153.
13.19000, 178.
13.20000, 141.
13.21000, 154.
13.22000, 151.
13.23000, 169.
13.24000, 193.
13.25000, 180.
13.26000, 205.
13.27000, 186.
13.28000, 205.
13.29000, 193.
13.30000, 215.
13.31000, 235.
13.32000, 222.
13.33000, 252.
13.34000, 244.
13.35000, 216.
13.36000, 234.
13.37000, 214.
13.38000, 244.
13.39000, 209.
13.40000, 252.
13.41000, 219.
13.42000, 202.
13.43000, 216.
13.44000, 200.
13.45000, 199.
13.46000, 217.
13.47000, 198.
13.48000, 175.
13.49000, 176.
13.50000, 161.
13.51000, 185.
13.52000, 162.
13.53000, 147.
13.54000, 170.
13.55000, 153.
13.56000, 165.
13.57000, 152.
13.58000, 130.
13.59000, 143.
13.60000, 176.
13.61000, 147.
13.62000, 150.
13.63000, 144.
13.64000, 152.
13.65000, 149.
13.66000, 143.
13.67000, 143.
13.68000, 161.
13.69000, 155.
13.70000, 136.
13.71000, 147.
13.72000, 120.
13.73000, 131.
13.74000, 130.
13.75000, 129.
13.76000, 133.
13.77000, 117.
13.78000, 145.
13.79000, 136.
13.80000, 150.
13.81000, 137.
13.82000, 136.
13.83000, 148.
13.84000, 143.
13.85000, 154.
13.86000, 147.
13.87000, 157.
13.88000, 167.
13.89000, 160.
13.90000, 164.
13.91000, 157.
13.92000, 159.
13.93000, 182.
13.94000, 208.
13.95000, 191.
13.96000, 227.
13.97000, 216.
13.98000, 254.
13.99000, 254.
14.00000, 281.
14.01000, 305.
14.02000, 328.
14.03000, 344.
14.04000, 364.
14.05000, 374.
14.06000, 418.
14.07000, 454.
14.08000, 477.
14.09000, 451.
14.10000, 514.
14.11000, 536.
14.12000, 474.
14.13000, 567.
14.14000, 522.
14.15000, 495.
14.16000, 524.
14.17000, 452.
14.18000, 441.
14.19000, 415.
14.20000, 406.
14.21000, 375.
14.22000, 372.
14.23000, 324.
14.24000, 354.
14.25000, 274.
14.26000, 260.
14.27000, 267.
14.28000, 217.
14.29000, 199.
14.30000, 206.
14.31000, 173.
14.32000, 194.
14.33000, 146.
14.34000, 132.
14.35000, 152.
14.36000, 128.
14.37000, 148.
14.38000, 126.
14.39000, 121.
14.40000, 146.
14.41000, 136.
14.42000, 129.
14.43000, 125.
14.44000, 129.
14.45000, 152.
14.46000, 152.
14.47000, 120.
14.48000, 136.
14.49000, 138.
14.50000, 120.
14.51000, 132.
14.52000, 132.
14.53000, 130.
14.54000, 125.
14.55000, 134.
14.56000, 118.
14.57000, 145.
14.58000, 111.
14.59000, 129.
14.60000, 138.
14.61000, 136.
14.62000, 134.
14.63000, 147.
14.64000, 130.
14.65000, 146.
14.66000, 147.
14.67000, 138.
14.68000, 150.
14.69000, 144.
14.70000, 136.
14.71000, 139.
14.72000, 140.
14.73000, 143.
14.74000, 125.
14.75000, 160.
14.76000, 144.
14.77000, 165.
14.78000, 147.
14.79000, 145.
14.80000, 160.
14.81000, 155.
14.82000, 191.
14.83000, 145.
14.84000, 172.
14.85000, 154.
14.86000, 174.
14.87000, 166.
14.88000, 181.
14.89000, 182.
14.90000, 167.
14.91000, 169.
14.92000, 184.
14.93000, 176.
14.94000, 209.
14.95000, 179.
14.96000, 171.
14.97000, 149.
14.98000, 167.
14.99000, 152.
15.00000, 163.
15.01000, 172.
15.02000, 165.
15.03000, 172.
15.04000, 146.
15.05000, 128.
15.06000, 130.
15.07000, 154.
15.08000, 151.
15.09000, 164.
15.10000, 145.
15.11000, 132.
15.12000, 139.
15.13000, 139.
15.14000, 129.
15.15000, 144.
15.16000, 139.
15.17000, 136.
15.18000, 152.
15.19000, 164.
15.20000, 141.
15.21000, 120.
15.22000, 157.
15.23000, 137.
15.24000, 140.
15.25000, 120.
15.26000, 114.
15.27000, 130.
15.28000, 132.
15.29000, 139.
15.30000, 138.
15.31000, 143.
15.32000, 133.
15.33000, 128.
15.34000, 137.
15.35000, 115.
15.36000, 121.
15.37000, 134.
15.38000, 140.
15.39000, 154.
15.40000, 138.
15.41000, 128.
15.42000, 129.
15.43000, 147.
15.44000, 132.
15.45000, 150.
15.46000, 124.
15.47000, 143.
15.48000, 142.
15.49000, 150.
15.50000, 128.
15.51000, 161.
15.52000, 158.
15.53000, 158.
15.54000, 155.
15.55000, 173.
15.56000, 180.
15.57000, 184.
15.58000, 205.
15.59000, 198.
15.60000, 219.
15.61000, 253.
15.62000, 261.
15.63000, 276.
15.64000, 290.
15.65000, 241.
15.66000, 270.
15.67000, 333.
15.68000, 332.
15.69000, 344.
15.70000, 337.
15.71000, 370.
15.72000, 397.
15.73000, 423.
15.74000, 388.
15.75000, 372.
15.76000, 411.
15.77000, 380.
15.78000, 363.
15.79000, 383.
15.80000, 361.
15.81000, 318.
15.82000, 339.
15.83000, 306.
15.84000, 289.
15.85000, 290.
15.86000, 257.
15.87000, 233.
15.88000, 224.
15.89000, 232.
15.90000, 219.
15.91000, 184.
15.92000, 173.
15.93000, 193.
15.94000, 181.
15.95000, 164.
15.96000, 174.
15.97000, 152.
15.98000, 164.
15.99000, 162.
16.00000, 151.
16.01000, 155.
16.02000, 151.
16.03000, 134.
16.04000, 159.
16.05000, 144.
16.06000, 132.
16.07000, 135.
16.08000, 156.
16.09000, 124.
16.10000, 142.
16.11000, 159.
16.12000, 129.
16.13000, 132.
16.14000, 170.
16.15000, 143.
16.16000, 136.
16.17000, 143.
16.18000, 147.
16.19000, 147.
16.20000, 137.
16.21000, 153.
16.22000, 137.
16.23000, 144.
16.24000, 128.
16.25000, 148.
16.26000, 135.
16.27000, 153.
16.28000, 134.
16.29000, 137.
16.30000, 149.
16.31000, 128.
16.32000, 137.
16.33000, 133.
16.34000, 150.
16.35000, 122.
16.36000, 136.
16.37000, 135.
16.38000, 163.
16.39000, 139.
16.40000, 128.
16.41000, 135.
16.42000, 136.
16.43000, 137.
16.44000, 146.
16.45000, 154.
16.46000, 152.
16.47000, 163.
16.48000, 158.
16.49000, 153.
16.50000, 159.
16.51000, 170.
16.52000, 153.
16.53000, 154.
16.54000, 179.
16.55000, 156.
16.56000, 171.
16.57000, 139.
16.58000, 152.
16.59000, 153.
16.60000, 190.
16.61000, 159.
16.62000, 160.
16.63000, 177.
16.64000, 138.
16.65000, 151.
16.66000, 162.
16.67000, 128.
16.68000, 156.
16.69000, 146.
16.70000, 143.
16.71000, 160.
16.72000, 155.
16.73000, 133.
16.74000, 137.
16.75000, 143.
16.76000, 129.
16.77000, 138.
16.78000, 116.
16.79000, 133.
16.80000, 146.
16.81000, 147.
16.82000, 145.
16.83000, 130.
16.84000, 125.
16.85000, 143.
16.86000, 127.
16.87000, 147.
16.88000, 149.
16.89000, 133.
16.90000, 152.
16.91000, 139.
16.92000, 143.
16.93000, 130.
16.94000, 114.
16.95000, 132.
16.96000, 149.
16.97000, 129.
16.98000, 133.
16.99000, 136.
17.00000, 146.
17.01000, 150.
17.02000, 128.
17.03000, 145.
17.04000, 147.
17.05000, 122.
17.06000, 103.
17.07000, 135.
17.08000, 135.
17.09000, 133.
17.10000, 143.
17.11000, 152.
17.12000, 142.
17.13000, 131.
17.14000, 143.
17.15000, 146.
17.16000, 139.
17.17000, 140.
17.18000, 139.
17.19000, 144.
17.20000, 137.
17.21000, 125.
17.22000, 163.
17.23000, 173.
17.24000, 154.
17.25000, 149.
17.26000, 131.
17.27000, 148.
17.28000, 160.
17.29000, 152.
17.30000, 137.
17.31000, 170.
17.32000, 162.
17.33000, 154.
17.34000, 140.
17.35000, 141.
17.36000, 145.
17.37000, 142.
17.38000, 159.
17.39000, 175.
17.40000, 172.
17.41000, 174.
17.42000, 169.
17.43000, 139.
17.44000, 171.
17.45000, 160.
17.46000, 176.
17.47000, 193.
17.48000, 164.
17.49000, 191.
17.50000, 184.
17.51000, 165.
17.52000, 183.
17.53000, 178.
17.54000, 160.
17.55000, 159.
17.56000, 178.
17.57000, 168.
17.58000, 172.
17.59000, 173.
17.60000, 175.
17.61000, 178.
17.62000, 173.
17.63000, 195.
17.64000, 190.
17.65000, 201.
17.66000, 207.
17.67000, 191.
17.68000, 194.
17.69000, 202.
17.70000, 205.
17.71000, 178.
17.72000, 188.
17.73000, 192.
17.74000, 203.
17.75000, 158.
17.76000, 169.
17.77000, 195.
17.78000, 196.
17.79000, 169.
17.80000, 155.
17.81000, 175.
17.82000, 155.
17.83000, 196.
17.84000, 178.
17.85000, 168.
17.86000, 172.
17.87000, 188.
17.88000, 189.
17.89000, 199.
17.90000, 207.
17.91000, 186.
17.92000, 182.
17.93000, 190.
17.94000, 186.
17.95000, 202.
17.96000, 191.
17.97000, 193.
17.98000, 186.
17.99000, 186.
18.00000, 182.
18.01000, 197.
18.02000, 213.
18.03000, 193.
18.04000, 214.
18.05000, 216.
18.06000, 199.
18.07000, 197.
18.08000, 225.
18.09000, 228.
18.10000, 210.
18.11000, 194.
18.12000, 223.
18.13000, 221.
18.14000, 227.
18.15000, 247.
18.16000, 237.
18.17000, 262.
18.18000, 244.
18.19000, 258.
18.20000, 236.
18.21000, 260.
18.22000, 253.
18.23000, 245.
18.24000, 274.
18.25000, 246.
18.26000, 262.
18.27000, 316.
18.28000, 287.
18.29000, 303.
18.30000, 283.
18.31000, 318.
18.32000, 326.
18.33000, 322.
18.34000, 349.
18.35000, 334.
18.36000, 355.
18.37000, 348.
18.38000, 364.
18.39000, 374.
18.40000, 368.
18.41000, 398.
18.42000, 432.
18.43000, 436.
18.44000, 473.
18.45000, 452.
18.46000, 459.
18.47000, 455.
18.48000, 489.
18.49000, 499.
18.50000, 481.
18.51000, 534.
18.52000, 499.
18.53000, 554.
18.54000, 615.
18.55000, 594.
18.56000, 625.
18.57000, 589.
18.58000, 594.
18.59000, 622.
18.60000, 621.
18.61000, 650.
18.62000, 705.
18.63000, 674.
18.64000, 699.
18.65000, 738.
18.66000, 728.
18.67000, 789.
18.68000, 750.
18.69000, 749.
18.70000, 716.
18.71000, 801.
18.72000, 858.
18.73000, 739.
18.74000, 804.
18.75000, 832.
18.76000, 836.
18.77000, 781.
18.78000, 820.
18.79000, 818.
18.80000, 806.
18.81000, 854.
18.82000, 797.
18.83000, 819.
18.84000, 800.
18.85000, 780.
18.86000, 769.
18.87000, 762.
18.88000, 750.
18.89000, 745.
18.90000, 788.
18.91000, 715.
18.92000, 699.
18.93000, 755.
18.94000, 704.
18.95000, 716.
18.96000, 684.
18.97000, 731.
18.98000, 694.
18.99000, 662.
19.00000, 655.
19.01000, 664.
19.02000, 620.
19.03000, 574.
19.04000, 566.
19.05000, 538.
19.06000, 583.
19.07000, 514.
19.08000, 511.
19.09000, 508.
19.10000, 467.
19.11000, 468.
19.12000, 456.
19.13000, 451.
19.14000, 414.
19.15000, 434.
19.16000, 406.
19.17000, 389.
19.18000, 388.
19.19000, 364.
19.20000, 366.
19.21000, 366.
19.22000, 344.
19.23000, 355.
19.24000, 313.
19.25000, 317.
19.26000, 327.
19.27000, 304.
19.28000, 307.
19.29000, 293.
19.30000, 277.
19.31000, 244.
19.32000, 310.
19.33000, 266.
19.34000, 252.
19.35000, 241.
19.36000, 243.
19.37000, 261.
19.38000, 257.
19.39000, 222.
19.40000, 241.
19.41000, 243.
19.42000, 266.
19.43000, 229.
19.44000, 223.
19.45000, 222.
19.46000, 216.
19.47000, 224.
19.48000, 209.
19.49000, 211.
19.50000, 217.
19.51000, 207.
19.52000, 204.
19.53000, 207.
19.54000, 185.
19.55000, 211.
19.56000, 211.
19.57000, 193.
19.58000, 199.
19.59000, 171.
19.60000, 206.
19.61000, 188.
19.62000, 173.
19.63000, 174.
19.64000, 171.
19.65000, 179.
19.66000, 151.
19.67000, 173.
19.68000, 173.
19.69000, 165.
19.70000, 160.
19.71000, 145.
19.72000, 164.
19.73000, 165.
19.74000, 159.
19.75000, 148.
19.76000, 160.
19.77000, 154.
19.78000, 164.
19.79000, 161.
19.80000, 135.
19.81000, 133.
19.82000, 156.
19.83000, 152.
19.84000, 183.
19.85000, 160.
19.86000, 161.
19.87000, 179.
19.88000, 178.
19.89000, 197.
19.90000, 208.
19.91000, 195.
19.92000, 216.
19.93000, 241.
19.94000, 245.
19.95000, 277.
19.96000, 265.
19.97000, 312.
19.98000, 315.
19.99000, 318.
20.00000, 343.
20.01000, 378.
20.02000, 339.
20.03000, 391.
20.04000, 421.
20.05000, 432.
20.06000, 445.
20.07000, 421.
20.08000, 503.
20.09000, 500.
20.10000, 499.
20.11000, 511.
20.12000, 509.
20.13000, 540.
20.14000, 505.
20.15000, 555.
20.16000, 518.
20.17000, 530.
20.18000, 513.
20.19000, 488.
20.20000, 492.
20.21000, 485.
20.22000, 461.
20.23000, 440.
20.24000, 407.
20.25000, 394.
20.26000, 373.
20.27000, 352.
20.28000, 324.
20.29000, 317.
20.30000, 270.
20.31000, 274.
20.32000, 246.
20.33000, 228.
20.34000, 213.
20.35000, 169.
20.36000, 181.
20.37000, 197.
20.38000, 177.
20.39000, 156.
20.40000, 164.
20.41000, 158.
20.42000, 150.
20.43000, 128.
20.44000, 158.
20.45000, 140.
20.46000, 139.
20.47000, 165.
20.48000, 178.
20.49000, 141.
20.50000, 159.
20.51000, 154.
20.52000, 145.
20.53000, 168.
20.54000, 168.
20.55000, 151.
20.56000, 145.
20.57000, 179.
20.58000, 160.
20.59000, 149.
20.60000, 163.
20.61000, 153.
20.62000, 176.
20.63000, 180.
20.64000, 160.
20.65000, 145.
20.66000, 144.
20.67000, 180.
20.68000, 164.
20.69000, 163.
20.70000, 196.
20.71000, 176.
20.72000, 154.
20.73000, 189.
20.74000, 194.
20.75000, 187.
20.76000, 188.
20.77000, 162.
20.78000, 185.
20.79000, 181.
20.80000, 176.
20.81000, 200.
20.82000, 200.
20.83000, 202.
20.84000, 230.
20.85000, 217.
20.86000, 226.
20.87000, 193.
20.88000, 221.
20.89000, 232.
20.90000, 217.
20.91000, 222.
20.92000, 209.
20.93000, 219.
20.94000, 232.
20.95000, 210.
20.96000, 230.
20.97000, 215.
20.98000, 237.
20.99000, 205.
21.00000, 191.
21.01000, 215.
21.02000, 232.
21.03000, 225.
21.04000, 222.
21.05000, 213.
21.06000, 222.
21.07000, 214.
21.08000, 240.
21.09000, 214.
21.10000, 196.
21.11000, 199.
21.12000, 201.
21.13000, 195.
21.14000, 220.
21.15000, 190.
21.16000, 185.
21.17000, 189.
21.18000, 181.
21.19000, 183.
21.20000, 198.
21.21000, 225.
21.22000, 192.
21.23000, 173.
21.24000, 193.
21.25000, 198.
21.26000, 162.
21.27000, 177.
21.28000, 182.
21.29000, 167.
21.30000, 161.
21.31000, 156.
21.32000, 167.
21.33000, 158.
21.34000, 163.
21.35000, 157.
21.36000, 166.
21.37000, 156.
21.38000, 152.
21.39000, 158.
21.40000, 158.
21.41000, 152.
21.42000, 138.
21.43000, 158.
21.44000, 147.
21.45000, 142.
21.46000, 136.
21.47000, 117.
21.48000, 154.
21.49000, 133.
21.50000, 142.
21.51000, 127.
21.52000, 144.
21.53000, 130.
21.54000, 112.
21.55000, 109.
21.56000, 142.
21.57000, 113.
21.58000, 132.
21.59000, 104.
21.60000, 101.
21.61000, 109.
21.62000, 133.
21.63000, 118.
21.64000, 115.
21.65000, 107.
21.66000, 98.
21.67000, 94.
21.68000, 108.
21.69000, 94.
21.70000, 97.
21.71000, 125.
21.72000, 98.
21.73000, 101.
21.74000, 94.
21.75000, 90.
21.76000, 97.
21.77000, 95.
21.78000, 107.
21.79000, 96.
21.80000, 94.
21.81000, 84.
21.82000, 96.
21.83000, 103.
21.84000, 95.
21.85000, 97.
21.86000, 70.
21.87000, 100.
21.88000, 92.
21.89000, 93.
21.90000, 91.
21.91000, 75.
21.92000, 97.
21.93000, 87.
21.94000, 105.
21.95000, 65.
21.96000, 99.
21.97000, 106.
21.98000, 81.
21.99000, 95.
22.00000, 97.
22.01000, 86.
22.02000, 82.
22.03000, 72.
22.04000, 102.
22.05000, 94.
22.06000, 72.
22.07000, 87.
22.08000, 73.
22.09000, 71.
22.10000, 102.
22.11000, 82.
22.12000, 82.
22.13000, 96.
22.14000, 87.
22.15000, 96.
22.16000, 89.
22.17000, 85.
22.18000, 80.
22.19000, 75.
22.20000, 95.
22.21000, 102.
22.22000, 84.
22.23000, 84.
22.24000, 78.
22.25000, 82.
22.26000, 86.
22.27000, 81.
22.28000, 77.
22.29000, 77.
22.30000, 70.
22.31000, 82.
22.32000, 68.
22.33000, 86.
22.34000, 87.
22.35000, 73.
22.36000, 72.
22.37000, 82.
22.38000, 64.
22.39000, 62.
22.40000, 74.
22.41000, 78.
22.42000, 73.
22.43000, 75.
22.44000, 79.
22.45000, 64.
22.46000, 86.
22.47000, 70.
22.48000, 89.
22.49000, 89.
22.50000, 77.
22.51000, 79.
22.52000, 103.
22.53000, 95.
22.54000, 103.
22.55000, 104.
22.56000, 107.
22.57000, 106.
22.58000, 107.
22.59000, 112.
22.60000, 109.
22.61000, 125.
22.62000, 117.
22.63000, 115.
22.64000, 144.
22.65000, 132.
22.66000, 135.
22.67000, 123.
22.68000, 123.
22.69000, 146.
22.70000, 136.
22.71000, 138.
22.72000, 109.
22.73000, 117.
22.74000, 128.
22.75000, 127.
22.76000, 113.
22.77000, 105.
22.78000, 128.
22.79000, 95.
22.80000, 92.
22.81000, 78.
22.82000, 84.
22.83000, 92.
22.84000, 88.
22.85000, 75.
22.86000, 96.
22.87000, 87.
22.88000, 78.
22.89000, 97.
22.90000, 66.
22.91000, 58.
22.92000, 79.
22.93000, 70.
22.94000, 72.
22.95000, 60.
22.96000, 72.
22.97000, 76.
22.98000, 86.
22.99000, 64.
23.00000, 69.
23.01000, 69.
23.02000, 74.
23.03000, 59.
23.04000, 60.
23.05000, 76.
23.06000, 66.
23.07000, 78.
23.08000, 84.
23.09000, 71.
23.10000, 88.
23.11000, 84.
23.12000, 90.
23.13000, 80.
23.14000, 83.
23.15000, 73.
23.16000, 69.
23.17000, 70.
23.18000, 73.
23.19000, 76.
23.20000, 80.
23.21000, 79.
23.22000, 79.
23.23000, 65.
23.24000, 78.
23.25000, 72.
23.26000, 53.
23.27000, 48.
23.28000, 79.
23.29000, 69.
23.30000, 77.
23.31000, 60.
23.32000, 52.
23.33000, 68.
23.34000, 54.
23.35000, 79.
23.36000, 46.
23.37000, 68.
23.38000, 65.
23.39000, 64.
23.40000, 54.
23.41000, 74.
23.42000, 72.
23.43000, 68.
23.44000, 60.
23.45000, 63.
23.46000, 65.
23.47000, 52.
23.48000, 62.
23.49000, 58.
23.50000, 62.
23.51000, 65.
23.52000, 46.
23.53000, 58.
23.54000, 59.
23.55000, 74.
23.56000, 67.
23.57000, 53.
23.58000, 57.
23.59000, 50.
23.60000, 58.
23.61000, 60.
23.62000, 67.
23.63000, 50.
23.64000, 69.
23.65000, 63.
23.66000, 56.
23.67000, 60.
23.68000, 59.
23.69000, 55.
23.70000, 60.
23.71000, 66.
23.72000, 59.
23.73000, 62.
23.74000, 81.
23.75000, 67.
23.76000, 68.
23.77000, 60.
23.78000, 54.
23.79000, 54.
23.80000, 62.
23.81000, 60.
23.82000, 60.
23.83000, 60.
23.84000, 51.
23.85000, 57.
23.86000, 64.
23.87000, 57.
23.88000, 79.
23.89000, 64.
23.90000, 52.
23.91000, 60.
23.92000, 62.
23.93000, 66.
23.94000, 61.
23.95000, 57.
23.96000, 53.
23.97000, 51.
23.98000, 54.
23.99000, 57.
24.00000, 40.
24.01000, 67.
24.02000, 64.
24.03000, 60.
24.04000, 45.
24.05000, 46.
24.06000, 60.
24.07000, 62.
24.08000, 60.
24.09000, 64.
24.10000, 67.
24.11000, 53.
24.12000, 47.
24.13000, 56.
24.14000, 64.
24.15000, 58.
24.16000, 66.
24.17000, 62.
24.18000, 65.
24.19000, 73.
24.20000, 69.
24.21000, 59.
24.22000, 60.
24.23000, 80.
24.24000, 59.
24.25000, 60.
24.26000, 64.
24.27000, 57.
24.28000, 49.
24.29000, 41.
24.30000, 58.
24.31000, 62.
24.32000, 60.
24.33000, 55.
24.34000, 66.
24.35000, 53.
24.36000, 68.
24.37000, 56.
24.38000, 51.
24.39000, 54.
24.40000, 64.
24.41000, 68.
24.42000, 50.
24.43000, 53.
24.44000, 50.
24.45000, 45.
24.46000, 56.
24.47000, 49.
24.48000, 68.
24.49000, 57.
24.50000, 53.
24.51000, 73.
24.52000, 71.
24.53000, 70.
24.54000, 68.
24.55000, 56.
24.56000, 66.
24.57000, 64.
24.58000, 53.
24.59000, 68.
24.60000, 51.
24.61000, 67.
24.62000, 43.
24.63000, 57.
24.64000, 46.
24.65000, 64.
24.66000, 55.
24.67000, 56.
24.68000, 44.
24.69000, 53.
24.70000, 44.
24.71000, 62.
24.72000, 50.
24.73000, 58.
24.74000, 65.
24.75000, 56.
24.76000, 74.
24.77000, 48.
24.78000, 62.
24.79000, 54.
24.80000, 46.
24.81000, 46.
24.82000, 52.
24.83000, 50.
24.84000, 56.
24.85000, 50.
24.86000, 47.
24.87000, 77.
24.88000, 44.
24.89000, 53.
24.90000, 56.
24.91000, 52.
24.92000, 52.
24.93000, 76.
24.94000, 65.
24.95000, 71.
24.96000, 79.
24.97000, 52.
24.98000, 62.
24.99000, 72.
25.00000, 70.
25.01000, 68.
25.02000, 62.
25.03000, 61.
25.04000, 54.
25.05000, 70.
25.06000, 69.
25.07000, 49.
25.08000, 64.
25.09000, 64.
25.10000, 53.
25.11000, 68.
25.12000, 64.
25.13000, 74.
25.14000, 72.
25.15000, 71.
25.16000, 73.
25.17000, 56.
25.18000, 60.
25.19000, 62.
25.20000, 57.
25.21000, 68.
25.22000, 63.
25.23000, 71.
25.24000, 50.
25.25000, 62.
25.26000, 71.
25.27000, 54.
25.28000, 64.
25.29000, 71.
25.30000, 65.
25.31000, 63.
25.32000, 49.
25.33000, 53.
25.34000, 62.
25.35000, 56.
25.36000, 59.
25.37000, 51.
25.38000, 62.
25.39000, 57.
25.40000, 54.
25.41000, 48.
25.42000, 50.
25.43000, 68.
25.44000, 54.
25.45000, 68.
25.46000, 45.
25.47000, 64.
25.48000, 51.
25.49000, 46.
25.50000, 54.
25.51000, 55.
25.52000, 56.
25.53000, 53.
25.54000, 52.
25.55000, 44.
25.56000, 38.
25.57000, 56.
25.58000, 46.
25.59000, 59.
25.60000, 45.
25.61000, 50.
25.62000, 65.
25.63000, 65.
25.64000, 45.
25.65000, 67.
25.66000, 48.
25.67000, 63.
25.68000, 52.
25.69000, 52.
25.70000, 59.
25.71000, 47.
25.72000, 61.
25.73000, 54.
25.74000, 72.
25.75000, 50.
25.76000, 46.
25.77000, 58.
25.78000, 62.
25.79000, 59.
25.80000, 59.
25.81000, 48.
25.82000, 43.
25.83000, 53.
25.84000, 58.
25.85000, 42.
25.86000, 56.
25.87000, 56.
25.88000, 50.
25.89000, 66.
25.90000, 46.
25.91000, 40.
25.92000, 53.
25.93000, 56.
25.94000, 67.
25.95000, 54.
25.96000, 41.
25.97000, 49.
25.98000, 52.
25.99000, 46.
26.00000, 43.
26.01000, 51.
26.02000, 45.
26.03000, 50.
26.04000, 37.
26.05000, 58.
26.06000, 63.
26.07000, 63.
26.08000, 46.
26.09000, 44.
26.10000, 60.
26.11000, 40.
26.12000, 47.
26.13000, 49.
26.14000, 44.
26.15000, 64.
26.16000, 42.
26.17000, 59.
26.18000, 50.
26.19000, 50.
26.20000, 42.
26.21000, 51.
26.22000, 44.
26.23000, 55.
26.24000, 52.
26.25000, 60.
26.26000, 54.
26.27000, 49.
26.28000, 49.
26.29000, 47.
26.30000, 42.
26.31000, 38.
26.32000, 51.
26.33000, 47.
26.34000, 54.
26.35000, 56.
26.36000, 44.
26.37000, 58.
26.38000, 43.
26.39000, 50.
26.40000, 46.
26.41000, 49.
26.42000, 40.
26.43000, 55.
26.44000, 53.
26.45000, 46.
26.46000, 52.
26.47000, 51.
26.48000, 47.
26.49000, 51.
26.50000, 48.
26.51000, 48.
26.52000, 35.
26.53000, 56.
26.54000, 46.
26.55000, 46.
26.56000, 40.
26.57000, 57.
26.58000, 49.
26.59000, 62.
26.60000, 42.
26.61000, 42.
26.62000, 41.
26.63000, 52.
26.64000, 35.
26.65000, 54.
26.66000, 48.
26.67000, 51.
26.68000, 47.
26.69000, 50.
26.70000, 40.
26.71000, 52.
26.72000, 49.
26.73000, 48.
26.74000, 38.
26.75000, 47.
26.76000, 44.
26.77000, 54.
26.78000, 44.
26.79000, 45.
26.80000, 55.
26.81000, 46.
26.82000, 61.
26.83000, 53.
26.84000, 52.
26.85000, 42.
26.86000, 59.
26.87000, 45.
26.88000, 49.
26.89000, 50.
26.90000, 62.
26.91000, 41.
26.92000, 45.
26.93000, 37.
26.94000, 52.
26.95000, 46.
26.96000, 40.
26.97000, 44.
26.98000, 54.
26.99000, 36.
27.00000, 38.
27.01000, 51.
27.02000, 45.
27.03000, 39.
27.04000, 45.
27.05000, 49.
27.06000, 45.
27.07000, 54.
27.08000, 45.
27.09000, 59.
27.10000, 40.
27.11000, 47.
27.12000, 39.
27.13000, 40.
27.14000, 43.
27.15000, 44.
27.16000, 55.
27.17000, 50.
27.18000, 45.
27.19000, 36.
27.20000, 48.
27.21000, 43.
27.22000, 47.
27.23000, 49.
27.24000, 39.
27.25000, 38.
27.26000, 52.
27.27000, 52.
27.28000, 28.
27.29000, 42.
27.30000, 47.
27.31000, 43.
27.32000, 63.
27.33000, 55.
27.34000, 45.
27.35000, 52.
27.36000, 37.
27.37000, 45.
27.38000, 37.
27.39000, 43.
27.40000, 43.
27.41000, 41.
27.42000, 45.
27.43000, 38.
27.44000, 50.
27.45000, 37.
27.46000, 40.
27.47000, 49.
27.48000, 61.
27.49000, 40.
27.50000, 41.
27.51000, 43.
27.52000, 39.
27.53000, 37.
27.54000, 35.
27.55000, 40.
27.56000, 56.
27.57000, 45.
27.58000, 43.
27.59000, 47.
27.60000, 46.
27.61000, 44.
27.62000, 46.
27.63000, 54.
27.64000, 63.
27.65000, 48.
27.66000, 38.
27.67000, 41.
27.68000, 39.
27.69000, 48.
27.70000, 50.
27.71000, 39.
27.72000, 48.
27.73000, 36.
27.74000, 39.
27.75000, 40.
27.76000, 45.
27.77000, 36.
27.78000, 43.
27.79000, 60.
27.80000, 39.
27.81000, 46.
27.82000, 45.
27.83000, 39.
27.84000, 42.
27.85000, 49.
27.86000, 41.
27.87000, 51.
27.88000, 33.
27.89000, 46.
27.90000, 50.
27.91000, 41.
27.92000, 37.
27.93000, 51.
27.94000, 47.
27.95000, 40.
27.96000, 39.
27.97000, 51.
27.98000, 44.
27.99000, 41.
28.00000, 19.
28.01000, 52.
28.02000, 42.
28.03000, 39.
28.04000, 39.
28.05000, 41.
28.06000, 43.
28.07000, 40.
28.08000, 36.
28.09000, 53.
28.10000, 45.
28.11000, 45.
28.12000, 43.
28.13000, 37.
28.14000, 31.
28.15000, 36.
28.16000, 43.
28.17000, 35.
28.18000, 38.
28.19000, 50.
28.20000, 36.
28.21000, 33.
28.22000, 53.
28.23000, 40.
28.24000, 39.
28.25000, 38.
28.26000, 46.
28.27000, 45.
28.28000, 38.
28.29000, 52.
28.30000, 36.
28.31000, 47.
28.32000, 30.
28.33000, 42.
28.34000, 42.
28.35000, 45.
28.36000, 36.
28.37000, 32.
28.38000, 41.
28.39000, 42.
28.40000, 41.
28.41000, 35.
28.42000, 38.
28.43000, 48.
28.44000, 36.
28.45000, 32.
28.46000, 45.
28.47000, 43.
28.48000, 35.
28.49000, 42.
28.50000, 42.
28.51000, 27.
28.52000, 37.
28.53000, 46.
28.54000, 34.
28.55000, 34.
28.56000, 38.
28.57000, 42.
28.58000, 45.
28.59000, 43.
28.60000, 44.
28.61000, 32.
28.62000, 46.
28.63000, 28.
28.64000, 45.
28.65000, 34.
28.66000, 41.
28.67000, 30.
28.68000, 39.
28.69000, 42.
28.70000, 36.
28.71000, 33.
28.72000, 37.
28.73000, 34.
28.74000, 36.
28.75000, 39.
28.76000, 43.
28.77000, 35.
28.78000, 30.
28.79000, 32.
28.80000, 43.
28.81000, 34.
28.82000, 27.
28.83000, 38.
28.84000, 35.
28.85000, 50.
28.86000, 35.
28.87000, 43.
28.88000, 43.
28.89000, 50.
28.90000, 34.
28.91000, 39.
28.92000, 44.
28.93000, 35.
28.94000, 52.
28.95000, 34.
28.96000, 30.
28.97000, 32.
28.98000, 29.
28.99000, 38.
29.00000, 50.
29.01000, 44.
29.02000, 28.
29.03000, 34.
29.04000, 41.
29.05000, 29.
29.06000, 39.
29.07000, 37.
29.08000, 32.
29.09000, 35.
29.10000, 45.
29.11000, 39.
29.12000, 45.
29.13000, 48.
29.14000, 28.
29.15000, 34.
29.16000, 35.
29.17000, 33.
29.18000, 29.
29.19000, 34.
29.20000, 34.
29.21000, 36.
29.22000, 34.
29.23000, 37.
29.24000, 30.
29.25000, 46.
29.26000, 27.
29.27000, 44.
29.28000, 44.
29.29000, 41.
29.30000, 35.
29.31000, 23.
29.32000, 39.
29.33000, 51.
29.34000, 37.
29.35000, 35.
29.36000, 36.
29.37000, 51.
29.38000, 26.
29.39000, 39.
29.40000, 33.
29.41000, 42.
29.42000, 38.
29.43000, 39.
29.44000, 34.
29.45000, 29.
29.46000, 30.
29.47000, 30.
29.48000, 33.
29.49000, 52.
29.50000, 26.
29.51000, 30.
29.52000, 31.
29.53000, 38.
29.54000, 35.
29.55000, 40.
29.56000, 31.
29.57000, 35.
29.58000, 38.
29.59000, 35.
29.60000, 39.
29.61000, 39.
29.62000, 41.
29.63000, 33.
29.64000, 39.
29.65000, 33.
29.66000, 36.
29.67000, 38.
29.68000, 35.
29.69000, 36.
29.70000, 33.
29.71000, 34.
29.72000, 44.
29.73000, 28.
29.74000, 28.
29.75000, 30.
29.76000, 24.
29.77000, 28.
29.78000, 32.
29.79000, 38.
29.80000, 28.
29.81000, 30.
29.82000, 31.
29.83000, 30.
29.84000, 29.
29.85000, 51.
29.86000, 42.
29.87000, 35.
29.88000, 25.
29.89000, 29.
29.90000, 33.
29.91000, 33.
29.92000, 36.
29.93000, 39.
29.94000, 28.
29.95000, 37.
29.96000, 35.
29.97000, 36.
29.98000, 33.
29.99000, 28.
30.00000, 33.
30.01000, 31.
30.02000, 29.
30.03000, 31.
30.04000, 33.
30.05000, 40.
30.06000, 31.
30.07000, 26.
30.08000, 32.
30.09000, 35.
30.10000, 39.
30.11000, 18.
30.12000, 25.
30.13000, 28.
30.14000, 31.
30.15000, 35.
30.16000, 35.
30.17000, 40.
30.18000, 29.
30.19000, 31.
30.20000, 35.
30.21000, 26.
30.22000, 28.
30.23000, 35.
30.24000, 36.
30.25000, 31.
30.26000, 29.
30.27000, 26.
30.28000, 24.
30.29000, 34.
30.30000, 41.
30.31000, 28.
30.32000, 26.
30.33000, 30.
30.34000, 31.
30.35000, 27.
30.36000, 38.
30.37000, 31.
30.38000, 26.
30.39000, 29.
30.40000, 37.
30.41000, 33.
30.42000, 36.
30.43000, 34.
30.44000, 21.
30.45000, 30.
30.46000, 42.
30.47000, 26.
30.48000, 33.
30.49000, 30.
30.50000, 28.
30.51000, 45.
30.52000, 31.
30.53000, 32.
30.54000, 29.
30.55000, 20.
30.56000, 42.
30.57000, 36.
30.58000, 30.
30.59000, 28.
30.60000, 29.
30.61000, 29.
30.62000, 41.
30.63000, 23.
30.64000, 27.
30.65000, 27.
30.66000, 26.
30.67000, 28.
30.68000, 34.
30.69000, 31.
30.70000, 38.
30.71000, 34.
30.72000, 34.
30.73000, 29.
30.74000, 30.
30.75000, 39.
30.76000, 30.
30.77000, 29.
30.78000, 29.
30.79000, 25.
30.80000, 26.
30.81000, 31.
30.82000, 39.
30.83000, 36.
30.84000, 33.
30.85000, 28.
30.86000, 32.
30.87000, 39.
30.88000, 28.
30.89000, 27.
30.90000, 21.
30.91000, 27.
30.92000, 28.
30.93000, 25.
30.94000, 37.
30.95000, 30.
30.96000, 30.
30.97000, 33.
30.98000, 37.
30.99000, 25.
31.00000, 19.
31.01000, 21.
31.02000, 20.
31.03000, 22.
31.04000, 33.
31.05000, 34.
31.06000, 24.
31.07000, 36.
31.08000, 28.
31.09000, 21.
31.10000, 27.
31.11000, 35.
31.12000, 29.
31.13000, 27.
31.14000, 26.
31.15000, 22.
31.16000, 23.
31.17000, 25.
31.18000, 28.
31.19000, 31.
31.20000, 28.
31.21000, 24.
31.22000, 28.
31.23000, 35.
31.24000, 33.
31.25000, 32.
31.26000, 23.
31.27000, 26.
31.28000, 25.
31.29000, 25.
31.30000, 26.
31.31000, 34.
31.32000, 22.
31.33000, 30.
31.34000, 30.
31.35000, 22.
31.36000, 19.
31.37000, 28.
31.38000, 23.
31.39000, 26.
31.40000, 37.
31.41000, 24.
31.42000, 30.
31.43000, 30.
31.44000, 40.
31.45000, 34.
31.46000, 27.
31.47000, 20.
31.48000, 31.
31.49000, 27.
31.50000, 30.
31.51000, 31.
31.52000, 23.
31.53000, 38.
31.54000, 24.
31.55000, 33.
31.56000, 30.
31.57000, 27.
31.58000, 32.
31.59000, 23.
31.60000, 28.
31.61000, 30.
31.62000, 27.
31.63000, 27.
31.64000, 21.
31.65000, 30.
31.66000, 18.
31.67000, 29.
31.68000, 26.
31.69000, 33.
31.70000, 28.
31.71000, 37.
31.72000, 33.
31.73000, 36.
31.74000, 27.
31.75000, 27.
31.76000, 35.
31.77000, 21.
31.78000, 31.
31.79000, 25.
31.80000, 31.
31.81000, 31.
31.82000, 26.
31.83000, 26.
31.84000, 24.
31.85000, 23.
31.86000, 30.
31.87000, 29.
31.88000, 31.
31.89000, 24.
31.90000, 39.
31.91000, 28.
31.92000, 20.
31.93000, 33.
31.94000, 21.
31.95000, 31.
31.96000, 21.
31.97000, 46.
31.98000, 33.
31.99000, 24.
32.00000, 23.
32.01000, 29.
32.02000, 30.
32.03000, 27.
32.04000, 23.
32.05000, 23.
32.06000, 28.
32.07000, 31.
32.08000, 22.
32.09000, 28.
32.10000, 27.
32.11000, 32.
32.12000, 32.
32.13000, 24.
32.14000, 28.
32.15000, 28.
32.16000, 32.
32.17000, 36.
32.18000, 41.
32.19000, 26.
32.20000, 35.
32.21000, 19.
32.22000, 36.
32.23000, 32.
32.24000, 29.
32.25000, 28.
32.26000, 26.
32.27000, 32.
32.28000, 31.
32.29000, 35.
32.30000, 16.
32.31000, 27.
32.32000, 25.
32.33000, 29.
32.34000, 30.
32.35000, 27.
32.36000, 16.
32.37000, 29.
32.38000, 18.
32.39000, 38.
32.40000, 23.
32.41000, 26.
32.42000, 27.
32.43000, 22.
32.44000, 21.
32.45000, 26.
32.46000, 32.
32.47000, 24.
32.48000, 30.
32.49000, 22.
32.50000, 23.
32.51000, 22.
32.52000, 19.
32.53000, 30.
32.54000, 23.
32.55000, 24.
32.56000, 19.
32.57000, 20.
32.58000, 22.
32.59000, 25.
32.60000, 20.
32.61000, 23.
32.62000, 28.
32.63000, 25.
32.64000, 20.
32.65000, 16.
32.66000, 22.
32.67000, 17.
32.68000, 34.
32.69000, 16.
32.70000, 26.
32.71000, 14.
32.72000, 15.
32.73000, 18.
32.74000, 20.
32.75000, 22.
32.76000, 23.
32.77000, 28.
32.78000, 20.
32.79000, 14.
32.80000, 17.
32.81000, 32.
32.82000, 26.
32.83000, 18.
32.84000, 25.
32.85000, 13.
32.86000, 25.
32.87000, 20.
32.88000, 16.
32.89000, 24.
32.90000, 17.
32.91000, 28.
32.92000, 25.
32.93000, 16.
32.94000, 18.
32.95000, 17.
32.96000, 17.
32.97000, 27.
32.98000, 23.
32.99000, 38.
33.00000, 20.
33.01000, 26.
33.02000, 24.
33.03000, 22.
33.04000, 23.
33.05000, 23.
33.06000, 16.
33.07000, 15.
33.08000, 22.
33.09000, 18.
33.10000, 17.
33.11000, 22.
33.12000, 17.
33.13000, 24.
33.14000, 18.
33.15000, 22.
33.16000, 34.
33.17000, 15.
33.18000, 25.
33.19000, 16.
33.20000, 25.
33.21000, 19.
33.22000, 24.
33.23000, 26.
33.24000, 20.
33.25000, 18.
33.26000, 20.
33.27000, 17.
33.28000, 30.
33.29000, 20.
33.30000, 24.
33.31000, 23.
33.32000, 23.
33.33000, 27.
33.34000, 17.
33.35000, 23.
33.36000, 18.
33.37000, 20.
33.38000, 19.
33.39000, 25.
33.40000, 20.
33.41000, 18.
33.42000, 20.
33.43000, 19.
33.44000, 24.
33.45000, 22.
33.46000, 13.
33.47000, 18.
33.48000, 24.
33.49000, 17.
33.50000, 19.
33.51000, 20.
33.52000, 24.
33.53000, 13.
33.54000, 21.
33.55000, 19.
33.56000, 22.
33.57000, 15.
33.58000, 24.
33.59000, 18.
33.60000, 29.
33.61000, 22.
33.62000, 15.
33.63000, 24.
33.64000, 21.
33.65000, 24.
33.66000, 16.
33.67000, 20.
33.68000, 21.
33.69000, 16.
33.70000, 20.
33.71000, 17.
33.72000, 21.
33.73000, 22.
33.74000, 17.
33.75000, 20.
33.76000, 17.
33.77000, 19.
33.78000, 19.
33.79000, 21.
33.80000, 19.
33.81000, 18.
33.82000, 21.
33.83000, 23.
33.84000, 19.
33.85000, 17.
33.86000, 22.
33.87000, 21.
33.88000, 19.
33.89000, 24.
33.90000, 24.
33.91000, 17.
33.92000, 16.
33.93000, 15.
33.94000, 22.
33.95000, 22.
33.96000, 20.
33.97000, 21.
33.98000, 18.
33.99000, 22.
34.00000, 21.
34.01000, 19.
34.02000, 20.
34.03000, 15.
34.04000, 12.
34.05000, 19.
34.06000, 31.
34.07000, 10.
34.08000, 18.
34.09000, 22.
34.10000, 24.
34.11000, 16.
34.12000, 13.
34.13000, 21.
34.14000, 24.
34.15000, 20.
34.16000, 22.
34.17000, 12.
34.18000, 14.
34.19000, 8.
34.20000, 21.
34.21000, 22.
34.22000, 17.
34.23000, 13.
34.24000, 19.
34.25000, 13.
34.26000, 10.
34.27000, 13.
34.28000, 12.
34.29000, 7.
34.30000, 22.
34.31000, 14.
34.32000, 18.
34.33000, 22.
34.34000, 21.
34.35000, 17.
34.36000, 20.
34.37000, 18.
34.38000, 17.
34.39000, 20.
34.40000, 14.
34.41000, 13.
34.42000, 17.
34.43000, 20.
34.44000, 12.
34.45000, 17.
34.46000, 25.
34.47000, 23.
34.48000, 17.
34.49000, 11.
34.50000, 25.
34.51000, 19.
34.52000, 19.
34.53000, 16.
34.54000, 18.
34.55000, 16.
34.56000, 13.
34.57000, 14.
34.58000, 19.
34.59000, 19.
34.60000, 18.
34.61000, 22.
34.62000, 13.
34.63000, 15.
34.64000, 21.
34.65000, 18.
34.66000, 18.
34.67000, 12.
34.68000, 15.
34.69000, 14.
34.70000, 16.
34.71000, 16.
34.72000, 7.
34.73000, 12.
34.74000, 19.
34.75000, 19.
34.76000, 18.
34.77000, 22.
34.78000, 17.
34.79000, 17.
34.80000, 16.
34.81000, 13.
34.82000, 16.
34.83000, 16.
34.84000, 22.
34.85000, 21.
34.86000, 20.
34.87000, 21.
34.88000, 18.
34.89000, 14.
34.90000, 18.
34.91000, 12.
34.92000, 14.
34.93000, 15.
34.94000, 15.
34.95000, 22.
34.96000, 15.
34.97000, 17.
34.98000, 21.
34.99000, 20.
35.00000, 19.
35.01000, 14.
35.02000, 25.
35.03000, 17.
35.04000, 11.
35.05000, 14.
35.06000, 19.
35.07000, 17.
35.08000, 13.
35.09000, 10.
35.10000, 15.
35.11000, 19.
35.12000, 15.
35.13000, 11.
35.14000, 10.
35.15000, 15.
35.16000, 13.
35.17000, 18.
35.18000, 15.
35.19000, 28.
35.20000, 16.
35.21000, 13.
35.22000, 12.
35.23000, 11.
35.24000, 11.
35.25000, 7.
35.26000, 16.
35.27000, 11.
35.28000, 18.
35.29000, 22.
35.30000, 12.
35.31000, 11.
35.32000, 11.
35.33000, 9.
35.34000, 16.
35.35000, 15.
35.36000, 15.
35.37000, 12.
35.38000, 16.
35.39000, 13.
35.40000, 18.
35.41000, 11.
35.42000, 19.
35.43000, 14.
35.44000, 14.
35.45000, 17.
35.46000, 12.
35.47000, 10.
35.48000, 18.
35.49000, 18.
35.50000, 16.
35.51000, 12.
35.52000, 16.
35.53000, 10.
35.54000, 9.
35.55000, 10.
35.56000, 15.
35.57000, 8.
35.58000, 18.
35.59000, 15.
35.60000, 19.
35.61000, 11.
35.62000, 14.
35.63000, 9.
35.64000, 11.
35.65000, 21.
35.66000, 10.
35.67000, 13.
35.68000, 15.
35.69000, 9.
35.70000, 15.
35.71000, 17.
35.72000, 14.
35.73000, 10.
35.74000, 13.
35.75000, 12.
35.76000, 16.
35.77000, 17.
35.78000, 9.
35.79000, 14.
35.80000, 9.
35.81000, 18.
35.82000, 8.
35.83000, 15.
35.84000, 9.
35.85000, 15.
35.86000, 13.
35.87000, 21.
35.88000, 7.
35.89000, 10.
35.90000, 11.
35.91000, 19.
35.92000, 9.
35.93000, 9.
35.94000, 15.
35.95000, 15.
35.96000, 15.
35.97000, 14.
35.98000, 17.
35.99000, 10.
36.00000, 13.
36.01000, 6.
36.02000, 21.
36.03000, 7.
36.04000, 13.
36.05000, 15.
36.06000, 11.
36.07000, 13.
36.08000, 9.
36.09000, 14.
36.10000, 23.
36.11000, 15.
36.12000, 18.
36.13000, 8.
36.14000, 14.
36.15000, 10.
36.16000, 18.
36.17000, 11.
36.18000, 14.
36.19000, 18.
36.20000, 13.
36.21000, 16.
36.22000, 12.
36.23000, 10.
36.24000, 11.
36.25000, 6.
36.26000, 21.
36.27000, 20.
36.28000, 16.
36.29000, 14.
36.30000, 9.
36.31000, 10.
36.32000, 13.
36.33000, 10.
36.34000, 17.
36.35000, 9.
36.36000, 17.
36.37000, 13.
36.38000, 10.
36.39000, 9.
36.40000, 10.
36.41000, 17.
36.42000, 17.
36.43000, 11.
36.44000, 4.
36.45000, 12.
36.46000, 10.
36.47000, 11.
36.48000, 14.
36.49000, 8.
36.50000, 9.
36.51000, 7.
36.52000, 10.
36.53000, 8.
36.54000, 11.
36.55000, 7.
36.56000, 4.
36.57000, 9.
36.58000, 10.
36.59000, 12.
36.60000, 15.
36.61000, 14.
36.62000, 9.
36.63000, 9.
36.64000, 15.
36.65000, 16.
36.66000, 11.
36.67000, 12.
36.68000, 8.
36.69000, 5.
36.70000, 12.
36.71000, 11.
36.72000, 9.
36.73000, 16.
36.74000, 10.
36.75000, 10.
36.76000, 19.
36.77000, 12.
36.78000, 10.
36.79000, 9.
36.80000, 12.
36.81000, 15.
36.82000, 7.
36.83000, 10.
36.84000, 10.
36.85000, 7.
36.86000, 16.
36.87000, 7.
36.88000, 9.
36.89000, 12.
36.90000, 12.
36.91000, 11.
36.92000, 15.
36.93000, 13.
36.94000, 12.
36.95000, 12.
36.96000, 14.
36.97000, 7.
36.98000, 11.
36.99000, 14.
37.00000, 9.
37.01000, 19.
37.02000, 7.
37.03000, 11.
37.04000, 13.
37.05000, 14.
37.06000, 12.
37.07000, 15.
37.08000, 10.
37.09000, 13.
37.10000, 16.
37.11000, 6.
37.12000, 10.
37.13000, 7.
37.14000, 7.
37.15000, 13.
37.16000, 6.
37.17000, 9.
37.18000, 6.
37.19000, 18.
37.20000, 12.
37.21000, 14.
37.22000, 13.
37.23000, 9.
37.24000, 9.
37.25000, 6.
37.26000, 12.
37.27000, 8.
37.28000, 19.
37.29000, 11.
37.30000, 14.
37.31000, 10.
37.32000, 7.
37.33000, 11.
37.34000, 12.
37.35000, 10.
37.36000, 14.
37.37000, 16.
37.38000, 14.
37.39000, 8.
37.40000, 7.
37.41000, 11.
37.42000, 13.
37.43000, 9.
37.44000, 6.
37.45000, 10.
37.46000, 10.
37.47000, 10.
37.48000, 9.
37.49000, 12.
37.50000, 8.
37.51000, 5.
37.52000, 7.
37.53000, 7.
37.54000, 8.
37.55000, 8.
37.56000, 11.
37.57000, 8.
37.58000, 8.
37.59000, 8.
37.60000, 10.
37.61000, 9.
37.62000, 9.
37.63000, 6.
37.64000, 10.
37.65000, 9.
37.66000, 17.
37.67000, 14.
37.68000, 8.
37.69000, 8.
37.70000, 7.
37.71000, 8.
37.72000, 8.
37.73000, 5.
37.74000, 10.
37.75000, 5.
37.76000, 7.
37.77000, 5.
37.78000, 9.
37.79000, 9.
37.80000, 11.
37.81000, 7.
37.82000, 10.
37.83000, 12.
37.84000, 6.
37.85000, 6.
37.86000, 7.
37.87000, 8.
37.88000, 7.
37.89000, 9.
37.90000, 15.
37.91000, 8.
37.92000, 7.
37.93000, 8.
37.94000, 12.
37.95000, 5.
37.96000, 8.
37.97000, 6.
37.98000, 8.
37.99000, 12.
38.00000, 16.
38.01000, 9.
38.02000, 10.
38.03000, 10.
38.04000, 10.
38.05000, 7.
38.06000, 7.
38.07000, 4.
38.08000, 4.
38.09000, 6.
38.10000, 9.
38.11000, 7.
38.12000, 11.
38.13000, 11.
38.14000, 4.
38.15000, 9.
38.16000, 10.
38.17000, 5.
38.18000, 5.
38.19000, 3.
38.20000, 4.
38.21000, 8.
38.22000, 7.
38.23000, 15.
38.24000, 7.
38.25000, 5.
38.26000, 9.
38.27000, 7.
38.28000, 8.
38.29000, 11.
38.30000, 8.
38.31000, 10.
38.32000, 4.
38.33000, 6.
38.34000, 10.
38.35000, 11.
38.36000, 9.
38.37000, 13.
38.38000, 8.
38.39000, 8.
38.40000, 9.
38.41000, 11.
38.42000, 10.
38.43000, 12.
38.44000, 10.
38.45000, 6.
38.46000, 6.
38.47000, 10.
38.48000, 7.
38.49000, 7.
38.50000, 9.
38.51000, 6.
38.52000, 8.
38.53000, 10.
38.54000, 5.
38.55000, 5.
38.56000, 5.
38.57000, 10.
38.58000, 9.
38.59000, 10.
38.60000, 8.
38.61000, 9.
38.62000, 6.
38.63000, 9.
38.64000, 13.
38.65000, 5.
38.66000, 8.
38.67000, 6.
38.68000, 6.
38.69000, 8.
38.70000, 15.
38.71000, 7.
38.72000, 6.
38.73000, 7.
38.74000, 7.
38.75000, 3.
38.76000, 6.
38.77000, 11.
38.78000, 12.
38.79000, 5.
38.80000, 10.
38.81000, 7.
38.82000, 6.
38.83000, 5.
38.84000, 11.
38.85000, 3.
38.86000, 6.
38.87000, 13.
38.88000, 4.
38.89000, 3.
38.90000, 7.
38.91000, 6.
38.92000, 10.
38.93000, 13.
38.94000, 3.
38.95000, 6.
38.96000, 7.
38.97000, 11.
38.98000, 7.
38.99000, 9.
39.00000, 8.
39.01000, 3.
39.02000, 7.
39.03000, 11.
39.04000, 9.
39.05000, 5.
39.06000, 10.
39.07000, 5.
39.08000, 7.
39.09000, 9.
39.10000, 7.
39.11000, 6.
39.12000, 3.
39.13000, 7.
39.14000, 9.
39.15000, 8.
39.16000, 6.
39.17000, 8.
39.18000, 10.
39.19000, 7.
39.20000, 12.
39.21000, 5.
39.22000, 6.
39.23000, 3.
39.24000, 10.
39.25000, 8.
39.26000, 6.
39.27000, 3.
39.28000, 10.
39.29000, 7.
39.30000, 6.
39.31000, 2.
39.32000, 6.
39.33000, 8.
39.34000, 4.
39.35000, 5.
39.36000, 7.
39.37000, 7.
39.38000, 6.
39.39000, 6.
39.40000, 6.
39.41000, 7.
39.42000, 4.
39.43000, 6.
39.44000, 5.
39.45000, 4.
39.46000, 7.
39.47000, 5.
39.48000, 6.
39.49000, 6.
39.50000, 4.
39.51000, 4.
39.52000, 7.
39.53000, 9.
39.54000, 8.
39.55000, 9.
39.56000, 3.
39.57000, 13.
39.58000, 7.
39.59000, 8.
39.60000, 9.
39.61000, 7.
39.62000, 7.
39.63000, 4.
39.64000, 7.
39.65000, 2.
39.66000, 7.
39.67000, 2.
39.68000, 6.
39.69000, 4.
39.70000, 6.
39.71000, 4.
39.72000, 5.
39.73000, 10.
39.74000, 4.
39.75000, 9.
39.76000, 8.
39.77000, 5.
39.78000, 4.
39.79000, 5.
39.80000, 7.
39.81000, 4.
39.82000, 5.
39.83000, 6.
39.84000, 5.
39.85000, 10.
39.86000, 6.
39.87000, 4.
39.88000, 5.
39.89000, 7.
39.90000, 5.
39.91000, 12.
39.92000, 2.
39.93000, 5.
39.94000, 3.
39.95000, 5.
39.96000, 6.
39.97000, 3.
39.98000, 7.
39.99000, 7.
40.00000, 5.
40.01000, 7.
40.02000, 4.
40.03000, 2.
40.04000, 7.
40.05000, 6.
40.06000, 4.
40.07000, 7.
40.08000, 10.
40.09000, 5.
40.10000, 3.
40.11000, 9.
40.12000, 3.
40.13000, 0.
40.14000, 4.
40.15000, 5.
40.16000, 5.
40.17000, 8.
40.18000, 10.
40.19000, 5.
40.20000, 3.
40.21000, 4.
40.22000, 4.
40.23000, 2.
40.24000, 4.
40.25000, 4.
40.26000, 3.
40.27000, 6.
40.28000, 5.
40.29000, 6.
40.30000, 2.
40.31000, 4.
40.32000, 7.
40.33000, 4.
40.34000, 3.
40.35000, 2.
40.36000, 8.
40.37000, 6.
40.38000, 2.
40.39000, 0.
40.40000, 8.
40.41000, 5.
40.42000, 7.
40.43000, 4.
40.44000, 3.
40.45000, 3.
40.46000, 2.
40.47000, 4.
40.48000, 7.
40.49000, 2.
40.50000, 11.
40.51000, 4.
40.52000, 1.
40.53000, 7.
40.54000, 9.
40.55000, 0.
#ENDOFDATA   : 
