#FORMAT      : EMSA/MAS Spectral Data File
#VERSION     : 1.0
#TITLE       : Spectrum 22
#DATE        : 21-AUG-2025
#TIME        : 15:26
#OWNER       : XGT7200
#NPOINTS     : 4096.
#NCOLUMNS    : 1.
#XUNITS      : keV
#YUNITS      : counts
#DATATYPE    : XY
#XPERCHAN    : 0.0100000
#OFFSET      : -0.400000
#SIGNALTYPE  : EDS
#CHOFFSET    : 40.0000
#LIVETIME    : 30.000000
#REALTIME    : 39.784303
#BEAMKV      : 50.0000
#PROBECUR    : 692000.
#MAGCAM      : 100.000
#XTILTSTGE   : 0.0
#AZIMANGLE   : 0.0
#ELEVANGLE   : 45.0
#XPOSITION mm: 0.0000
#YPOSITION mm: 0.0000
#ZPOSITION mm: 0.0000
##OXINSTPT   : 4
##OXINSTSTROB: 71.84
#SPECTRUM    : Spectral Data Starts Here
-0.40000, 0.
-0.39000, 0.
-0.38000, 0.
-0.37000, 0.
-0.36000, 0.
-0.35000, 0.
-0.34000, 0.
-0.33000, 0.
-0.32000, 0.
-0.31000, 0.
-0.30000, 0.
-0.29000, 0.
-0.28000, 0.
-0.27000, 0.
-0.26000, 0.
-0.25000, 0.
-0.24000, 0.
-0.23000, 0.
-0.22000, 0.
-0.21000, 0.
-0.20000, 0.
-0.19000, 0.
-0.18000, 0.
-0.17000, 0.
-0.16000, 0.
-0.15000, 0.
-0.14000, 0.
-0.13000, 0.
-0.12000, 0.
-0.11000, 0.
-0.10000, 0.
-0.09000, 0.
-0.08000, 0.
-0.07000, 0.
-0.06000, 0.
-0.05000, 0.
-0.04000, 0.
-0.03000, 0.
-0.02000, 0.
-0.01000, 0.
0.00000, 0.
0.01000, 0.
0.02000, 0.
0.03000, 0.
0.04000, 0.
0.05000, 0.
0.06000, 0.
0.07000, 0.
0.08000, 0.
0.09000, 0.
0.10000, 0.
0.11000, 0.
0.12000, 0.
0.13000, 0.
0.14000, 0.
0.15000, 0.
0.16000, 0.
0.17000, 0.
0.18000, 0.
0.19000, 0.
0.20000, 0.
0.21000, 0.
0.22000, 0.
0.23000, 0.
0.24000, 0.
0.25000, 0.
0.26000, 0.
0.27000, 0.
0.28000, 0.
0.29000, 0.
0.30000, 0.
0.31000, 0.
0.32000, 0.
0.33000, 0.
0.34000, 2.
0.35000, 2.
0.36000, 4.
0.37000, 3.
0.38000, 15.
0.39000, 10.
0.40000, 17.
0.41000, 25.
0.42000, 30.
0.43000, 26.
0.44000, 37.
0.45000, 27.
0.46000, 37.
0.47000, 51.
0.48000, 43.
0.49000, 56.
0.50000, 35.
0.51000, 49.
0.52000, 34.
0.53000, 41.
0.54000, 36.
0.55000, 48.
0.56000, 34.
0.57000, 36.
0.58000, 47.
0.59000, 46.
0.60000, 44.
0.61000, 42.
0.62000, 50.
0.63000, 30.
0.64000, 36.
0.65000, 40.
0.66000, 39.
0.67000, 47.
0.68000, 45.
0.69000, 37.
0.70000, 29.
0.71000, 36.
0.72000, 42.
0.73000, 38.
0.74000, 38.
0.75000, 41.
0.76000, 33.
0.77000, 40.
0.78000, 25.
0.79000, 29.
0.80000, 44.
0.81000, 35.
0.82000, 41.
0.83000, 26.
0.84000, 53.
0.85000, 37.
0.86000, 40.
0.87000, 30.
0.88000, 31.
0.89000, 38.
0.90000, 45.
0.91000, 39.
0.92000, 40.
0.93000, 48.
0.94000, 39.
0.95000, 40.
0.96000, 48.
0.97000, 39.
0.98000, 42.
0.99000, 44.
1.00000, 39.
1.01000, 47.
1.02000, 56.
1.03000, 45.
1.04000, 52.
1.05000, 37.
1.06000, 51.
1.07000, 43.
1.08000, 41.
1.09000, 41.
1.10000, 48.
1.11000, 31.
1.12000, 30.
1.13000, 28.
1.14000, 39.
1.15000, 32.
1.16000, 34.
1.17000, 34.
1.18000, 44.
1.19000, 58.
1.20000, 59.
1.21000, 48.
1.22000, 76.
1.23000, 83.
1.24000, 87.
1.25000, 90.
1.26000, 81.
1.27000, 91.
1.28000, 90.
1.29000, 77.
1.30000, 70.
1.31000, 52.
1.32000, 60.
1.33000, 49.
1.34000, 52.
1.35000, 36.
1.36000, 42.
1.37000, 42.
1.38000, 68.
1.39000, 67.
1.40000, 109.
1.41000, 128.
1.42000, 235.
1.43000, 291.
1.44000, 411.
1.45000, 530.
1.46000, 618.
1.47000, 769.
1.48000, 829.
1.49000, 914.
1.50000, 899.
1.51000, 834.
1.52000, 758.
1.53000, 633.
1.54000, 511.
1.55000, 378.
1.56000, 280.
1.57000, 190.
1.58000, 171.
1.59000, 138.
1.60000, 112.
1.61000, 109.
1.62000, 145.
1.63000, 195.
1.64000, 259.
1.65000, 474.
1.66000, 731.
1.67000, 1113.
1.68000, 1658.
1.69000, 2327.
1.70000, 3132.
1.71000, 3831.
1.72000, 4638.
1.73000, 5055.
1.74000, 5650.
1.75000, 5476.
1.76000, 5323.
1.77000, 4778.
1.78000, 4000.
1.79000, 3394.
1.80000, 2684.
1.81000, 1973.
1.82000, 1411.
1.83000, 954.
1.84000, 673.
1.85000, 492.
1.86000, 385.
1.87000, 275.
1.88000, 214.
1.89000, 154.
1.90000, 128.
1.91000, 101.
1.92000, 90.
1.93000, 82.
1.94000, 68.
1.95000, 70.
1.96000, 73.
1.97000, 85.
1.98000, 83.
1.99000, 69.
2.00000, 86.
2.01000, 88.
2.02000, 98.
2.03000, 77.
2.04000, 68.
2.05000, 64.
2.06000, 59.
2.07000, 48.
2.08000, 42.
2.09000, 42.
2.10000, 42.
2.11000, 35.
2.12000, 29.
2.13000, 34.
2.14000, 27.
2.15000, 29.
2.16000, 25.
2.17000, 28.
2.18000, 21.
2.19000, 26.
2.20000, 28.
2.21000, 28.
2.22000, 24.
2.23000, 42.
2.24000, 35.
2.25000, 43.
2.26000, 45.
2.27000, 59.
2.28000, 76.
2.29000, 72.
2.30000, 77.
2.31000, 65.
2.32000, 62.
2.33000, 76.
2.34000, 67.
2.35000, 73.
2.36000, 55.
2.37000, 45.
2.38000, 49.
2.39000, 38.
2.40000, 41.
2.41000, 29.
2.42000, 36.
2.43000, 26.
2.44000, 37.
2.45000, 35.
2.46000, 30.
2.47000, 30.
2.48000, 35.
2.49000, 33.
2.50000, 38.
2.51000, 32.
2.52000, 41.
2.53000, 40.
2.54000, 33.
2.55000, 53.
2.56000, 60.
2.57000, 47.
2.58000, 86.
2.59000, 98.
2.60000, 102.
2.61000, 150.
2.62000, 166.
2.63000, 206.
2.64000, 239.
2.65000, 317.
2.66000, 352.
2.67000, 421.
2.68000, 456.
2.69000, 475.
2.70000, 487.
2.71000, 474.
2.72000, 455.
2.73000, 402.
2.74000, 379.
2.75000, 343.
2.76000, 316.
2.77000, 280.
2.78000, 260.
2.79000, 213.
2.80000, 243.
2.81000, 264.
2.82000, 228.
2.83000, 230.
2.84000, 268.
2.85000, 235.
2.86000, 242.
2.87000, 227.
2.88000, 204.
2.89000, 202.
2.90000, 147.
2.91000, 161.
2.92000, 133.
2.93000, 112.
2.94000, 104.
2.95000, 86.
2.96000, 85.
2.97000, 79.
2.98000, 74.
2.99000, 72.
3.00000, 63.
3.01000, 50.
3.02000, 45.
3.03000, 41.
3.04000, 43.
3.05000, 23.
3.06000, 44.
3.07000, 43.
3.08000, 31.
3.09000, 45.
3.10000, 30.
3.11000, 24.
3.12000, 36.
3.13000, 29.
3.14000, 37.
3.15000, 45.
3.16000, 41.
3.17000, 50.
3.18000, 51.
3.19000, 75.
3.20000, 84.
3.21000, 100.
3.22000, 157.
3.23000, 206.
3.24000, 241.
3.25000, 337.
3.26000, 426.
3.27000, 491.
3.28000, 587.
3.29000, 701.
3.30000, 745.
3.31000, 803.
3.32000, 818.
3.33000, 824.
3.34000, 779.
3.35000, 650.
3.36000, 617.
3.37000, 486.
3.38000, 416.
3.39000, 277.
3.40000, 245.
3.41000, 160.
3.42000, 122.
3.43000, 91.
3.44000, 57.
3.45000, 61.
3.46000, 47.
3.47000, 60.
3.48000, 47.
3.49000, 60.
3.50000, 75.
3.51000, 70.
3.52000, 97.
3.53000, 100.
3.54000, 106.
3.55000, 126.
3.56000, 204.
3.57000, 217.
3.58000, 268.
3.59000, 328.
3.60000, 451.
3.61000, 544.
3.62000, 727.
3.63000, 877.
3.64000, 1024.
3.65000, 1261.
3.66000, 1418.
3.67000, 1613.
3.68000, 1741.
3.69000, 1832.
3.70000, 1724.
3.71000, 1625.
3.72000, 1587.
3.73000, 1336.
3.74000, 1180.
3.75000, 977.
3.76000, 803.
3.77000, 649.
3.78000, 463.
3.79000, 318.
3.80000, 218.
3.81000, 155.
3.82000, 109.
3.83000, 101.
3.84000, 50.
3.85000, 50.
3.86000, 49.
3.87000, 43.
3.88000, 44.
3.89000, 42.
3.90000, 62.
3.91000, 60.
3.92000, 78.
3.93000, 86.
3.94000, 113.
3.95000, 161.
3.96000, 166.
3.97000, 203.
3.98000, 217.
3.99000, 280.
4.00000, 267.
4.01000, 302.
4.02000, 309.
4.03000, 306.
4.04000, 257.
4.05000, 216.
4.06000, 219.
4.07000, 183.
4.08000, 162.
4.09000, 125.
4.10000, 100.
4.11000, 94.
4.12000, 67.
4.13000, 49.
4.14000, 35.
4.15000, 35.
4.16000, 23.
4.17000, 24.
4.18000, 31.
4.19000, 30.
4.20000, 34.
4.21000, 33.
4.22000, 30.
4.23000, 31.
4.24000, 22.
4.25000, 29.
4.26000, 17.
4.27000, 20.
4.28000, 33.
4.29000, 30.
4.30000, 23.
4.31000, 30.
4.32000, 35.
4.33000, 44.
4.34000, 30.
4.35000, 32.
4.36000, 41.
4.37000, 71.
4.38000, 68.
4.39000, 82.
4.40000, 102.
4.41000, 135.
4.42000, 189.
4.43000, 206.
4.44000, 261.
4.45000, 328.
4.46000, 359.
4.47000, 448.
4.48000, 502.
4.49000, 570.
4.50000, 601.
4.51000, 589.
4.52000, 592.
4.53000, 524.
4.54000, 507.
4.55000, 497.
4.56000, 383.
4.57000, 357.
4.58000, 300.
4.59000, 265.
4.60000, 224.
4.61000, 186.
4.62000, 156.
4.63000, 146.
4.64000, 124.
4.65000, 124.
4.66000, 122.
4.67000, 142.
4.68000, 92.
4.69000, 91.
4.70000, 93.
4.71000, 78.
4.72000, 71.
4.73000, 84.
4.74000, 61.
4.75000, 59.
4.76000, 59.
4.77000, 58.
4.78000, 56.
4.79000, 72.
4.80000, 55.
4.81000, 81.
4.82000, 93.
4.83000, 106.
4.84000, 78.
4.85000, 111.
4.86000, 99.
4.87000, 100.
4.88000, 102.
4.89000, 131.
4.90000, 149.
4.91000, 147.
4.92000, 136.
4.93000, 148.
4.94000, 134.
4.95000, 158.
4.96000, 148.
4.97000, 124.
4.98000, 143.
4.99000, 101.
5.00000, 105.
5.01000, 88.
5.02000, 100.
5.03000, 67.
5.04000, 87.
5.05000, 75.
5.06000, 61.
5.07000, 60.
5.08000, 51.
5.09000, 56.
5.10000, 51.
5.11000, 57.
5.12000, 58.
5.13000, 52.
5.14000, 59.
5.15000, 63.
5.16000, 64.
5.17000, 53.
5.18000, 59.
5.19000, 66.
5.20000, 65.
5.21000, 59.
5.22000, 52.
5.23000, 66.
5.24000, 61.
5.25000, 55.
5.26000, 65.
5.27000, 67.
5.28000, 57.
5.29000, 72.
5.30000, 60.
5.31000, 57.
5.32000, 64.
5.33000, 69.
5.34000, 77.
5.35000, 82.
5.36000, 60.
5.37000, 71.
5.38000, 81.
5.39000, 89.
5.40000, 87.
5.41000, 84.
5.42000, 87.
5.43000, 71.
5.44000, 78.
5.45000, 69.
5.46000, 85.
5.47000, 82.
5.48000, 76.
5.49000, 73.
5.50000, 71.
5.51000, 59.
5.52000, 49.
5.53000, 67.
5.54000, 52.
5.55000, 45.
5.56000, 65.
5.57000, 57.
5.58000, 50.
5.59000, 52.
5.60000, 56.
5.61000, 65.
5.62000, 54.
5.63000, 59.
5.64000, 46.
5.65000, 59.
5.66000, 50.
5.67000, 55.
5.68000, 64.
5.69000, 61.
5.70000, 53.
5.71000, 44.
5.72000, 44.
5.73000, 71.
5.74000, 49.
5.75000, 61.
5.76000, 78.
5.77000, 77.
5.78000, 93.
5.79000, 101.
5.80000, 130.
5.81000, 154.
5.82000, 176.
5.83000, 192.
5.84000, 212.
5.85000, 263.
5.86000, 269.
5.87000, 290.
5.88000, 292.
5.89000, 298.
5.90000, 309.
5.91000, 342.
5.92000, 305.
5.93000, 277.
5.94000, 298.
5.95000, 241.
5.96000, 228.
5.97000, 180.
5.98000, 171.
5.99000, 164.
6.00000, 120.
6.01000, 100.
6.02000, 90.
6.03000, 88.
6.04000, 89.
6.05000, 81.
6.06000, 70.
6.07000, 75.
6.08000, 83.
6.09000, 79.
6.10000, 87.
6.11000, 99.
6.12000, 101.
6.13000, 94.
6.14000, 98.
6.15000, 105.
6.16000, 128.
6.17000, 139.
6.18000, 133.
6.19000, 164.
6.20000, 239.
6.21000, 281.
6.22000, 383.
6.23000, 495.
6.24000, 742.
6.25000, 1035.
6.26000, 1426.
6.27000, 1976.
6.28000, 2794.
6.29000, 3568.
6.30000, 4775.
6.31000, 6057.
6.32000, 7530.
6.33000, 9231.
6.34000, 10904.
6.35000, 12685.
6.36000, 13993.
6.37000, 15492.
6.38000, 16579.
6.39000, 17115.
6.40000, 17239.
6.41000, 17005.
6.42000, 16337.
6.43000, 15402.
6.44000, 14039.
6.45000, 12183.
6.46000, 10749.
6.47000, 8911.
6.48000, 7583.
6.49000, 5944.
6.50000, 4593.
6.51000, 3511.
6.52000, 2602.
6.53000, 1934.
6.54000, 1301.
6.55000, 962.
6.56000, 723.
6.57000, 498.
6.58000, 337.
6.59000, 286.
6.60000, 206.
6.61000, 188.
6.62000, 161.
6.63000, 111.
6.64000, 122.
6.65000, 117.
6.66000, 108.
6.67000, 110.
6.68000, 105.
6.69000, 104.
6.70000, 113.
6.71000, 116.
6.72000, 101.
6.73000, 109.
6.74000, 116.
6.75000, 114.
6.76000, 125.
6.77000, 105.
6.78000, 121.
6.79000, 125.
6.80000, 138.
6.81000, 144.
6.82000, 146.
6.83000, 138.
6.84000, 156.
6.85000, 157.
6.86000, 191.
6.87000, 231.
6.88000, 240.
6.89000, 259.
6.90000, 338.
6.91000, 392.
6.92000, 440.
6.93000, 603.
6.94000, 700.
6.95000, 899.
6.96000, 1076.
6.97000, 1275.
6.98000, 1516.
6.99000, 1750.
7.00000, 1990.
7.01000, 2188.
7.02000, 2418.
7.03000, 2636.
7.04000, 2769.
7.05000, 2740.
7.06000, 2776.
7.07000, 2673.
7.08000, 2579.
7.09000, 2368.
7.10000, 2136.
7.11000, 1944.
7.12000, 1717.
7.13000, 1418.
7.14000, 1200.
7.15000, 1046.
7.16000, 787.
7.17000, 608.
7.18000, 486.
7.19000, 372.
7.20000, 275.
7.21000, 228.
7.22000, 160.
7.23000, 120.
7.24000, 109.
7.25000, 104.
7.26000, 98.
7.27000, 73.
7.28000, 85.
7.29000, 92.
7.30000, 57.
7.31000, 86.
7.32000, 64.
7.33000, 85.
7.34000, 71.
7.35000, 57.
7.36000, 78.
7.37000, 50.
7.38000, 71.
7.39000, 81.
7.40000, 66.
7.41000, 77.
7.42000, 87.
7.43000, 101.
7.44000, 95.
7.45000, 96.
7.46000, 86.
7.47000, 72.
7.48000, 86.
7.49000, 91.
7.50000, 113.
7.51000, 90.
7.52000, 100.
7.53000, 90.
7.54000, 75.
7.55000, 82.
7.56000, 83.
7.57000, 80.
7.58000, 80.
7.59000, 71.
7.60000, 81.
7.61000, 67.
7.62000, 88.
7.63000, 62.
7.64000, 67.
7.65000, 71.
7.66000, 63.
7.67000, 83.
7.68000, 60.
7.69000, 77.
7.70000, 85.
7.71000, 84.
7.72000, 82.
7.73000, 85.
7.74000, 75.
7.75000, 86.
7.76000, 78.
7.77000, 72.
7.78000, 90.
7.79000, 85.
7.80000, 91.
7.81000, 101.
7.82000, 86.
7.83000, 92.
7.84000, 91.
7.85000, 95.
7.86000, 80.
7.87000, 109.
7.88000, 104.
7.89000, 107.
7.90000, 100.
7.91000, 109.
7.92000, 109.
7.93000, 109.
7.94000, 112.
7.95000, 108.
7.96000, 109.
7.97000, 140.
7.98000, 125.
7.99000, 113.
8.00000, 128.
8.01000, 134.
8.02000, 133.
8.03000, 141.
8.04000, 154.
8.05000, 139.
8.06000, 131.
8.07000, 126.
8.08000, 135.
8.09000, 139.
8.10000, 162.
8.11000, 145.
8.12000, 158.
8.13000, 172.
8.14000, 138.
8.15000, 123.
8.16000, 125.
8.17000, 129.
8.18000, 107.
8.19000, 115.
8.20000, 113.
8.21000, 144.
8.22000, 123.
8.23000, 104.
8.24000, 124.
8.25000, 118.
8.26000, 93.
8.27000, 91.
8.28000, 98.
8.29000, 118.
8.30000, 94.
8.31000, 104.
8.32000, 111.
8.33000, 105.
8.34000, 102.
8.35000, 105.
8.36000, 78.
8.37000, 103.
8.38000, 103.
8.39000, 115.
8.40000, 111.
8.41000, 109.
8.42000, 102.
8.43000, 107.
8.44000, 101.
8.45000, 101.
8.46000, 107.
8.47000, 99.
8.48000, 132.
8.49000, 131.
8.50000, 120.
8.51000, 135.
8.52000, 119.
8.53000, 149.
8.54000, 169.
8.55000, 172.
8.56000, 147.
8.57000, 192.
8.58000, 227.
8.59000, 197.
8.60000, 252.
8.61000, 227.
8.62000, 268.
8.63000, 247.
8.64000, 239.
8.65000, 259.
8.66000, 224.
8.67000, 222.
8.68000, 203.
8.69000, 215.
8.70000, 189.
8.71000, 153.
8.72000, 152.
8.73000, 164.
8.74000, 137.
8.75000, 130.
8.76000, 145.
8.77000, 122.
8.78000, 146.
8.79000, 130.
8.80000, 108.
8.81000, 119.
8.82000, 115.
8.83000, 89.
8.84000, 111.
8.85000, 122.
8.86000, 116.
8.87000, 120.
8.88000, 107.
8.89000, 139.
8.90000, 123.
8.91000, 119.
8.92000, 132.
8.93000, 91.
8.94000, 114.
8.95000, 101.
8.96000, 97.
8.97000, 120.
8.98000, 97.
8.99000, 103.
9.00000, 108.
9.01000, 103.
9.02000, 112.
9.03000, 84.
9.04000, 106.
9.05000, 97.
9.06000, 99.
9.07000, 102.
9.08000, 123.
9.09000, 114.
9.10000, 98.
9.11000, 121.
9.12000, 111.
9.13000, 123.
9.14000, 120.
9.15000, 127.
9.16000, 111.
9.17000, 128.
9.18000, 134.
9.19000, 126.
9.20000, 112.
9.21000, 109.
9.22000, 125.
9.23000, 124.
9.24000, 114.
9.25000, 118.
9.26000, 142.
9.27000, 127.
9.28000, 118.
9.29000, 115.
9.30000, 127.
9.31000, 124.
9.32000, 98.
9.33000, 110.
9.34000, 130.
9.35000, 119.
9.36000, 115.
9.37000, 119.
9.38000, 119.
9.39000, 100.
9.40000, 99.
9.41000, 117.
9.42000, 122.
9.43000, 129.
9.44000, 127.
9.45000, 144.
9.46000, 120.
9.47000, 145.
9.48000, 143.
9.49000, 114.
9.50000, 145.
9.51000, 129.
9.52000, 162.
9.53000, 141.
9.54000, 137.
9.55000, 146.
9.56000, 151.
9.57000, 134.
9.58000, 146.
9.59000, 117.
9.60000, 137.
9.61000, 153.
9.62000, 150.
9.63000, 165.
9.64000, 121.
9.65000, 145.
9.66000, 127.
9.67000, 129.
9.68000, 124.
9.69000, 115.
9.70000, 132.
9.71000, 131.
9.72000, 124.
9.73000, 114.
9.74000, 119.
9.75000, 112.
9.76000, 110.
9.77000, 118.
9.78000, 125.
9.79000, 134.
9.80000, 119.
9.81000, 116.
9.82000, 101.
9.83000, 114.
9.84000, 121.
9.85000, 114.
9.86000, 127.
9.87000, 104.
9.88000, 125.
9.89000, 125.
9.90000, 128.
9.91000, 116.
9.92000, 119.
9.93000, 112.
9.94000, 113.
9.95000, 120.
9.96000, 90.
9.97000, 132.
9.98000, 121.
9.99000, 136.
10.00000, 134.
10.01000, 114.
10.02000, 115.
10.03000, 130.
10.04000, 119.
10.05000, 107.
10.06000, 125.
10.07000, 126.
10.08000, 102.
10.09000, 138.
10.10000, 113.
10.11000, 111.
10.12000, 139.
10.13000, 126.
10.14000, 132.
10.15000, 129.
10.16000, 130.
10.17000, 119.
10.18000, 116.
10.19000, 143.
10.20000, 109.
10.21000, 132.
10.22000, 136.
10.23000, 121.
10.24000, 114.
10.25000, 122.
10.26000, 117.
10.27000, 116.
10.28000, 127.
10.29000, 139.
10.30000, 118.
10.31000, 130.
10.32000, 141.
10.33000, 122.
10.34000, 126.
10.35000, 121.
10.36000, 132.
10.37000, 127.
10.38000, 157.
10.39000, 149.
10.40000, 143.
10.41000, 146.
10.42000, 146.
10.43000, 155.
10.44000, 138.
10.45000, 144.
10.46000, 153.
10.47000, 161.
10.48000, 161.
10.49000, 179.
10.50000, 162.
10.51000, 153.
10.52000, 191.
10.53000, 161.
10.54000, 178.
10.55000, 170.
10.56000, 182.
10.57000, 168.
10.58000, 166.
10.59000, 169.
10.60000, 147.
10.61000, 148.
10.62000, 160.
10.63000, 146.
10.64000, 136.
10.65000, 143.
10.66000, 152.
10.67000, 145.
10.68000, 123.
10.69000, 120.
10.70000, 128.
10.71000, 142.
10.72000, 123.
10.73000, 131.
10.74000, 140.
10.75000, 126.
10.76000, 138.
10.77000, 129.
10.78000, 118.
10.79000, 139.
10.80000, 132.
10.81000, 125.
10.82000, 121.
10.83000, 138.
10.84000, 115.
10.85000, 133.
10.86000, 135.
10.87000, 141.
10.88000, 128.
10.89000, 154.
10.90000, 117.
10.91000, 136.
10.92000, 141.
10.93000, 127.
10.94000, 163.
10.95000, 147.
10.96000, 140.
10.97000, 139.
10.98000, 113.
10.99000, 116.
11.00000, 139.
11.01000, 117.
11.02000, 135.
11.03000, 118.
11.04000, 111.
11.05000, 153.
11.06000, 111.
11.07000, 149.
11.08000, 127.
11.09000, 124.
11.10000, 117.
11.11000, 130.
11.12000, 131.
11.13000, 138.
11.14000, 129.
11.15000, 122.
11.16000, 135.
11.17000, 138.
11.18000, 130.
11.19000, 144.
11.20000, 134.
11.21000, 112.
11.22000, 141.
11.23000, 125.
11.24000, 128.
11.25000, 138.
11.26000, 133.
11.27000, 141.
11.28000, 134.
11.29000, 162.
11.30000, 120.
11.31000, 131.
11.32000, 127.
11.33000, 129.
11.34000, 126.
11.35000, 132.
11.36000, 144.
11.37000, 120.
11.38000, 141.
11.39000, 129.
11.40000, 132.
11.41000, 129.
11.42000, 129.
11.43000, 143.
11.44000, 124.
11.45000, 139.
11.46000, 151.
11.47000, 138.
11.48000, 135.
11.49000, 142.
11.50000, 114.
11.51000, 126.
11.52000, 121.
11.53000, 145.
11.54000, 129.
11.55000, 165.
11.56000, 109.
11.57000, 150.
11.58000, 147.
11.59000, 126.
11.60000, 127.
11.61000, 135.
11.62000, 135.
11.63000, 161.
11.64000, 143.
11.65000, 130.
11.66000, 128.
11.67000, 133.
11.68000, 131.
11.69000, 150.
11.70000, 143.
11.71000, 150.
11.72000, 140.
11.73000, 136.
11.74000, 148.
11.75000, 144.
11.76000, 146.
11.77000, 120.
11.78000, 150.
11.79000, 130.
11.80000, 137.
11.81000, 159.
11.82000, 140.
11.83000, 152.
11.84000, 152.
11.85000, 124.
11.86000, 147.
11.87000, 127.
11.88000, 161.
11.89000, 131.
11.90000, 141.
11.91000, 150.
11.92000, 117.
11.93000, 172.
11.94000, 138.
11.95000, 141.
11.96000, 128.
11.97000, 129.
11.98000, 139.
11.99000, 167.
12.00000, 138.
12.01000, 127.
12.02000, 150.
12.03000, 162.
12.04000, 148.
12.05000, 129.
12.06000, 143.
12.07000, 137.
12.08000, 118.
12.09000, 129.
12.10000, 143.
12.11000, 138.
12.12000, 147.
12.13000, 130.
12.14000, 137.
12.15000, 142.
12.16000, 135.
12.17000, 127.
12.18000, 136.
12.19000, 148.
12.20000, 140.
12.21000, 170.
12.22000, 136.
12.23000, 151.
12.24000, 153.
12.25000, 141.
12.26000, 141.
12.27000, 147.
12.28000, 147.
12.29000, 146.
12.30000, 148.
12.31000, 134.
12.32000, 153.
12.33000, 135.
12.34000, 132.
12.35000, 150.
12.36000, 145.
12.37000, 149.
12.38000, 132.
12.39000, 165.
12.40000, 141.
12.41000, 142.
12.42000, 150.
12.43000, 130.
12.44000, 138.
12.45000, 123.
12.46000, 134.
12.47000, 144.
12.48000, 135.
12.49000, 153.
12.50000, 125.
12.51000, 159.
12.52000, 156.
12.53000, 177.
12.54000, 173.
12.55000, 157.
12.56000, 160.
12.57000, 152.
12.58000, 180.
12.59000, 181.
12.60000, 161.
12.61000, 173.
12.62000, 170.
12.63000, 165.
12.64000, 150.
12.65000, 170.
12.66000, 171.
12.67000, 158.
12.68000, 170.
12.69000, 180.
12.70000, 173.
12.71000, 182.
12.72000, 155.
12.73000, 185.
12.74000, 186.
12.75000, 186.
12.76000, 174.
12.77000, 196.
12.78000, 234.
12.79000, 183.
12.80000, 169.
12.81000, 160.
12.82000, 182.
12.83000, 166.
12.84000, 186.
12.85000, 191.
12.86000, 166.
12.87000, 162.
12.88000, 168.
12.89000, 174.
12.90000, 160.
12.91000, 180.
12.92000, 152.
12.93000, 165.
12.94000, 159.
12.95000, 149.
12.96000, 165.
12.97000, 164.
12.98000, 179.
12.99000, 138.
13.00000, 145.
13.01000, 158.
13.02000, 142.
13.03000, 164.
13.04000, 154.
13.05000, 155.
13.06000, 162.
13.07000, 152.
13.08000, 143.
13.09000, 146.
13.10000, 160.
13.11000, 136.
13.12000, 160.
13.13000, 146.
13.14000, 171.
13.15000, 158.
13.16000, 148.
13.17000, 172.
13.18000, 162.
13.19000, 162.
13.20000, 159.
13.21000, 174.
13.22000, 166.
13.23000, 212.
13.24000, 173.
13.25000, 187.
13.26000, 198.
13.27000, 198.
13.28000, 194.
13.29000, 235.
13.30000, 225.
13.31000, 251.
13.32000, 259.
13.33000, 264.
13.34000, 250.
13.35000, 241.
13.36000, 235.
13.37000, 266.
13.38000, 226.
13.39000, 270.
13.40000, 238.
13.41000, 239.
13.42000, 239.
13.43000, 242.
13.44000, 225.
13.45000, 231.
13.46000, 203.
13.47000, 188.
13.48000, 196.
13.49000, 187.
13.50000, 159.
13.51000, 210.
13.52000, 172.
13.53000, 147.
13.54000, 162.
13.55000, 173.
13.56000, 170.
13.57000, 162.
13.58000, 151.
13.59000, 178.
13.60000, 158.
13.61000, 144.
13.62000, 161.
13.63000, 153.
13.64000, 156.
13.65000, 171.
13.66000, 160.
13.67000, 125.
13.68000, 148.
13.69000, 135.
13.70000, 159.
13.71000, 142.
13.72000, 159.
13.73000, 153.
13.74000, 135.
13.75000, 151.
13.76000, 147.
13.77000, 166.
13.78000, 176.
13.79000, 151.
13.80000, 158.
13.81000, 158.
13.82000, 151.
13.83000, 170.
13.84000, 147.
13.85000, 146.
13.86000, 154.
13.87000, 159.
13.88000, 164.
13.89000, 178.
13.90000, 163.
13.91000, 151.
13.92000, 182.
13.93000, 189.
13.94000, 181.
13.95000, 193.
13.96000, 212.
13.97000, 247.
13.98000, 255.
13.99000, 291.
14.00000, 269.
14.01000, 279.
14.02000, 338.
14.03000, 366.
14.04000, 360.
14.05000, 383.
14.06000, 415.
14.07000, 477.
14.08000, 473.
14.09000, 521.
14.10000, 552.
14.11000, 525.
14.12000, 537.
14.13000, 504.
14.14000, 529.
14.15000, 513.
14.16000, 531.
14.17000, 448.
14.18000, 453.
14.19000, 443.
14.20000, 433.
14.21000, 368.
14.22000, 387.
14.23000, 314.
14.24000, 307.
14.25000, 287.
14.26000, 296.
14.27000, 229.
14.28000, 218.
14.29000, 218.
14.30000, 209.
14.31000, 209.
14.32000, 187.
14.33000, 169.
14.34000, 152.
14.35000, 136.
14.36000, 158.
14.37000, 152.
14.38000, 145.
14.39000, 150.
14.40000, 130.
14.41000, 142.
14.42000, 140.
14.43000, 138.
14.44000, 142.
14.45000, 131.
14.46000, 135.
14.47000, 147.
14.48000, 152.
14.49000, 148.
14.50000, 132.
14.51000, 159.
14.52000, 143.
14.53000, 133.
14.54000, 148.
14.55000, 133.
14.56000, 133.
14.57000, 141.
14.58000, 159.
14.59000, 163.
14.60000, 143.
14.61000, 141.
14.62000, 144.
14.63000, 140.
14.64000, 148.
14.65000, 146.
14.66000, 128.
14.67000, 157.
14.68000, 143.
14.69000, 139.
14.70000, 138.
14.71000, 159.
14.72000, 148.
14.73000, 153.
14.74000, 164.
14.75000, 157.
14.76000, 138.
14.77000, 171.
14.78000, 155.
14.79000, 164.
14.80000, 161.
14.81000, 155.
14.82000, 165.
14.83000, 179.
14.84000, 150.
14.85000, 209.
14.86000, 193.
14.87000, 175.
14.88000, 175.
14.89000, 186.
14.90000, 190.
14.91000, 195.
14.92000, 180.
14.93000, 181.
14.94000, 196.
14.95000, 174.
14.96000, 182.
14.97000, 167.
14.98000, 163.
14.99000, 168.
15.00000, 198.
15.01000, 162.
15.02000, 165.
15.03000, 176.
15.04000, 167.
15.05000, 160.
15.06000, 149.
15.07000, 161.
15.08000, 149.
15.09000, 160.
15.10000, 144.
15.11000, 136.
15.12000, 149.
15.13000, 159.
15.14000, 156.
15.15000, 138.
15.16000, 136.
15.17000, 134.
15.18000, 135.
15.19000, 153.
15.20000, 140.
15.21000, 149.
15.22000, 153.
15.23000, 150.
15.24000, 157.
15.25000, 174.
15.26000, 154.
15.27000, 166.
15.28000, 163.
15.29000, 141.
15.30000, 146.
15.31000, 143.
15.32000, 122.
15.33000, 128.
15.34000, 134.
15.35000, 139.
15.36000, 137.
15.37000, 148.
15.38000, 129.
15.39000, 144.
15.40000, 152.
15.41000, 144.
15.42000, 124.
15.43000, 141.
15.44000, 148.
15.45000, 144.
15.46000, 134.
15.47000, 133.
15.48000, 149.
15.49000, 148.
15.50000, 162.
15.51000, 169.
15.52000, 150.
15.53000, 182.
15.54000, 176.
15.55000, 171.
15.56000, 189.
15.57000, 212.
15.58000, 204.
15.59000, 231.
15.60000, 261.
15.61000, 247.
15.62000, 274.
15.63000, 297.
15.64000, 303.
15.65000, 353.
15.66000, 360.
15.67000, 351.
15.68000, 372.
15.69000, 360.
15.70000, 398.
15.71000, 385.
15.72000, 397.
15.73000, 414.
15.74000, 453.
15.75000, 446.
15.76000, 412.
15.77000, 392.
15.78000, 360.
15.79000, 437.
15.80000, 370.
15.81000, 391.
15.82000, 398.
15.83000, 360.
15.84000, 339.
15.85000, 293.
15.86000, 284.
15.87000, 249.
15.88000, 261.
15.89000, 240.
15.90000, 215.
15.91000, 248.
15.92000, 203.
15.93000, 215.
15.94000, 184.
15.95000, 196.
15.96000, 182.
15.97000, 164.
15.98000, 153.
15.99000, 162.
16.00000, 159.
16.01000, 165.
16.02000, 145.
16.03000, 171.
16.04000, 148.
16.05000, 153.
16.06000, 152.
16.07000, 154.
16.08000, 144.
16.09000, 153.
16.10000, 153.
16.11000, 149.
16.12000, 127.
16.13000, 149.
16.14000, 136.
16.15000, 140.
16.16000, 160.
16.17000, 167.
16.18000, 153.
16.19000, 146.
16.20000, 137.
16.21000, 131.
16.22000, 158.
16.23000, 140.
16.24000, 154.
16.25000, 123.
16.26000, 130.
16.27000, 150.
16.28000, 133.
16.29000, 115.
16.30000, 148.
16.31000, 137.
16.32000, 134.
16.33000, 148.
16.34000, 131.
16.35000, 165.
16.36000, 148.
16.37000, 142.
16.38000, 142.
16.39000, 148.
16.40000, 154.
16.41000, 152.
16.42000, 161.
16.43000, 131.
16.44000, 142.
16.45000, 155.
16.46000, 173.
16.47000, 150.
16.48000, 149.
16.49000, 168.
16.50000, 135.
16.51000, 143.
16.52000, 138.
16.53000, 147.
16.54000, 164.
16.55000, 145.
16.56000, 145.
16.57000, 133.
16.58000, 164.
16.59000, 163.
16.60000, 160.
16.61000, 150.
16.62000, 168.
16.63000, 183.
16.64000, 141.
16.65000, 147.
16.66000, 159.
16.67000, 155.
16.68000, 177.
16.69000, 142.
16.70000, 165.
16.71000, 157.
16.72000, 163.
16.73000, 135.
16.74000, 141.
16.75000, 120.
16.76000, 153.
16.77000, 143.
16.78000, 131.
16.79000, 138.
16.80000, 152.
16.81000, 174.
16.82000, 127.
16.83000, 150.
16.84000, 146.
16.85000, 124.
16.86000, 154.
16.87000, 144.
16.88000, 136.
16.89000, 148.
16.90000, 138.
16.91000, 123.
16.92000, 154.
16.93000, 143.
16.94000, 143.
16.95000, 155.
16.96000, 152.
16.97000, 141.
16.98000, 137.
16.99000, 129.
17.00000, 137.
17.01000, 131.
17.02000, 137.
17.03000, 139.
17.04000, 143.
17.05000, 157.
17.06000, 146.
17.07000, 153.
17.08000, 144.
17.09000, 149.
17.10000, 133.
17.11000, 135.
17.12000, 135.
17.13000, 154.
17.14000, 144.
17.15000, 162.
17.16000, 158.
17.17000, 126.
17.18000, 147.
17.19000, 156.
17.20000, 167.
17.21000, 163.
17.22000, 175.
17.23000, 155.
17.24000, 158.
17.25000, 158.
17.26000, 145.
17.27000, 162.
17.28000, 148.
17.29000, 144.
17.30000, 148.
17.31000, 160.
17.32000, 152.
17.33000, 147.
17.34000, 170.
17.35000, 154.
17.36000, 151.
17.37000, 168.
17.38000, 157.
17.39000, 169.
17.40000, 178.
17.41000, 160.
17.42000, 180.
17.43000, 155.
17.44000, 176.
17.45000, 171.
17.46000, 191.
17.47000, 182.
17.48000, 184.
17.49000, 184.
17.50000, 185.
17.51000, 179.
17.52000, 163.
17.53000, 178.
17.54000, 172.
17.55000, 208.
17.56000, 180.
17.57000, 220.
17.58000, 186.
17.59000, 214.
17.60000, 170.
17.61000, 213.
17.62000, 200.
17.63000, 200.
17.64000, 215.
17.65000, 206.
17.66000, 207.
17.67000, 173.
17.68000, 205.
17.69000, 210.
17.70000, 218.
17.71000, 172.
17.72000, 182.
17.73000, 214.
17.74000, 212.
17.75000, 202.
17.76000, 192.
17.77000, 175.
17.78000, 194.
17.79000, 186.
17.80000, 180.
17.81000, 207.
17.82000, 163.
17.83000, 192.
17.84000, 160.
17.85000, 170.
17.86000, 175.
17.87000, 174.
17.88000, 220.
17.89000, 178.
17.90000, 208.
17.91000, 199.
17.92000, 202.
17.93000, 203.
17.94000, 214.
17.95000, 212.
17.96000, 251.
17.97000, 192.
17.98000, 212.
17.99000, 199.
18.00000, 219.
18.01000, 212.
18.02000, 231.
18.03000, 228.
18.04000, 210.
18.05000, 208.
18.06000, 218.
18.07000, 233.
18.08000, 245.
18.09000, 216.
18.10000, 225.
18.11000, 227.
18.12000, 226.
18.13000, 224.
18.14000, 248.
18.15000, 232.
18.16000, 251.
18.17000, 243.
18.18000, 266.
18.19000, 286.
18.20000, 277.
18.21000, 256.
18.22000, 287.
18.23000, 301.
18.24000, 263.
18.25000, 286.
18.26000, 312.
18.27000, 273.
18.28000, 301.
18.29000, 329.
18.30000, 306.
18.31000, 331.
18.32000, 338.
18.33000, 369.
18.34000, 333.
18.35000, 384.
18.36000, 342.
18.37000, 365.
18.38000, 380.
18.39000, 359.
18.40000, 409.
18.41000, 437.
18.42000, 429.
18.43000, 423.
18.44000, 466.
18.45000, 473.
18.46000, 489.
18.47000, 474.
18.48000, 484.
18.49000, 499.
18.50000, 540.
18.51000, 551.
18.52000, 515.
18.53000, 574.
18.54000, 622.
18.55000, 622.
18.56000, 622.
18.57000, 655.
18.58000, 687.
18.59000, 692.
18.60000, 676.
18.61000, 664.
18.62000, 688.
18.63000, 705.
18.64000, 736.
18.65000, 696.
18.66000, 767.
18.67000, 778.
18.68000, 801.
18.69000, 729.
18.70000, 751.
18.71000, 844.
18.72000, 798.
18.73000, 796.
18.74000, 887.
18.75000, 850.
18.76000, 796.
18.77000, 866.
18.78000, 857.
18.79000, 822.
18.80000, 800.
18.81000, 859.
18.82000, 878.
18.83000, 816.
18.84000, 787.
18.85000, 795.
18.86000, 821.
18.87000, 761.
18.88000, 812.
18.89000, 800.
18.90000, 809.
18.91000, 788.
18.92000, 782.
18.93000, 796.
18.94000, 751.
18.95000, 731.
18.96000, 732.
18.97000, 737.
18.98000, 719.
18.99000, 641.
19.00000, 670.
19.01000, 609.
19.02000, 608.
19.03000, 624.
19.04000, 611.
19.05000, 587.
19.06000, 591.
19.07000, 521.
19.08000, 509.
19.09000, 536.
19.10000, 525.
19.11000, 533.
19.12000, 479.
19.13000, 462.
19.14000, 483.
19.15000, 461.
19.16000, 400.
19.17000, 422.
19.18000, 443.
19.19000, 391.
19.20000, 377.
19.21000, 378.
19.22000, 369.
19.23000, 369.
19.24000, 363.
19.25000, 337.
19.26000, 323.
19.27000, 274.
19.28000, 323.
19.29000, 303.
19.30000, 299.
19.31000, 302.
19.32000, 310.
19.33000, 325.
19.34000, 262.
19.35000, 283.
19.36000, 256.
19.37000, 278.
19.38000, 270.
19.39000, 284.
19.40000, 258.
19.41000, 246.
19.42000, 258.
19.43000, 250.
19.44000, 196.
19.45000, 229.
19.46000, 239.
19.47000, 200.
19.48000, 220.
19.49000, 211.
19.50000, 246.
19.51000, 244.
19.52000, 204.
19.53000, 218.
19.54000, 184.
19.55000, 215.
19.56000, 184.
19.57000, 201.
19.58000, 202.
19.59000, 202.
19.60000, 175.
19.61000, 166.
19.62000, 184.
19.63000, 181.
19.64000, 163.
19.65000, 185.
19.66000, 187.
19.67000, 165.
19.68000, 164.
19.69000, 170.
19.70000, 172.
19.71000, 162.
19.72000, 164.
19.73000, 175.
19.74000, 178.
19.75000, 146.
19.76000, 161.
19.77000, 151.
19.78000, 190.
19.79000, 135.
19.80000, 168.
19.81000, 161.
19.82000, 156.
19.83000, 164.
19.84000, 192.
19.85000, 164.
19.86000, 174.
19.87000, 187.
19.88000, 192.
19.89000, 181.
19.90000, 208.
19.91000, 221.
19.92000, 234.
19.93000, 229.
19.94000, 242.
19.95000, 276.
19.96000, 259.
19.97000, 291.
19.98000, 291.
19.99000, 309.
20.00000, 338.
20.01000, 371.
20.02000, 392.
20.03000, 403.
20.04000, 453.
20.05000, 433.
20.06000, 440.
20.07000, 458.
20.08000, 489.
20.09000, 489.
20.10000, 484.
20.11000, 506.
20.12000, 526.
20.13000, 530.
20.14000, 553.
20.15000, 533.
20.16000, 583.
20.17000, 522.
20.18000, 500.
20.19000, 506.
20.20000, 520.
20.21000, 504.
20.22000, 492.
20.23000, 497.
20.24000, 442.
20.25000, 422.
20.26000, 393.
20.27000, 351.
20.28000, 334.
20.29000, 293.
20.30000, 314.
20.31000, 301.
20.32000, 243.
20.33000, 224.
20.34000, 235.
20.35000, 222.
20.36000, 212.
20.37000, 201.
20.38000, 153.
20.39000, 164.
20.40000, 149.
20.41000, 149.
20.42000, 141.
20.43000, 161.
20.44000, 150.
20.45000, 142.
20.46000, 132.
20.47000, 139.
20.48000, 155.
20.49000, 151.
20.50000, 161.
20.51000, 142.
20.52000, 136.
20.53000, 143.
20.54000, 146.
20.55000, 173.
20.56000, 152.
20.57000, 148.
20.58000, 174.
20.59000, 172.
20.60000, 180.
20.61000, 150.
20.62000, 159.
20.63000, 194.
20.64000, 159.
20.65000, 170.
20.66000, 187.
20.67000, 199.
20.68000, 179.
20.69000, 177.
20.70000, 187.
20.71000, 171.
20.72000, 188.
20.73000, 188.
20.74000, 188.
20.75000, 207.
20.76000, 208.
20.77000, 195.
20.78000, 189.
20.79000, 218.
20.80000, 224.
20.81000, 213.
20.82000, 206.
20.83000, 216.
20.84000, 226.
20.85000, 177.
20.86000, 207.
20.87000, 215.
20.88000, 226.
20.89000, 222.
20.90000, 211.
20.91000, 215.
20.92000, 205.
20.93000, 213.
20.94000, 242.
20.95000, 231.
20.96000, 222.
20.97000, 234.
20.98000, 199.
20.99000, 235.
21.00000, 219.
21.01000, 213.
21.02000, 239.
21.03000, 210.
21.04000, 232.
21.05000, 203.
21.06000, 209.
21.07000, 216.
21.08000, 233.
21.09000, 212.
21.10000, 210.
21.11000, 224.
21.12000, 223.
21.13000, 223.
21.14000, 189.
21.15000, 231.
21.16000, 222.
21.17000, 221.
21.18000, 221.
21.19000, 208.
21.20000, 180.
21.21000, 194.
21.22000, 193.
21.23000, 175.
21.24000, 204.
21.25000, 203.
21.26000, 186.
21.27000, 169.
21.28000, 165.
21.29000, 168.
21.30000, 177.
21.31000, 159.
21.32000, 147.
21.33000, 189.
21.34000, 148.
21.35000, 178.
21.36000, 181.
21.37000, 154.
21.38000, 143.
21.39000, 166.
21.40000, 180.
21.41000, 158.
21.42000, 133.
21.43000, 163.
21.44000, 144.
21.45000, 131.
21.46000, 127.
21.47000, 144.
21.48000, 122.
21.49000, 125.
21.50000, 139.
21.51000, 134.
21.52000, 148.
21.53000, 123.
21.54000, 142.
21.55000, 131.
21.56000, 133.
21.57000, 109.
21.58000, 133.
21.59000, 131.
21.60000, 131.
21.61000, 129.
21.62000, 126.
21.63000, 112.
21.64000, 102.
21.65000, 112.
21.66000, 117.
21.67000, 113.
21.68000, 121.
21.69000, 108.
21.70000, 102.
21.71000, 117.
21.72000, 106.
21.73000, 99.
21.74000, 116.
21.75000, 97.
21.76000, 88.
21.77000, 117.
21.78000, 107.
21.79000, 97.
21.80000, 107.
21.81000, 107.
21.82000, 110.
21.83000, 87.
21.84000, 94.
21.85000, 93.
21.86000, 92.
21.87000, 97.
21.88000, 90.
21.89000, 88.
21.90000, 113.
21.91000, 106.
21.92000, 99.
21.93000, 99.
21.94000, 77.
21.95000, 89.
21.96000, 83.
21.97000, 90.
21.98000, 89.
21.99000, 101.
22.00000, 93.
22.01000, 77.
22.02000, 96.
22.03000, 105.
22.04000, 88.
22.05000, 100.
22.06000, 94.
22.07000, 90.
22.08000, 81.
22.09000, 77.
22.10000, 78.
22.11000, 93.
22.12000, 99.
22.13000, 95.
22.14000, 77.
22.15000, 72.
22.16000, 103.
22.17000, 93.
22.18000, 95.
22.19000, 92.
22.20000, 84.
22.21000, 95.
22.22000, 85.
22.23000, 65.
22.24000, 93.
22.25000, 86.
22.26000, 90.
22.27000, 85.
22.28000, 88.
22.29000, 74.
22.30000, 93.
22.31000, 80.
22.32000, 90.
22.33000, 71.
22.34000, 71.
22.35000, 81.
22.36000, 76.
22.37000, 67.
22.38000, 83.
22.39000, 79.
22.40000, 76.
22.41000, 82.
22.42000, 97.
22.43000, 68.
22.44000, 84.
22.45000, 83.
22.46000, 91.
22.47000, 83.
22.48000, 76.
22.49000, 88.
22.50000, 112.
22.51000, 74.
22.52000, 93.
22.53000, 109.
22.54000, 112.
22.55000, 78.
22.56000, 98.
22.57000, 127.
22.58000, 126.
22.59000, 120.
22.60000, 127.
22.61000, 114.
22.62000, 119.
22.63000, 136.
22.64000, 139.
22.65000, 148.
22.66000, 118.
22.67000, 143.
22.68000, 133.
22.69000, 134.
22.70000, 146.
22.71000, 122.
22.72000, 111.
22.73000, 149.
22.74000, 118.
22.75000, 108.
22.76000, 117.
22.77000, 121.
22.78000, 110.
22.79000, 109.
22.80000, 109.
22.81000, 95.
22.82000, 89.
22.83000, 103.
22.84000, 67.
22.85000, 91.
22.86000, 92.
22.87000, 76.
22.88000, 86.
22.89000, 88.
22.90000, 75.
22.91000, 76.
22.92000, 76.
22.93000, 62.
22.94000, 65.
22.95000, 65.
22.96000, 71.
22.97000, 83.
22.98000, 80.
22.99000, 70.
23.00000, 84.
23.01000, 70.
23.02000, 69.
23.03000, 81.
23.04000, 83.
23.05000, 78.
23.06000, 81.
23.07000, 80.
23.08000, 69.
23.09000, 79.
23.10000, 83.
23.11000, 75.
23.12000, 72.
23.13000, 72.
23.14000, 74.
23.15000, 74.
23.16000, 82.
23.17000, 84.
23.18000, 88.
23.19000, 68.
23.20000, 93.
23.21000, 65.
23.22000, 80.
23.23000, 81.
23.24000, 56.
23.25000, 67.
23.26000, 67.
23.27000, 55.
23.28000, 71.
23.29000, 70.
23.30000, 56.
23.31000, 66.
23.32000, 58.
23.33000, 59.
23.34000, 58.
23.35000, 54.
23.36000, 65.
23.37000, 65.
23.38000, 66.
23.39000, 65.
23.40000, 63.
23.41000, 62.
23.42000, 60.
23.43000, 59.
23.44000, 83.
23.45000, 59.
23.46000, 56.
23.47000, 70.
23.48000, 77.
23.49000, 73.
23.50000, 44.
23.51000, 80.
23.52000, 71.
23.53000, 65.
23.54000, 60.
23.55000, 51.
23.56000, 64.
23.57000, 52.
23.58000, 47.
23.59000, 54.
23.60000, 73.
23.61000, 64.
23.62000, 58.
23.63000, 65.
23.64000, 65.
23.65000, 58.
23.66000, 75.
23.67000, 57.
23.68000, 53.
23.69000, 63.
23.70000, 74.
23.71000, 62.
23.72000, 58.
23.73000, 60.
23.74000, 74.
23.75000, 72.
23.76000, 64.
23.77000, 72.
23.78000, 56.
23.79000, 62.
23.80000, 59.
23.81000, 57.
23.82000, 58.
23.83000, 75.
23.84000, 65.
23.85000, 58.
23.86000, 55.
23.87000, 68.
23.88000, 53.
23.89000, 61.
23.90000, 55.
23.91000, 59.
23.92000, 76.
23.93000, 71.
23.94000, 62.
23.95000, 53.
23.96000, 52.
23.97000, 56.
23.98000, 62.
23.99000, 56.
24.00000, 67.
24.01000, 54.
24.02000, 65.
24.03000, 71.
24.04000, 68.
24.05000, 66.
24.06000, 73.
24.07000, 59.
24.08000, 56.
24.09000, 54.
24.10000, 52.
24.11000, 53.
24.12000, 61.
24.13000, 60.
24.14000, 60.
24.15000, 61.
24.16000, 67.
24.17000, 65.
24.18000, 57.
24.19000, 56.
24.20000, 67.
24.21000, 64.
24.22000, 74.
24.23000, 62.
24.24000, 59.
24.25000, 56.
24.26000, 62.
24.27000, 57.
24.28000, 57.
24.29000, 54.
24.30000, 68.
24.31000, 67.
24.32000, 52.
24.33000, 59.
24.34000, 70.
24.35000, 71.
24.36000, 64.
24.37000, 63.
24.38000, 57.
24.39000, 58.
24.40000, 62.
24.41000, 70.
24.42000, 58.
24.43000, 66.
24.44000, 60.
24.45000, 68.
24.46000, 60.
24.47000, 69.
24.48000, 48.
24.49000, 76.
24.50000, 66.
24.51000, 60.
24.52000, 74.
24.53000, 75.
24.54000, 66.
24.55000, 74.
24.56000, 55.
24.57000, 54.
24.58000, 57.
24.59000, 55.
24.60000, 54.
24.61000, 45.
24.62000, 59.
24.63000, 56.
24.64000, 56.
24.65000, 46.
24.66000, 55.
24.67000, 72.
24.68000, 57.
24.69000, 55.
24.70000, 72.
24.71000, 63.
24.72000, 56.
24.73000, 83.
24.74000, 62.
24.75000, 59.
24.76000, 50.
24.77000, 65.
24.78000, 59.
24.79000, 48.
24.80000, 53.
24.81000, 59.
24.82000, 65.
24.83000, 50.
24.84000, 62.
24.85000, 55.
24.86000, 50.
24.87000, 62.
24.88000, 59.
24.89000, 68.
24.90000, 60.
24.91000, 56.
24.92000, 55.
24.93000, 62.
24.94000, 62.
24.95000, 67.
24.96000, 65.
24.97000, 63.
24.98000, 73.
24.99000, 71.
25.00000, 59.
25.01000, 57.
25.02000, 56.
25.03000, 56.
25.04000, 56.
25.05000, 58.
25.06000, 62.
25.07000, 59.
25.08000, 61.
25.09000, 61.
25.10000, 67.
25.11000, 64.
25.12000, 62.
25.13000, 65.
25.14000, 59.
25.15000, 60.
25.16000, 65.
25.17000, 62.
25.18000, 67.
25.19000, 61.
25.20000, 68.
25.21000, 73.
25.22000, 76.
25.23000, 63.
25.24000, 69.
25.25000, 72.
25.26000, 62.
25.27000, 57.
25.28000, 62.
25.29000, 68.
25.30000, 71.
25.31000, 49.
25.32000, 51.
25.33000, 59.
25.34000, 53.
25.35000, 69.
25.36000, 59.
25.37000, 59.
25.38000, 61.
25.39000, 65.
25.40000, 66.
25.41000, 55.
25.42000, 53.
25.43000, 60.
25.44000, 64.
25.45000, 73.
25.46000, 69.
25.47000, 56.
25.48000, 74.
25.49000, 73.
25.50000, 67.
25.51000, 67.
25.52000, 57.
25.53000, 36.
25.54000, 61.
25.55000, 63.
25.56000, 56.
25.57000, 53.
25.58000, 54.
25.59000, 52.
25.60000, 58.
25.61000, 50.
25.62000, 55.
25.63000, 46.
25.64000, 55.
25.65000, 69.
25.66000, 52.
25.67000, 71.
25.68000, 51.
25.69000, 50.
25.70000, 44.
25.71000, 58.
25.72000, 44.
25.73000, 62.
25.74000, 53.
25.75000, 69.
25.76000, 47.
25.77000, 56.
25.78000, 61.
25.79000, 59.
25.80000, 62.
25.81000, 44.
25.82000, 53.
25.83000, 38.
25.84000, 56.
25.85000, 54.
25.86000, 52.
25.87000, 47.
25.88000, 51.
25.89000, 57.
25.90000, 43.
25.91000, 57.
25.92000, 59.
25.93000, 45.
25.94000, 56.
25.95000, 53.
25.96000, 64.
25.97000, 55.
25.98000, 54.
25.99000, 62.
26.00000, 59.
26.01000, 50.
26.02000, 59.
26.03000, 60.
26.04000, 50.
26.05000, 61.
26.06000, 59.
26.07000, 44.
26.08000, 68.
26.09000, 56.
26.10000, 49.
26.11000, 44.
26.12000, 56.
26.13000, 53.
26.14000, 48.
26.15000, 45.
26.16000, 44.
26.17000, 58.
26.18000, 53.
26.19000, 44.
26.20000, 52.
26.21000, 46.
26.22000, 45.
26.23000, 45.
26.24000, 46.
26.25000, 46.
26.26000, 34.
26.27000, 56.
26.28000, 53.
26.29000, 50.
26.30000, 60.
26.31000, 52.
26.32000, 44.
26.33000, 43.
26.34000, 63.
26.35000, 39.
26.36000, 46.
26.37000, 48.
26.38000, 63.
26.39000, 57.
26.40000, 59.
26.41000, 35.
26.42000, 60.
26.43000, 48.
26.44000, 52.
26.45000, 45.
26.46000, 47.
26.47000, 49.
26.48000, 41.
26.49000, 56.
26.50000, 51.
26.51000, 50.
26.52000, 64.
26.53000, 59.
26.54000, 48.
26.55000, 50.
26.56000, 55.
26.57000, 64.
26.58000, 53.
26.59000, 42.
26.60000, 45.
26.61000, 53.
26.62000, 44.
26.63000, 46.
26.64000, 47.
26.65000, 66.
26.66000, 43.
26.67000, 54.
26.68000, 58.
26.69000, 58.
26.70000, 57.
26.71000, 58.
26.72000, 34.
26.73000, 54.
26.74000, 38.
26.75000, 48.
26.76000, 50.
26.77000, 67.
26.78000, 44.
26.79000, 48.
26.80000, 52.
26.81000, 42.
26.82000, 50.
26.83000, 52.
26.84000, 49.
26.85000, 49.
26.86000, 55.
26.87000, 46.
26.88000, 44.
26.89000, 55.
26.90000, 53.
26.91000, 51.
26.92000, 53.
26.93000, 43.
26.94000, 37.
26.95000, 42.
26.96000, 47.
26.97000, 50.
26.98000, 59.
26.99000, 49.
27.00000, 55.
27.01000, 52.
27.02000, 57.
27.03000, 46.
27.04000, 44.
27.05000, 61.
27.06000, 27.
27.07000, 48.
27.08000, 53.
27.09000, 38.
27.10000, 46.
27.11000, 49.
27.12000, 46.
27.13000, 48.
27.14000, 54.
27.15000, 38.
27.16000, 36.
27.17000, 51.
27.18000, 39.
27.19000, 60.
27.20000, 65.
27.21000, 52.
27.22000, 43.
27.23000, 61.
27.24000, 40.
27.25000, 49.
27.26000, 55.
27.27000, 30.
27.28000, 54.
27.29000, 47.
27.30000, 46.
27.31000, 48.
27.32000, 59.
27.33000, 41.
27.34000, 44.
27.35000, 46.
27.36000, 50.
27.37000, 48.
27.38000, 42.
27.39000, 37.
27.40000, 40.
27.41000, 45.
27.42000, 44.
27.43000, 47.
27.44000, 47.
27.45000, 54.
27.46000, 54.
27.47000, 52.
27.48000, 46.
27.49000, 37.
27.50000, 51.
27.51000, 38.
27.52000, 50.
27.53000, 36.
27.54000, 53.
27.55000, 42.
27.56000, 41.
27.57000, 49.
27.58000, 36.
27.59000, 41.
27.60000, 31.
27.61000, 42.
27.62000, 44.
27.63000, 45.
27.64000, 46.
27.65000, 39.
27.66000, 52.
27.67000, 54.
27.68000, 55.
27.69000, 48.
27.70000, 49.
27.71000, 43.
27.72000, 44.
27.73000, 51.
27.74000, 39.
27.75000, 50.
27.76000, 44.
27.77000, 43.
27.78000, 37.
27.79000, 54.
27.80000, 46.
27.81000, 47.
27.82000, 54.
27.83000, 43.
27.84000, 39.
27.85000, 57.
27.86000, 55.
27.87000, 40.
27.88000, 21.
27.89000, 47.
27.90000, 38.
27.91000, 49.
27.92000, 38.
27.93000, 40.
27.94000, 41.
27.95000, 40.
27.96000, 49.
27.97000, 27.
27.98000, 51.
27.99000, 48.
28.00000, 39.
28.01000, 40.
28.02000, 52.
28.03000, 43.
28.04000, 37.
28.05000, 38.
28.06000, 45.
28.07000, 46.
28.08000, 39.
28.09000, 42.
28.10000, 44.
28.11000, 51.
28.12000, 42.
28.13000, 44.
28.14000, 49.
28.15000, 48.
28.16000, 46.
28.17000, 40.
28.18000, 50.
28.19000, 43.
28.20000, 35.
28.21000, 39.
28.22000, 34.
28.23000, 46.
28.24000, 34.
28.25000, 40.
28.26000, 46.
28.27000, 37.
28.28000, 51.
28.29000, 45.
28.30000, 36.
28.31000, 37.
28.32000, 41.
28.33000, 41.
28.34000, 34.
28.35000, 32.
28.36000, 46.
28.37000, 55.
28.38000, 49.
28.39000, 42.
28.40000, 40.
28.41000, 41.
28.42000, 35.
28.43000, 42.
28.44000, 37.
28.45000, 41.
28.46000, 36.
28.47000, 50.
28.48000, 42.
28.49000, 45.
28.50000, 51.
28.51000, 38.
28.52000, 45.
28.53000, 45.
28.54000, 41.
28.55000, 54.
28.56000, 37.
28.57000, 40.
28.58000, 47.
28.59000, 36.
28.60000, 43.
28.61000, 38.
28.62000, 29.
28.63000, 39.
28.64000, 41.
28.65000, 49.
28.66000, 26.
28.67000, 55.
28.68000, 40.
28.69000, 34.
28.70000, 38.
28.71000, 34.
28.72000, 40.
28.73000, 32.
28.74000, 30.
28.75000, 40.
28.76000, 33.
28.77000, 41.
28.78000, 34.
28.79000, 40.
28.80000, 40.
28.81000, 39.
28.82000, 44.
28.83000, 49.
28.84000, 36.
28.85000, 41.
28.86000, 41.
28.87000, 32.
28.88000, 41.
28.89000, 34.
28.90000, 28.
28.91000, 37.
28.92000, 51.
28.93000, 33.
28.94000, 33.
28.95000, 45.
28.96000, 30.
28.97000, 32.
28.98000, 54.
28.99000, 36.
29.00000, 28.
29.01000, 37.
29.02000, 26.
29.03000, 37.
29.04000, 37.
29.05000, 33.
29.06000, 36.
29.07000, 40.
29.08000, 39.
29.09000, 40.
29.10000, 31.
29.11000, 44.
29.12000, 34.
29.13000, 44.
29.14000, 48.
29.15000, 43.
29.16000, 30.
29.17000, 35.
29.18000, 40.
29.19000, 36.
29.20000, 40.
29.21000, 51.
29.22000, 37.
29.23000, 53.
29.24000, 43.
29.25000, 40.
29.26000, 52.
29.27000, 34.
29.28000, 37.
29.29000, 31.
29.30000, 33.
29.31000, 28.
29.32000, 34.
29.33000, 37.
29.34000, 32.
29.35000, 37.
29.36000, 36.
29.37000, 43.
29.38000, 41.
29.39000, 36.
29.40000, 34.
29.41000, 30.
29.42000, 34.
29.43000, 44.
29.44000, 30.
29.45000, 32.
29.46000, 38.
29.47000, 40.
29.48000, 42.
29.49000, 32.
29.50000, 32.
29.51000, 31.
29.52000, 42.
29.53000, 37.
29.54000, 41.
29.55000, 41.
29.56000, 34.
29.57000, 41.
29.58000, 37.
29.59000, 47.
29.60000, 34.
29.61000, 32.
29.62000, 37.
29.63000, 22.
29.64000, 39.
29.65000, 37.
29.66000, 27.
29.67000, 41.
29.68000, 39.
29.69000, 32.
29.70000, 27.
29.71000, 32.
29.72000, 40.
29.73000, 27.
29.74000, 42.
29.75000, 29.
29.76000, 37.
29.77000, 42.
29.78000, 30.
29.79000, 38.
29.80000, 35.
29.81000, 29.
29.82000, 36.
29.83000, 31.
29.84000, 26.
29.85000, 32.
29.86000, 33.
29.87000, 35.
29.88000, 35.
29.89000, 39.
29.90000, 28.
29.91000, 29.
29.92000, 30.
29.93000, 32.
29.94000, 31.
29.95000, 46.
29.96000, 29.
29.97000, 31.
29.98000, 22.
29.99000, 30.
30.00000, 28.
30.01000, 44.
30.02000, 32.
30.03000, 26.
30.04000, 34.
30.05000, 37.
30.06000, 25.
30.07000, 27.
30.08000, 31.
30.09000, 33.
30.10000, 30.
30.11000, 33.
30.12000, 37.
30.13000, 35.
30.14000, 36.
30.15000, 30.
30.16000, 30.
30.17000, 33.
30.18000, 32.
30.19000, 30.
30.20000, 40.
30.21000, 29.
30.22000, 30.
30.23000, 26.
30.24000, 35.
30.25000, 32.
30.26000, 25.
30.27000, 35.
30.28000, 38.
30.29000, 27.
30.30000, 50.
30.31000, 31.
30.32000, 24.
30.33000, 34.
30.34000, 28.
30.35000, 30.
30.36000, 35.
30.37000, 30.
30.38000, 36.
30.39000, 42.
30.40000, 32.
30.41000, 42.
30.42000, 31.
30.43000, 27.
30.44000, 23.
30.45000, 32.
30.46000, 29.
30.47000, 28.
30.48000, 27.
30.49000, 24.
30.50000, 32.
30.51000, 33.
30.52000, 34.
30.53000, 35.
30.54000, 34.
30.55000, 29.
30.56000, 32.
30.57000, 29.
30.58000, 33.
30.59000, 39.
30.60000, 35.
30.61000, 31.
30.62000, 31.
30.63000, 23.
30.64000, 34.
30.65000, 37.
30.66000, 32.
30.67000, 29.
30.68000, 32.
30.69000, 33.
30.70000, 33.
30.71000, 40.
30.72000, 25.
30.73000, 29.
30.74000, 29.
30.75000, 32.
30.76000, 35.
30.77000, 34.
30.78000, 35.
30.79000, 33.
30.80000, 29.
30.81000, 28.
30.82000, 34.
30.83000, 30.
30.84000, 16.
30.85000, 29.
30.86000, 33.
30.87000, 30.
30.88000, 31.
30.89000, 40.
30.90000, 35.
30.91000, 28.
30.92000, 18.
30.93000, 27.
30.94000, 28.
30.95000, 32.
30.96000, 32.
30.97000, 46.
30.98000, 33.
30.99000, 34.
31.00000, 35.
31.01000, 34.
31.02000, 25.
31.03000, 34.
31.04000, 30.
31.05000, 33.
31.06000, 28.
31.07000, 31.
31.08000, 26.
31.09000, 25.
31.10000, 24.
31.11000, 35.
31.12000, 29.
31.13000, 25.
31.14000, 31.
31.15000, 36.
31.16000, 25.
31.17000, 21.
31.18000, 26.
31.19000, 25.
31.20000, 25.
31.21000, 25.
31.22000, 33.
31.23000, 28.
31.24000, 30.
31.25000, 21.
31.26000, 36.
31.27000, 32.
31.28000, 25.
31.29000, 22.
31.30000, 26.
31.31000, 31.
31.32000, 21.
31.33000, 31.
31.34000, 32.
31.35000, 26.
31.36000, 41.
31.37000, 22.
31.38000, 25.
31.39000, 27.
31.40000, 21.
31.41000, 36.
31.42000, 35.
31.43000, 28.
31.44000, 21.
31.45000, 31.
31.46000, 24.
31.47000, 27.
31.48000, 41.
31.49000, 31.
31.50000, 29.
31.51000, 27.
31.52000, 25.
31.53000, 35.
31.54000, 40.
31.55000, 35.
31.56000, 25.
31.57000, 19.
31.58000, 28.
31.59000, 23.
31.60000, 32.
31.61000, 27.
31.62000, 40.
31.63000, 25.
31.64000, 26.
31.65000, 18.
31.66000, 36.
31.67000, 31.
31.68000, 31.
31.69000, 35.
31.70000, 33.
31.71000, 35.
31.72000, 36.
31.73000, 42.
31.74000, 32.
31.75000, 32.
31.76000, 24.
31.77000, 28.
31.78000, 30.
31.79000, 26.
31.80000, 40.
31.81000, 37.
31.82000, 30.
31.83000, 37.
31.84000, 34.
31.85000, 35.
31.86000, 29.
31.87000, 21.
31.88000, 28.
31.89000, 21.
31.90000, 28.
31.91000, 27.
31.92000, 30.
31.93000, 28.
31.94000, 28.
31.95000, 36.
31.96000, 30.
31.97000, 23.
31.98000, 27.
31.99000, 26.
32.00000, 31.
32.01000, 37.
32.02000, 25.
32.03000, 31.
32.04000, 21.
32.05000, 23.
32.06000, 41.
32.07000, 26.
32.08000, 32.
32.09000, 35.
32.10000, 26.
32.11000, 29.
32.12000, 32.
32.13000, 34.
32.14000, 27.
32.15000, 26.
32.16000, 41.
32.17000, 24.
32.18000, 35.
32.19000, 35.
32.20000, 29.
32.21000, 31.
32.22000, 26.
32.23000, 31.
32.24000, 26.
32.25000, 32.
32.26000, 24.
32.27000, 33.
32.28000, 30.
32.29000, 19.
32.30000, 35.
32.31000, 25.
32.32000, 24.
32.33000, 35.
32.34000, 28.
32.35000, 29.
32.36000, 25.
32.37000, 28.
32.38000, 21.
32.39000, 30.
32.40000, 21.
32.41000, 24.
32.42000, 26.
32.43000, 20.
32.44000, 22.
32.45000, 14.
32.46000, 21.
32.47000, 33.
32.48000, 18.
32.49000, 25.
32.50000, 27.
32.51000, 21.
32.52000, 27.
32.53000, 20.
32.54000, 28.
32.55000, 40.
32.56000, 35.
32.57000, 17.
32.58000, 27.
32.59000, 20.
32.60000, 25.
32.61000, 20.
32.62000, 20.
32.63000, 21.
32.64000, 27.
32.65000, 28.
32.66000, 19.
32.67000, 18.
32.68000, 33.
32.69000, 21.
32.70000, 24.
32.71000, 28.
32.72000, 21.
32.73000, 23.
32.74000, 29.
32.75000, 27.
32.76000, 22.
32.77000, 25.
32.78000, 30.
32.79000, 26.
32.80000, 19.
32.81000, 26.
32.82000, 27.
32.83000, 25.
32.84000, 13.
32.85000, 26.
32.86000, 20.
32.87000, 20.
32.88000, 22.
32.89000, 16.
32.90000, 28.
32.91000, 22.
32.92000, 28.
32.93000, 22.
32.94000, 26.
32.95000, 33.
32.96000, 22.
32.97000, 24.
32.98000, 24.
32.99000, 24.
33.00000, 24.
33.01000, 17.
33.02000, 24.
33.03000, 21.
33.04000, 17.
33.05000, 21.
33.06000, 17.
33.07000, 24.
33.08000, 14.
33.09000, 20.
33.10000, 19.
33.11000, 27.
33.12000, 19.
33.13000, 18.
33.14000, 21.
33.15000, 21.
33.16000, 22.
33.17000, 25.
33.18000, 17.
33.19000, 18.
33.20000, 25.
33.21000, 19.
33.22000, 19.
33.23000, 22.
33.24000, 27.
33.25000, 23.
33.26000, 23.
33.27000, 21.
33.28000, 20.
33.29000, 20.
33.30000, 14.
33.31000, 18.
33.32000, 16.
33.33000, 19.
33.34000, 19.
33.35000, 15.
33.36000, 31.
33.37000, 19.
33.38000, 21.
33.39000, 17.
33.40000, 18.
33.41000, 23.
33.42000, 21.
33.43000, 23.
33.44000, 25.
33.45000, 24.
33.46000, 21.
33.47000, 24.
33.48000, 15.
33.49000, 28.
33.50000, 10.
33.51000, 22.
33.52000, 14.
33.53000, 20.
33.54000, 12.
33.55000, 21.
33.56000, 16.
33.57000, 17.
33.58000, 18.
33.59000, 21.
33.60000, 21.
33.61000, 17.
33.62000, 22.
33.63000, 15.
33.64000, 18.
33.65000, 20.
33.66000, 24.
33.67000, 20.
33.68000, 17.
33.69000, 25.
33.70000, 16.
33.71000, 21.
33.72000, 23.
33.73000, 26.
33.74000, 27.
33.75000, 15.
33.76000, 18.
33.77000, 29.
33.78000, 17.
33.79000, 22.
33.80000, 31.
33.81000, 21.
33.82000, 21.
33.83000, 29.
33.84000, 16.
33.85000, 15.
33.86000, 17.
33.87000, 18.
33.88000, 14.
33.89000, 26.
33.90000, 17.
33.91000, 19.
33.92000, 18.
33.93000, 23.
33.94000, 19.
33.95000, 17.
33.96000, 18.
33.97000, 21.
33.98000, 20.
33.99000, 19.
34.00000, 20.
34.01000, 15.
34.02000, 15.
34.03000, 24.
34.04000, 23.
34.05000, 19.
34.06000, 18.
34.07000, 32.
34.08000, 22.
34.09000, 22.
34.10000, 11.
34.11000, 17.
34.12000, 16.
34.13000, 18.
34.14000, 29.
34.15000, 13.
34.16000, 21.
34.17000, 25.
34.18000, 21.
34.19000, 17.
34.20000, 11.
34.21000, 14.
34.22000, 25.
34.23000, 15.
34.24000, 21.
34.25000, 19.
34.26000, 12.
34.27000, 21.
34.28000, 32.
34.29000, 18.
34.30000, 16.
34.31000, 13.
34.32000, 18.
34.33000, 16.
34.34000, 14.
34.35000, 15.
34.36000, 19.
34.37000, 7.
34.38000, 24.
34.39000, 15.
34.40000, 14.
34.41000, 17.
34.42000, 18.
34.43000, 17.
34.44000, 29.
34.45000, 23.
34.46000, 20.
34.47000, 27.
34.48000, 23.
34.49000, 14.
34.50000, 18.
34.51000, 9.
34.52000, 11.
34.53000, 22.
34.54000, 22.
34.55000, 14.
34.56000, 19.
34.57000, 22.
34.58000, 16.
34.59000, 20.
34.60000, 16.
34.61000, 22.
34.62000, 17.
34.63000, 18.
34.64000, 17.
34.65000, 16.
34.66000, 14.
34.67000, 29.
34.68000, 12.
34.69000, 11.
34.70000, 20.
34.71000, 16.
34.72000, 13.
34.73000, 10.
34.74000, 17.
34.75000, 19.
34.76000, 14.
34.77000, 19.
34.78000, 16.
34.79000, 15.
34.80000, 18.
34.81000, 19.
34.82000, 24.
34.83000, 12.
34.84000, 10.
34.85000, 17.
34.86000, 15.
34.87000, 17.
34.88000, 14.
34.89000, 11.
34.90000, 13.
34.91000, 13.
34.92000, 14.
34.93000, 17.
34.94000, 10.
34.95000, 21.
34.96000, 14.
34.97000, 20.
34.98000, 17.
34.99000, 16.
35.00000, 12.
35.01000, 12.
35.02000, 21.
35.03000, 20.
35.04000, 10.
35.05000, 24.
35.06000, 24.
35.07000, 15.
35.08000, 13.
35.09000, 18.
35.10000, 11.
35.11000, 23.
35.12000, 22.
35.13000, 10.
35.14000, 13.
35.15000, 18.
35.16000, 16.
35.17000, 14.
35.18000, 15.
35.19000, 16.
35.20000, 15.
35.21000, 11.
35.22000, 22.
35.23000, 16.
35.24000, 14.
35.25000, 19.
35.26000, 18.
35.27000, 13.
35.28000, 9.
35.29000, 17.
35.30000, 15.
35.31000, 16.
35.32000, 15.
35.33000, 13.
35.34000, 8.
35.35000, 10.
35.36000, 12.
35.37000, 15.
35.38000, 14.
35.39000, 5.
35.40000, 12.
35.41000, 14.
35.42000, 16.
35.43000, 15.
35.44000, 13.
35.45000, 21.
35.46000, 10.
35.47000, 7.
35.48000, 12.
35.49000, 13.
35.50000, 18.
35.51000, 15.
35.52000, 8.
35.53000, 9.
35.54000, 15.
35.55000, 7.
35.56000, 16.
35.57000, 10.
35.58000, 11.
35.59000, 13.
35.60000, 15.
35.61000, 10.
35.62000, 11.
35.63000, 10.
35.64000, 17.
35.65000, 16.
35.66000, 15.
35.67000, 7.
35.68000, 14.
35.69000, 12.
35.70000, 9.
35.71000, 18.
35.72000, 15.
35.73000, 12.
35.74000, 10.
35.75000, 11.
35.76000, 17.
35.77000, 21.
35.78000, 21.
35.79000, 18.
35.80000, 13.
35.81000, 16.
35.82000, 18.
35.83000, 22.
35.84000, 15.
35.85000, 14.
35.86000, 13.
35.87000, 15.
35.88000, 17.
35.89000, 9.
35.90000, 16.
35.91000, 12.
35.92000, 8.
35.93000, 19.
35.94000, 7.
35.95000, 10.
35.96000, 15.
35.97000, 18.
35.98000, 10.
35.99000, 12.
36.00000, 17.
36.01000, 7.
36.02000, 16.
36.03000, 12.
36.04000, 12.
36.05000, 15.
36.06000, 17.
36.07000, 17.
36.08000, 14.
36.09000, 10.
36.10000, 16.
36.11000, 13.
36.12000, 14.
36.13000, 13.
36.14000, 11.
36.15000, 11.
36.16000, 15.
36.17000, 14.
36.18000, 10.
36.19000, 14.
36.20000, 13.
36.21000, 10.
36.22000, 16.
36.23000, 15.
36.24000, 14.
36.25000, 8.
36.26000, 15.
36.27000, 17.
36.28000, 14.
36.29000, 14.
36.30000, 14.
36.31000, 14.
36.32000, 17.
36.33000, 21.
36.34000, 12.
36.35000, 12.
36.36000, 13.
36.37000, 13.
36.38000, 18.
36.39000, 11.
36.40000, 10.
36.41000, 17.
36.42000, 20.
36.43000, 18.
36.44000, 15.
36.45000, 13.
36.46000, 15.
36.47000, 12.
36.48000, 13.
36.49000, 11.
36.50000, 8.
36.51000, 16.
36.52000, 10.
36.53000, 11.
36.54000, 18.
36.55000, 17.
36.56000, 13.
36.57000, 21.
36.58000, 9.
36.59000, 17.
36.60000, 17.
36.61000, 14.
36.62000, 13.
36.63000, 15.
36.64000, 14.
36.65000, 5.
36.66000, 8.
36.67000, 15.
36.68000, 10.
36.69000, 13.
36.70000, 16.
36.71000, 10.
36.72000, 9.
36.73000, 11.
36.74000, 11.
36.75000, 19.
36.76000, 11.
36.77000, 14.
36.78000, 10.
36.79000, 8.
36.80000, 19.
36.81000, 17.
36.82000, 12.
36.83000, 10.
36.84000, 8.
36.85000, 18.
36.86000, 11.
36.87000, 10.
36.88000, 6.
36.89000, 17.
36.90000, 6.
36.91000, 10.
36.92000, 17.
36.93000, 8.
36.94000, 13.
36.95000, 10.
36.96000, 16.
36.97000, 8.
36.98000, 11.
36.99000, 17.
37.00000, 9.
37.01000, 10.
37.02000, 12.
37.03000, 8.
37.04000, 8.
37.05000, 11.
37.06000, 13.
37.07000, 8.
37.08000, 14.
37.09000, 9.
37.10000, 11.
37.11000, 10.
37.12000, 12.
37.13000, 13.
37.14000, 11.
37.15000, 9.
37.16000, 9.
37.17000, 17.
37.18000, 11.
37.19000, 6.
37.20000, 9.
37.21000, 8.
37.22000, 15.
37.23000, 11.
37.24000, 15.
37.25000, 11.
37.26000, 11.
37.27000, 20.
37.28000, 11.
37.29000, 12.
37.30000, 15.
37.31000, 10.
37.32000, 9.
37.33000, 12.
37.34000, 10.
37.35000, 13.
37.36000, 10.
37.37000, 13.
37.38000, 8.
37.39000, 10.
37.40000, 10.
37.41000, 11.
37.42000, 15.
37.43000, 8.
37.44000, 13.
37.45000, 11.
37.46000, 7.
37.47000, 9.
37.48000, 9.
37.49000, 11.
37.50000, 11.
37.51000, 7.
37.52000, 8.
37.53000, 12.
37.54000, 4.
37.55000, 14.
37.56000, 10.
37.57000, 5.
37.58000, 5.
37.59000, 8.
37.60000, 10.
37.61000, 8.
37.62000, 13.
37.63000, 11.
37.64000, 9.
37.65000, 10.
37.66000, 8.
37.67000, 9.
37.68000, 8.
37.69000, 7.
37.70000, 8.
37.71000, 14.
37.72000, 14.
37.73000, 11.
37.74000, 12.
37.75000, 9.
37.76000, 11.
37.77000, 6.
37.78000, 7.
37.79000, 9.
37.80000, 7.
37.81000, 16.
37.82000, 10.
37.83000, 16.
37.84000, 9.
37.85000, 9.
37.86000, 9.
37.87000, 7.
37.88000, 10.
37.89000, 8.
37.90000, 10.
37.91000, 19.
37.92000, 15.
37.93000, 15.
37.94000, 12.
37.95000, 7.
37.96000, 3.
37.97000, 6.
37.98000, 15.
37.99000, 9.
38.00000, 15.
38.01000, 13.
38.02000, 5.
38.03000, 8.
38.04000, 6.
38.05000, 10.
38.06000, 7.
38.07000, 4.
38.08000, 11.
38.09000, 10.
38.10000, 11.
38.11000, 8.
38.12000, 11.
38.13000, 8.
38.14000, 7.
38.15000, 15.
38.16000, 11.
38.17000, 15.
38.18000, 14.
38.19000, 12.
38.20000, 10.
38.21000, 2.
38.22000, 6.
38.23000, 10.
38.24000, 7.
38.25000, 7.
38.26000, 5.
38.27000, 10.
38.28000, 8.
38.29000, 7.
38.30000, 8.
38.31000, 3.
38.32000, 8.
38.33000, 7.
38.34000, 9.
38.35000, 7.
38.36000, 4.
38.37000, 9.
38.38000, 7.
38.39000, 5.
38.40000, 9.
38.41000, 11.
38.42000, 5.
38.43000, 4.
38.44000, 9.
38.45000, 10.
38.46000, 7.
38.47000, 6.
38.48000, 4.
38.49000, 9.
38.50000, 8.
38.51000, 12.
38.52000, 8.
38.53000, 8.
38.54000, 3.
38.55000, 8.
38.56000, 7.
38.57000, 7.
38.58000, 5.
38.59000, 5.
38.60000, 5.
38.61000, 8.
38.62000, 7.
38.63000, 5.
38.64000, 16.
38.65000, 5.
38.66000, 3.
38.67000, 10.
38.68000, 10.
38.69000, 3.
38.70000, 10.
38.71000, 16.
38.72000, 6.
38.73000, 11.
38.74000, 4.
38.75000, 6.
38.76000, 8.
38.77000, 8.
38.78000, 7.
38.79000, 9.
38.80000, 5.
38.81000, 5.
38.82000, 6.
38.83000, 7.
38.84000, 8.
38.85000, 5.
38.86000, 7.
38.87000, 12.
38.88000, 11.
38.89000, 12.
38.90000, 7.
38.91000, 6.
38.92000, 8.
38.93000, 7.
38.94000, 11.
38.95000, 8.
38.96000, 8.
38.97000, 10.
38.98000, 14.
38.99000, 7.
39.00000, 11.
39.01000, 6.
39.02000, 9.
39.03000, 5.
39.04000, 7.
39.05000, 4.
39.06000, 6.
39.07000, 10.
39.08000, 5.
39.09000, 8.
39.10000, 7.
39.11000, 12.
39.12000, 5.
39.13000, 7.
39.14000, 5.
39.15000, 1.
39.16000, 3.
39.17000, 4.
39.18000, 6.
39.19000, 9.
39.20000, 2.
39.21000, 4.
39.22000, 9.
39.23000, 5.
39.24000, 8.
39.25000, 9.
39.26000, 4.
39.27000, 4.
39.28000, 3.
39.29000, 4.
39.30000, 6.
39.31000, 4.
39.32000, 7.
39.33000, 2.
39.34000, 6.
39.35000, 2.
39.36000, 2.
39.37000, 8.
39.38000, 5.
39.39000, 4.
39.40000, 6.
39.41000, 3.
39.42000, 3.
39.43000, 3.
39.44000, 5.
39.45000, 7.
39.46000, 6.
39.47000, 11.
39.48000, 7.
39.49000, 7.
39.50000, 10.
39.51000, 1.
39.52000, 6.
39.53000, 5.
39.54000, 9.
39.55000, 6.
39.56000, 5.
39.57000, 6.
39.58000, 6.
39.59000, 6.
39.60000, 2.
39.61000, 8.
39.62000, 9.
39.63000, 5.
39.64000, 11.
39.65000, 5.
39.66000, 2.
39.67000, 3.
39.68000, 3.
39.69000, 5.
39.70000, 8.
39.71000, 5.
39.72000, 5.
39.73000, 4.
39.74000, 8.
39.75000, 6.
39.76000, 4.
39.77000, 1.
39.78000, 5.
39.79000, 5.
39.80000, 3.
39.81000, 3.
39.82000, 1.
39.83000, 5.
39.84000, 5.
39.85000, 11.
39.86000, 3.
39.87000, 4.
39.88000, 3.
39.89000, 2.
39.90000, 3.
39.91000, 2.
39.92000, 4.
39.93000, 5.
39.94000, 2.
39.95000, 4.
39.96000, 1.
39.97000, 7.
39.98000, 3.
39.99000, 6.
40.00000, 5.
40.01000, 5.
40.02000, 9.
40.03000, 3.
40.04000, 5.
40.05000, 5.
40.06000, 5.
40.07000, 5.
40.08000, 5.
40.09000, 7.
40.10000, 10.
40.11000, 6.
40.12000, 6.
40.13000, 8.
40.14000, 3.
40.15000, 5.
40.16000, 9.
40.17000, 2.
40.18000, 4.
40.19000, 8.
40.20000, 6.
40.21000, 5.
40.22000, 6.
40.23000, 7.
40.24000, 9.
40.25000, 8.
40.26000, 5.
40.27000, 4.
40.28000, 5.
40.29000, 4.
40.30000, 2.
40.31000, 4.
40.32000, 6.
40.33000, 2.
40.34000, 7.
40.35000, 5.
40.36000, 3.
40.37000, 0.
40.38000, 2.
40.39000, 4.
40.40000, 3.
40.41000, 6.
40.42000, 6.
40.43000, 4.
40.44000, 2.
40.45000, 1.
40.46000, 7.
40.47000, 3.
40.48000, 3.
40.49000, 2.
40.50000, 5.
40.51000, 6.
40.52000, 6.
40.53000, 5.
40.54000, 5.
40.55000, 0.
#ENDOFDATA   : 
