#FORMAT      : EMSA/MAS Spectral Data File
#VERSION     : 1.0
#TITLE       : Spectrum 25
#DATE        : 21-AUG-2025
#TIME        : 15:29
#OWNER       : XGT7200
#NPOINTS     : 4096.
#NCOLUMNS    : 1.
#XUNITS      : keV
#YUNITS      : counts
#DATATYPE    : XY
#XPERCHAN    : 0.0100000
#OFFSET      : -0.400000
#SIGNALTYPE  : EDS
#CHOFFSET    : 40.0000
#LIVETIME    : 30.000000
#REALTIME    : 39.696943
#BEAMKV      : 50.0000
#PROBECUR    : 673000.
#MAGCAM      : 100.000
#XTILTSTGE   : 0.0
#AZIMANGLE   : 0.0
#ELEVANGLE   : 45.0
#XPOSITION mm: 0.0000
#YPOSITION mm: 0.0000
#ZPOSITION mm: 0.0000
##OXINSTPT   : 4
##OXINSTSTROB: 71.77
#SPECTRUM    : Spectral Data Starts Here
-0.40000, 0.
-0.39000, 0.
-0.38000, 0.
-0.37000, 0.
-0.36000, 0.
-0.35000, 0.
-0.34000, 0.
-0.33000, 0.
-0.32000, 0.
-0.31000, 0.
-0.30000, 0.
-0.29000, 0.
-0.28000, 0.
-0.27000, 0.
-0.26000, 0.
-0.25000, 0.
-0.24000, 0.
-0.23000, 0.
-0.22000, 0.
-0.21000, 0.
-0.20000, 0.
-0.19000, 0.
-0.18000, 0.
-0.17000, 0.
-0.16000, 0.
-0.15000, 0.
-0.14000, 0.
-0.13000, 0.
-0.12000, 0.
-0.11000, 0.
-0.10000, 0.
-0.09000, 0.
-0.08000, 0.
-0.07000, 0.
-0.06000, 0.
-0.05000, 0.
-0.04000, 0.
-0.03000, 0.
-0.02000, 0.
-0.01000, 0.
0.00000, 0.
0.01000, 0.
0.02000, 0.
0.03000, 0.
0.04000, 0.
0.05000, 0.
0.06000, 0.
0.07000, 0.
0.08000, 0.
0.09000, 0.
0.10000, 0.
0.11000, 0.
0.12000, 0.
0.13000, 0.
0.14000, 0.
0.15000, 0.
0.16000, 0.
0.17000, 0.
0.18000, 0.
0.19000, 0.
0.20000, 0.
0.21000, 0.
0.22000, 0.
0.23000, 0.
0.24000, 0.
0.25000, 0.
0.26000, 0.
0.27000, 0.
0.28000, 0.
0.29000, 0.
0.30000, 0.
0.31000, 0.
0.32000, 0.
0.33000, 1.
0.34000, 0.
0.35000, 2.
0.36000, 5.
0.37000, 5.
0.38000, 12.
0.39000, 21.
0.40000, 11.
0.41000, 31.
0.42000, 35.
0.43000, 28.
0.44000, 42.
0.45000, 49.
0.46000, 37.
0.47000, 28.
0.48000, 43.
0.49000, 51.
0.50000, 46.
0.51000, 39.
0.52000, 43.
0.53000, 42.
0.54000, 49.
0.55000, 37.
0.56000, 38.
0.57000, 51.
0.58000, 41.
0.59000, 34.
0.60000, 40.
0.61000, 33.
0.62000, 48.
0.63000, 33.
0.64000, 45.
0.65000, 28.
0.66000, 25.
0.67000, 37.
0.68000, 43.
0.69000, 54.
0.70000, 36.
0.71000, 33.
0.72000, 37.
0.73000, 39.
0.74000, 47.
0.75000, 37.
0.76000, 35.
0.77000, 34.
0.78000, 43.
0.79000, 51.
0.80000, 29.
0.81000, 34.
0.82000, 29.
0.83000, 36.
0.84000, 40.
0.85000, 36.
0.86000, 32.
0.87000, 34.
0.88000, 38.
0.89000, 31.
0.90000, 49.
0.91000, 44.
0.92000, 39.
0.93000, 36.
0.94000, 53.
0.95000, 38.
0.96000, 42.
0.97000, 46.
0.98000, 42.
0.99000, 57.
1.00000, 34.
1.01000, 33.
1.02000, 36.
1.03000, 44.
1.04000, 50.
1.05000, 37.
1.06000, 47.
1.07000, 46.
1.08000, 46.
1.09000, 44.
1.10000, 47.
1.11000, 42.
1.12000, 35.
1.13000, 29.
1.14000, 40.
1.15000, 42.
1.16000, 36.
1.17000, 36.
1.18000, 52.
1.19000, 40.
1.20000, 40.
1.21000, 57.
1.22000, 71.
1.23000, 70.
1.24000, 69.
1.25000, 90.
1.26000, 79.
1.27000, 75.
1.28000, 70.
1.29000, 74.
1.30000, 55.
1.31000, 55.
1.32000, 34.
1.33000, 40.
1.34000, 28.
1.35000, 40.
1.36000, 37.
1.37000, 45.
1.38000, 47.
1.39000, 80.
1.40000, 86.
1.41000, 139.
1.42000, 176.
1.43000, 300.
1.44000, 327.
1.45000, 429.
1.46000, 532.
1.47000, 659.
1.48000, 764.
1.49000, 783.
1.50000, 722.
1.51000, 688.
1.52000, 612.
1.53000, 541.
1.54000, 421.
1.55000, 311.
1.56000, 251.
1.57000, 172.
1.58000, 138.
1.59000, 122.
1.60000, 116.
1.61000, 119.
1.62000, 127.
1.63000, 188.
1.64000, 310.
1.65000, 515.
1.66000, 829.
1.67000, 1282.
1.68000, 1795.
1.69000, 2616.
1.70000, 3592.
1.71000, 4299.
1.72000, 5222.
1.73000, 6016.
1.74000, 6346.
1.75000, 6399.
1.76000, 6062.
1.77000, 5430.
1.78000, 4714.
1.79000, 3736.
1.80000, 3017.
1.81000, 2203.
1.82000, 1576.
1.83000, 1099.
1.84000, 794.
1.85000, 580.
1.86000, 420.
1.87000, 319.
1.88000, 230.
1.89000, 190.
1.90000, 125.
1.91000, 86.
1.92000, 93.
1.93000, 68.
1.94000, 69.
1.95000, 64.
1.96000, 73.
1.97000, 58.
1.98000, 65.
1.99000, 78.
2.00000, 68.
2.01000, 76.
2.02000, 79.
2.03000, 68.
2.04000, 51.
2.05000, 52.
2.06000, 55.
2.07000, 42.
2.08000, 53.
2.09000, 45.
2.10000, 38.
2.11000, 36.
2.12000, 27.
2.13000, 29.
2.14000, 39.
2.15000, 30.
2.16000, 28.
2.17000, 35.
2.18000, 33.
2.19000, 25.
2.20000, 29.
2.21000, 30.
2.22000, 37.
2.23000, 37.
2.24000, 45.
2.25000, 60.
2.26000, 47.
2.27000, 68.
2.28000, 54.
2.29000, 62.
2.30000, 80.
2.31000, 75.
2.32000, 89.
2.33000, 73.
2.34000, 79.
2.35000, 76.
2.36000, 76.
2.37000, 56.
2.38000, 56.
2.39000, 41.
2.40000, 41.
2.41000, 35.
2.42000, 43.
2.43000, 38.
2.44000, 38.
2.45000, 39.
2.46000, 43.
2.47000, 40.
2.48000, 34.
2.49000, 40.
2.50000, 45.
2.51000, 43.
2.52000, 28.
2.53000, 41.
2.54000, 42.
2.55000, 33.
2.56000, 46.
2.57000, 56.
2.58000, 78.
2.59000, 75.
2.60000, 98.
2.61000, 132.
2.62000, 162.
2.63000, 179.
2.64000, 255.
2.65000, 307.
2.66000, 393.
2.67000, 415.
2.68000, 429.
2.69000, 506.
2.70000, 504.
2.71000, 507.
2.72000, 502.
2.73000, 505.
2.74000, 438.
2.75000, 342.
2.76000, 304.
2.77000, 321.
2.78000, 293.
2.79000, 317.
2.80000, 275.
2.81000, 263.
2.82000, 292.
2.83000, 297.
2.84000, 281.
2.85000, 321.
2.86000, 307.
2.87000, 246.
2.88000, 269.
2.89000, 229.
2.90000, 204.
2.91000, 175.
2.92000, 133.
2.93000, 132.
2.94000, 126.
2.95000, 82.
2.96000, 98.
2.97000, 84.
2.98000, 84.
2.99000, 89.
3.00000, 73.
3.01000, 60.
3.02000, 65.
3.03000, 39.
3.04000, 39.
3.05000, 55.
3.06000, 46.
3.07000, 39.
3.08000, 39.
3.09000, 39.
3.10000, 37.
3.11000, 21.
3.12000, 36.
3.13000, 39.
3.14000, 40.
3.15000, 32.
3.16000, 38.
3.17000, 51.
3.18000, 40.
3.19000, 48.
3.20000, 56.
3.21000, 77.
3.22000, 106.
3.23000, 106.
3.24000, 149.
3.25000, 220.
3.26000, 222.
3.27000, 281.
3.28000, 320.
3.29000, 378.
3.30000, 432.
3.31000, 489.
3.32000, 458.
3.33000, 441.
3.34000, 410.
3.35000, 380.
3.36000, 322.
3.37000, 307.
3.38000, 231.
3.39000, 170.
3.40000, 127.
3.41000, 105.
3.42000, 67.
3.43000, 67.
3.44000, 56.
3.45000, 48.
3.46000, 51.
3.47000, 34.
3.48000, 46.
3.49000, 57.
3.50000, 56.
3.51000, 58.
3.52000, 52.
3.53000, 78.
3.54000, 80.
3.55000, 98.
3.56000, 101.
3.57000, 160.
3.58000, 214.
3.59000, 254.
3.60000, 278.
3.61000, 364.
3.62000, 475.
3.63000, 643.
3.64000, 726.
3.65000, 880.
3.66000, 1059.
3.67000, 1166.
3.68000, 1246.
3.69000, 1281.
3.70000, 1263.
3.71000, 1190.
3.72000, 1066.
3.73000, 1026.
3.74000, 882.
3.75000, 709.
3.76000, 578.
3.77000, 467.
3.78000, 352.
3.79000, 236.
3.80000, 182.
3.81000, 125.
3.82000, 99.
3.83000, 67.
3.84000, 40.
3.85000, 49.
3.86000, 44.
3.87000, 36.
3.88000, 43.
3.89000, 42.
3.90000, 48.
3.91000, 49.
3.92000, 57.
3.93000, 79.
3.94000, 86.
3.95000, 119.
3.96000, 145.
3.97000, 163.
3.98000, 163.
3.99000, 212.
4.00000, 207.
4.01000, 238.
4.02000, 192.
4.03000, 194.
4.04000, 224.
4.05000, 187.
4.06000, 155.
4.07000, 137.
4.08000, 106.
4.09000, 104.
4.10000, 76.
4.11000, 67.
4.12000, 54.
4.13000, 39.
4.14000, 42.
4.15000, 20.
4.16000, 28.
4.17000, 28.
4.18000, 34.
4.19000, 35.
4.20000, 33.
4.21000, 30.
4.22000, 38.
4.23000, 21.
4.24000, 30.
4.25000, 30.
4.26000, 35.
4.27000, 27.
4.28000, 33.
4.29000, 37.
4.30000, 29.
4.31000, 22.
4.32000, 35.
4.33000, 39.
4.34000, 45.
4.35000, 51.
4.36000, 49.
4.37000, 64.
4.38000, 92.
4.39000, 129.
4.40000, 154.
4.41000, 198.
4.42000, 286.
4.43000, 397.
4.44000, 457.
4.45000, 558.
4.46000, 702.
4.47000, 818.
4.48000, 841.
4.49000, 987.
4.50000, 1025.
4.51000, 1049.
4.52000, 1033.
4.53000, 1049.
4.54000, 911.
4.55000, 836.
4.56000, 708.
4.57000, 585.
4.58000, 540.
4.59000, 414.
4.60000, 308.
4.61000, 308.
4.62000, 219.
4.63000, 208.
4.64000, 137.
4.65000, 145.
4.66000, 126.
4.67000, 124.
4.68000, 110.
4.69000, 91.
4.70000, 86.
4.71000, 83.
4.72000, 89.
4.73000, 90.
4.74000, 71.
4.75000, 74.
4.76000, 71.
4.77000, 63.
4.78000, 67.
4.79000, 65.
4.80000, 63.
4.81000, 76.
4.82000, 93.
4.83000, 106.
4.84000, 136.
4.85000, 107.
4.86000, 133.
4.87000, 149.
4.88000, 153.
4.89000, 203.
4.90000, 204.
4.91000, 213.
4.92000, 232.
4.93000, 242.
4.94000, 240.
4.95000, 228.
4.96000, 212.
4.97000, 172.
4.98000, 173.
4.99000, 158.
5.00000, 143.
5.01000, 136.
5.02000, 115.
5.03000, 105.
5.04000, 101.
5.05000, 69.
5.06000, 56.
5.07000, 57.
5.08000, 59.
5.09000, 52.
5.10000, 49.
5.11000, 45.
5.12000, 38.
5.13000, 55.
5.14000, 48.
5.15000, 60.
5.16000, 53.
5.17000, 54.
5.18000, 52.
5.19000, 54.
5.20000, 60.
5.21000, 49.
5.22000, 56.
5.23000, 55.
5.24000, 49.
5.25000, 61.
5.26000, 54.
5.27000, 61.
5.28000, 72.
5.29000, 62.
5.30000, 67.
5.31000, 80.
5.32000, 83.
5.33000, 95.
5.34000, 99.
5.35000, 99.
5.36000, 121.
5.37000, 116.
5.38000, 159.
5.39000, 127.
5.40000, 131.
5.41000, 138.
5.42000, 139.
5.43000, 139.
5.44000, 127.
5.45000, 127.
5.46000, 131.
5.47000, 115.
5.48000, 99.
5.49000, 94.
5.50000, 88.
5.51000, 75.
5.52000, 66.
5.53000, 71.
5.54000, 63.
5.55000, 76.
5.56000, 65.
5.57000, 56.
5.58000, 71.
5.59000, 71.
5.60000, 63.
5.61000, 57.
5.62000, 61.
5.63000, 64.
5.64000, 43.
5.65000, 51.
5.66000, 62.
5.67000, 48.
5.68000, 64.
5.69000, 53.
5.70000, 49.
5.71000, 54.
5.72000, 56.
5.73000, 58.
5.74000, 74.
5.75000, 56.
5.76000, 81.
5.77000, 82.
5.78000, 87.
5.79000, 107.
5.80000, 141.
5.81000, 128.
5.82000, 152.
5.83000, 209.
5.84000, 208.
5.85000, 234.
5.86000, 269.
5.87000, 288.
5.88000, 311.
5.89000, 279.
5.90000, 302.
5.91000, 324.
5.92000, 312.
5.93000, 300.
5.94000, 274.
5.95000, 250.
5.96000, 234.
5.97000, 200.
5.98000, 157.
5.99000, 147.
6.00000, 134.
6.01000, 128.
6.02000, 87.
6.03000, 110.
6.04000, 110.
6.05000, 90.
6.06000, 65.
6.07000, 103.
6.08000, 80.
6.09000, 107.
6.10000, 84.
6.11000, 89.
6.12000, 89.
6.13000, 80.
6.14000, 102.
6.15000, 114.
6.16000, 115.
6.17000, 155.
6.18000, 126.
6.19000, 188.
6.20000, 229.
6.21000, 286.
6.22000, 367.
6.23000, 528.
6.24000, 696.
6.25000, 1024.
6.26000, 1378.
6.27000, 1895.
6.28000, 2659.
6.29000, 3420.
6.30000, 4446.
6.31000, 5795.
6.32000, 7168.
6.33000, 8707.
6.34000, 10292.
6.35000, 11977.
6.36000, 13248.
6.37000, 14571.
6.38000, 15898.
6.39000, 16395.
6.40000, 16437.
6.41000, 16344.
6.42000, 15523.
6.43000, 14676.
6.44000, 13403.
6.45000, 11933.
6.46000, 10113.
6.47000, 8780.
6.48000, 7134.
6.49000, 5615.
6.50000, 4262.
6.51000, 3432.
6.52000, 2530.
6.53000, 1918.
6.54000, 1380.
6.55000, 961.
6.56000, 688.
6.57000, 492.
6.58000, 379.
6.59000, 255.
6.60000, 189.
6.61000, 172.
6.62000, 143.
6.63000, 130.
6.64000, 114.
6.65000, 93.
6.66000, 113.
6.67000, 99.
6.68000, 112.
6.69000, 108.
6.70000, 105.
6.71000, 122.
6.72000, 97.
6.73000, 126.
6.74000, 146.
6.75000, 111.
6.76000, 125.
6.77000, 123.
6.78000, 127.
6.79000, 105.
6.80000, 115.
6.81000, 133.
6.82000, 120.
6.83000, 155.
6.84000, 158.
6.85000, 149.
6.86000, 181.
6.87000, 181.
6.88000, 240.
6.89000, 252.
6.90000, 271.
6.91000, 389.
6.92000, 444.
6.93000, 594.
6.94000, 668.
6.95000, 849.
6.96000, 1065.
6.97000, 1223.
6.98000, 1439.
6.99000, 1667.
7.00000, 1961.
7.01000, 2157.
7.02000, 2363.
7.03000, 2529.
7.04000, 2580.
7.05000, 2706.
7.06000, 2657.
7.07000, 2665.
7.08000, 2516.
7.09000, 2322.
7.10000, 2137.
7.11000, 1944.
7.12000, 1596.
7.13000, 1242.
7.14000, 1138.
7.15000, 887.
7.16000, 745.
7.17000, 606.
7.18000, 468.
7.19000, 342.
7.20000, 255.
7.21000, 217.
7.22000, 180.
7.23000, 146.
7.24000, 117.
7.25000, 92.
7.26000, 108.
7.27000, 82.
7.28000, 78.
7.29000, 80.
7.30000, 73.
7.31000, 63.
7.32000, 71.
7.33000, 71.
7.34000, 67.
7.35000, 92.
7.36000, 62.
7.37000, 93.
7.38000, 83.
7.39000, 80.
7.40000, 90.
7.41000, 91.
7.42000, 96.
7.43000, 87.
7.44000, 106.
7.45000, 94.
7.46000, 108.
7.47000, 117.
7.48000, 99.
7.49000, 105.
7.50000, 83.
7.51000, 88.
7.52000, 107.
7.53000, 100.
7.54000, 73.
7.55000, 77.
7.56000, 69.
7.57000, 84.
7.58000, 68.
7.59000, 80.
7.60000, 68.
7.61000, 74.
7.62000, 70.
7.63000, 77.
7.64000, 74.
7.65000, 83.
7.66000, 78.
7.67000, 81.
7.68000, 62.
7.69000, 77.
7.70000, 96.
7.71000, 69.
7.72000, 80.
7.73000, 68.
7.74000, 71.
7.75000, 64.
7.76000, 78.
7.77000, 86.
7.78000, 89.
7.79000, 80.
7.80000, 85.
7.81000, 99.
7.82000, 84.
7.83000, 86.
7.84000, 109.
7.85000, 93.
7.86000, 128.
7.87000, 86.
7.88000, 114.
7.89000, 117.
7.90000, 119.
7.91000, 124.
7.92000, 126.
7.93000, 105.
7.94000, 112.
7.95000, 137.
7.96000, 115.
7.97000, 117.
7.98000, 130.
7.99000, 127.
8.00000, 160.
8.01000, 151.
8.02000, 150.
8.03000, 154.
8.04000, 153.
8.05000, 176.
8.06000, 147.
8.07000, 156.
8.08000, 166.
8.09000, 154.
8.10000, 140.
8.11000, 170.
8.12000, 158.
8.13000, 160.
8.14000, 175.
8.15000, 148.
8.16000, 155.
8.17000, 131.
8.18000, 110.
8.19000, 147.
8.20000, 143.
8.21000, 124.
8.22000, 120.
8.23000, 109.
8.24000, 124.
8.25000, 120.
8.26000, 111.
8.27000, 96.
8.28000, 93.
8.29000, 106.
8.30000, 102.
8.31000, 118.
8.32000, 97.
8.33000, 96.
8.34000, 108.
8.35000, 111.
8.36000, 99.
8.37000, 115.
8.38000, 83.
8.39000, 94.
8.40000, 126.
8.41000, 112.
8.42000, 102.
8.43000, 117.
8.44000, 109.
8.45000, 114.
8.46000, 118.
8.47000, 89.
8.48000, 112.
8.49000, 122.
8.50000, 152.
8.51000, 134.
8.52000, 150.
8.53000, 141.
8.54000, 162.
8.55000, 213.
8.56000, 217.
8.57000, 238.
8.58000, 244.
8.59000, 247.
8.60000, 282.
8.61000, 302.
8.62000, 299.
8.63000, 283.
8.64000, 294.
8.65000, 271.
8.66000, 253.
8.67000, 265.
8.68000, 246.
8.69000, 217.
8.70000, 184.
8.71000, 207.
8.72000, 206.
8.73000, 181.
8.74000, 171.
8.75000, 157.
8.76000, 145.
8.77000, 143.
8.78000, 131.
8.79000, 118.
8.80000, 113.
8.81000, 116.
8.82000, 117.
8.83000, 117.
8.84000, 115.
8.85000, 123.
8.86000, 101.
8.87000, 121.
8.88000, 117.
8.89000, 104.
8.90000, 117.
8.91000, 110.
8.92000, 97.
8.93000, 106.
8.94000, 123.
8.95000, 118.
8.96000, 119.
8.97000, 117.
8.98000, 122.
8.99000, 106.
9.00000, 114.
9.01000, 123.
9.02000, 92.
9.03000, 96.
9.04000, 124.
9.05000, 108.
9.06000, 108.
9.07000, 121.
9.08000, 116.
9.09000, 104.
9.10000, 123.
9.11000, 114.
9.12000, 114.
9.13000, 126.
9.14000, 112.
9.15000, 126.
9.16000, 134.
9.17000, 145.
9.18000, 141.
9.19000, 142.
9.20000, 132.
9.21000, 148.
9.22000, 120.
9.23000, 138.
9.24000, 122.
9.25000, 142.
9.26000, 132.
9.27000, 111.
9.28000, 116.
9.29000, 116.
9.30000, 129.
9.31000, 137.
9.32000, 109.
9.33000, 123.
9.34000, 129.
9.35000, 128.
9.36000, 140.
9.37000, 118.
9.38000, 110.
9.39000, 125.
9.40000, 137.
9.41000, 102.
9.42000, 142.
9.43000, 132.
9.44000, 133.
9.45000, 150.
9.46000, 132.
9.47000, 135.
9.48000, 143.
9.49000, 135.
9.50000, 127.
9.51000, 172.
9.52000, 124.
9.53000, 148.
9.54000, 142.
9.55000, 149.
9.56000, 153.
9.57000, 153.
9.58000, 134.
9.59000, 147.
9.60000, 151.
9.61000, 148.
9.62000, 161.
9.63000, 152.
9.64000, 140.
9.65000, 128.
9.66000, 139.
9.67000, 111.
9.68000, 144.
9.69000, 93.
9.70000, 113.
9.71000, 121.
9.72000, 144.
9.73000, 130.
9.74000, 125.
9.75000, 107.
9.76000, 109.
9.77000, 119.
9.78000, 125.
9.79000, 112.
9.80000, 125.
9.81000, 116.
9.82000, 150.
9.83000, 125.
9.84000, 115.
9.85000, 125.
9.86000, 122.
9.87000, 119.
9.88000, 132.
9.89000, 127.
9.90000, 120.
9.91000, 129.
9.92000, 144.
9.93000, 125.
9.94000, 114.
9.95000, 116.
9.96000, 130.
9.97000, 138.
9.98000, 111.
9.99000, 141.
10.00000, 109.
10.01000, 101.
10.02000, 123.
10.03000, 132.
10.04000, 120.
10.05000, 119.
10.06000, 118.
10.07000, 114.
10.08000, 113.
10.09000, 117.
10.10000, 132.
10.11000, 112.
10.12000, 122.
10.13000, 122.
10.14000, 119.
10.15000, 117.
10.16000, 133.
10.17000, 130.
10.18000, 128.
10.19000, 132.
10.20000, 124.
10.21000, 131.
10.22000, 117.
10.23000, 128.
10.24000, 136.
10.25000, 138.
10.26000, 128.
10.27000, 113.
10.28000, 121.
10.29000, 143.
10.30000, 127.
10.31000, 143.
10.32000, 152.
10.33000, 123.
10.34000, 145.
10.35000, 143.
10.36000, 139.
10.37000, 146.
10.38000, 191.
10.39000, 144.
10.40000, 125.
10.41000, 193.
10.42000, 173.
10.43000, 214.
10.44000, 180.
10.45000, 206.
10.46000, 202.
10.47000, 204.
10.48000, 244.
10.49000, 217.
10.50000, 217.
10.51000, 229.
10.52000, 256.
10.53000, 238.
10.54000, 263.
10.55000, 254.
10.56000, 240.
10.57000, 243.
10.58000, 224.
10.59000, 258.
10.60000, 214.
10.61000, 189.
10.62000, 191.
10.63000, 177.
10.64000, 204.
10.65000, 188.
10.66000, 152.
10.67000, 163.
10.68000, 174.
10.69000, 174.
10.70000, 155.
10.71000, 147.
10.72000, 140.
10.73000, 145.
10.74000, 131.
10.75000, 126.
10.76000, 137.
10.77000, 108.
10.78000, 122.
10.79000, 128.
10.80000, 139.
10.81000, 117.
10.82000, 119.
10.83000, 141.
10.84000, 156.
10.85000, 127.
10.86000, 130.
10.87000, 115.
10.88000, 144.
10.89000, 142.
10.90000, 134.
10.91000, 143.
10.92000, 125.
10.93000, 134.
10.94000, 123.
10.95000, 134.
10.96000, 139.
10.97000, 132.
10.98000, 134.
10.99000, 160.
11.00000, 133.
11.01000, 139.
11.02000, 135.
11.03000, 137.
11.04000, 135.
11.05000, 125.
11.06000, 119.
11.07000, 129.
11.08000, 156.
11.09000, 123.
11.10000, 126.
11.11000, 132.
11.12000, 128.
11.13000, 138.
11.14000, 141.
11.15000, 123.
11.16000, 129.
11.17000, 114.
11.18000, 136.
11.19000, 131.
11.20000, 125.
11.21000, 133.
11.22000, 128.
11.23000, 159.
11.24000, 141.
11.25000, 134.
11.26000, 146.
11.27000, 150.
11.28000, 160.
11.29000, 127.
11.30000, 160.
11.31000, 142.
11.32000, 123.
11.33000, 145.
11.34000, 119.
11.35000, 142.
11.36000, 166.
11.37000, 141.
11.38000, 142.
11.39000, 136.
11.40000, 136.
11.41000, 123.
11.42000, 130.
11.43000, 136.
11.44000, 141.
11.45000, 156.
11.46000, 136.
11.47000, 132.
11.48000, 126.
11.49000, 108.
11.50000, 139.
11.51000, 128.
11.52000, 122.
11.53000, 143.
11.54000, 154.
11.55000, 128.
11.56000, 149.
11.57000, 131.
11.58000, 137.
11.59000, 131.
11.60000, 134.
11.61000, 133.
11.62000, 148.
11.63000, 137.
11.64000, 138.
11.65000, 155.
11.66000, 141.
11.67000, 137.
11.68000, 130.
11.69000, 125.
11.70000, 128.
11.71000, 141.
11.72000, 141.
11.73000, 136.
11.74000, 120.
11.75000, 158.
11.76000, 121.
11.77000, 127.
11.78000, 142.
11.79000, 134.
11.80000, 131.
11.81000, 135.
11.82000, 148.
11.83000, 136.
11.84000, 126.
11.85000, 150.
11.86000, 142.
11.87000, 124.
11.88000, 136.
11.89000, 177.
11.90000, 138.
11.91000, 133.
11.92000, 135.
11.93000, 134.
11.94000, 148.
11.95000, 166.
11.96000, 132.
11.97000, 133.
11.98000, 133.
11.99000, 128.
12.00000, 141.
12.01000, 149.
12.02000, 141.
12.03000, 133.
12.04000, 142.
12.05000, 164.
12.06000, 125.
12.07000, 144.
12.08000, 145.
12.09000, 145.
12.10000, 135.
12.11000, 127.
12.12000, 151.
12.13000, 139.
12.14000, 146.
12.15000, 127.
12.16000, 138.
12.17000, 161.
12.18000, 124.
12.19000, 125.
12.20000, 155.
12.21000, 135.
12.22000, 172.
12.23000, 144.
12.24000, 157.
12.25000, 160.
12.26000, 146.
12.27000, 143.
12.28000, 164.
12.29000, 150.
12.30000, 184.
12.31000, 133.
12.32000, 160.
12.33000, 166.
12.34000, 145.
12.35000, 156.
12.36000, 154.
12.37000, 148.
12.38000, 150.
12.39000, 136.
12.40000, 136.
12.41000, 152.
12.42000, 166.
12.43000, 152.
12.44000, 139.
12.45000, 139.
12.46000, 172.
12.47000, 176.
12.48000, 184.
12.49000, 192.
12.50000, 206.
12.51000, 219.
12.52000, 214.
12.53000, 207.
12.54000, 250.
12.55000, 254.
12.56000, 245.
12.57000, 249.
12.58000, 250.
12.59000, 236.
12.60000, 257.
12.61000, 278.
12.62000, 287.
12.63000, 233.
12.64000, 260.
12.65000, 230.
12.66000, 247.
12.67000, 234.
12.68000, 246.
12.69000, 234.
12.70000, 231.
12.71000, 202.
12.72000, 232.
12.73000, 233.
12.74000, 214.
12.75000, 208.
12.76000, 207.
12.77000, 164.
12.78000, 212.
12.79000, 204.
12.80000, 195.
12.81000, 203.
12.82000, 165.
12.83000, 175.
12.84000, 194.
12.85000, 179.
12.86000, 204.
12.87000, 156.
12.88000, 164.
12.89000, 187.
12.90000, 170.
12.91000, 156.
12.92000, 165.
12.93000, 162.
12.94000, 191.
12.95000, 163.
12.96000, 144.
12.97000, 155.
12.98000, 157.
12.99000, 142.
13.00000, 143.
13.01000, 171.
13.02000, 155.
13.03000, 153.
13.04000, 159.
13.05000, 161.
13.06000, 157.
13.07000, 163.
13.08000, 175.
13.09000, 124.
13.10000, 154.
13.11000, 163.
13.12000, 162.
13.13000, 144.
13.14000, 141.
13.15000, 145.
13.16000, 158.
13.17000, 160.
13.18000, 152.
13.19000, 134.
13.20000, 151.
13.21000, 169.
13.22000, 163.
13.23000, 172.
13.24000, 192.
13.25000, 169.
13.26000, 141.
13.27000, 176.
13.28000, 172.
13.29000, 203.
13.30000, 213.
13.31000, 192.
13.32000, 186.
13.33000, 249.
13.34000, 198.
13.35000, 200.
13.36000, 198.
13.37000, 211.
13.38000, 190.
13.39000, 198.
13.40000, 173.
13.41000, 191.
13.42000, 205.
13.43000, 210.
13.44000, 185.
13.45000, 172.
13.46000, 189.
13.47000, 183.
13.48000, 168.
13.49000, 174.
13.50000, 157.
13.51000, 166.
13.52000, 179.
13.53000, 172.
13.54000, 164.
13.55000, 162.
13.56000, 154.
13.57000, 149.
13.58000, 165.
13.59000, 154.
13.60000, 143.
13.61000, 158.
13.62000, 154.
13.63000, 141.
13.64000, 162.
13.65000, 165.
13.66000, 154.
13.67000, 141.
13.68000, 148.
13.69000, 134.
13.70000, 159.
13.71000, 145.
13.72000, 154.
13.73000, 141.
13.74000, 146.
13.75000, 147.
13.76000, 160.
13.77000, 136.
13.78000, 145.
13.79000, 144.
13.80000, 131.
13.81000, 187.
13.82000, 142.
13.83000, 152.
13.84000, 144.
13.85000, 166.
13.86000, 158.
13.87000, 135.
13.88000, 139.
13.89000, 159.
13.90000, 153.
13.91000, 157.
13.92000, 182.
13.93000, 179.
13.94000, 152.
13.95000, 155.
13.96000, 157.
13.97000, 146.
13.98000, 184.
13.99000, 186.
14.00000, 157.
14.01000, 175.
14.02000, 191.
14.03000, 170.
14.04000, 201.
14.05000, 193.
14.06000, 209.
14.07000, 194.
14.08000, 207.
14.09000, 211.
14.10000, 219.
14.11000, 231.
14.12000, 186.
14.13000, 222.
14.14000, 209.
14.15000, 183.
14.16000, 226.
14.17000, 201.
14.18000, 211.
14.19000, 216.
14.20000, 196.
14.21000, 177.
14.22000, 176.
14.23000, 167.
14.24000, 187.
14.25000, 160.
14.26000, 165.
14.27000, 197.
14.28000, 147.
14.29000, 142.
14.30000, 141.
14.31000, 155.
14.32000, 191.
14.33000, 145.
14.34000, 150.
14.35000, 147.
14.36000, 139.
14.37000, 153.
14.38000, 144.
14.39000, 151.
14.40000, 156.
14.41000, 156.
14.42000, 150.
14.43000, 146.
14.44000, 141.
14.45000, 145.
14.46000, 139.
14.47000, 142.
14.48000, 152.
14.49000, 125.
14.50000, 149.
14.51000, 127.
14.52000, 130.
14.53000, 135.
14.54000, 128.
14.55000, 151.
14.56000, 143.
14.57000, 134.
14.58000, 125.
14.59000, 163.
14.60000, 149.
14.61000, 151.
14.62000, 148.
14.63000, 158.
14.64000, 161.
14.65000, 164.
14.66000, 155.
14.67000, 164.
14.68000, 163.
14.69000, 144.
14.70000, 147.
14.71000, 154.
14.72000, 162.
14.73000, 160.
14.74000, 173.
14.75000, 169.
14.76000, 144.
14.77000, 173.
14.78000, 164.
14.79000, 187.
14.80000, 166.
14.81000, 174.
14.82000, 189.
14.83000, 191.
14.84000, 155.
14.85000, 169.
14.86000, 179.
14.87000, 193.
14.88000, 184.
14.89000, 177.
14.90000, 161.
14.91000, 171.
14.92000, 161.
14.93000, 192.
14.94000, 173.
14.95000, 168.
14.96000, 184.
14.97000, 184.
14.98000, 149.
14.99000, 177.
15.00000, 137.
15.01000, 145.
15.02000, 164.
15.03000, 148.
15.04000, 187.
15.05000, 169.
15.06000, 143.
15.07000, 148.
15.08000, 161.
15.09000, 141.
15.10000, 149.
15.11000, 178.
15.12000, 141.
15.13000, 154.
15.14000, 163.
15.15000, 133.
15.16000, 150.
15.17000, 156.
15.18000, 151.
15.19000, 171.
15.20000, 168.
15.21000, 160.
15.22000, 137.
15.23000, 134.
15.24000, 124.
15.25000, 138.
15.26000, 146.
15.27000, 153.
15.28000, 139.
15.29000, 161.
15.30000, 150.
15.31000, 126.
15.32000, 145.
15.33000, 153.
15.34000, 128.
15.35000, 129.
15.36000, 135.
15.37000, 145.
15.38000, 135.
15.39000, 154.
15.40000, 143.
15.41000, 125.
15.42000, 167.
15.43000, 158.
15.44000, 162.
15.45000, 128.
15.46000, 140.
15.47000, 153.
15.48000, 147.
15.49000, 146.
15.50000, 167.
15.51000, 138.
15.52000, 166.
15.53000, 192.
15.54000, 190.
15.55000, 222.
15.56000, 193.
15.57000, 207.
15.58000, 230.
15.59000, 240.
15.60000, 250.
15.61000, 276.
15.62000, 263.
15.63000, 294.
15.64000, 286.
15.65000, 340.
15.66000, 336.
15.67000, 352.
15.68000, 354.
15.69000, 415.
15.70000, 369.
15.71000, 412.
15.72000, 396.
15.73000, 413.
15.74000, 364.
15.75000, 404.
15.76000, 384.
15.77000, 349.
15.78000, 351.
15.79000, 329.
15.80000, 337.
15.81000, 332.
15.82000, 303.
15.83000, 283.
15.84000, 300.
15.85000, 290.
15.86000, 271.
15.87000, 255.
15.88000, 195.
15.89000, 230.
15.90000, 218.
15.91000, 187.
15.92000, 203.
15.93000, 174.
15.94000, 166.
15.95000, 162.
15.96000, 150.
15.97000, 174.
15.98000, 146.
15.99000, 151.
16.00000, 151.
16.01000, 145.
16.02000, 151.
16.03000, 163.
16.04000, 147.
16.05000, 140.
16.06000, 153.
16.07000, 144.
16.08000, 153.
16.09000, 120.
16.10000, 150.
16.11000, 159.
16.12000, 156.
16.13000, 144.
16.14000, 113.
16.15000, 145.
16.16000, 137.
16.17000, 141.
16.18000, 148.
16.19000, 157.
16.20000, 152.
16.21000, 140.
16.22000, 140.
16.23000, 147.
16.24000, 131.
16.25000, 137.
16.26000, 144.
16.27000, 158.
16.28000, 162.
16.29000, 143.
16.30000, 149.
16.31000, 139.
16.32000, 138.
16.33000, 142.
16.34000, 133.
16.35000, 133.
16.36000, 134.
16.37000, 147.
16.38000, 139.
16.39000, 136.
16.40000, 156.
16.41000, 160.
16.42000, 134.
16.43000, 150.
16.44000, 156.
16.45000, 147.
16.46000, 164.
16.47000, 170.
16.48000, 158.
16.49000, 179.
16.50000, 159.
16.51000, 159.
16.52000, 173.
16.53000, 172.
16.54000, 172.
16.55000, 162.
16.56000, 167.
16.57000, 164.
16.58000, 186.
16.59000, 156.
16.60000, 181.
16.61000, 147.
16.62000, 167.
16.63000, 158.
16.64000, 167.
16.65000, 187.
16.66000, 160.
16.67000, 153.
16.68000, 163.
16.69000, 171.
16.70000, 167.
16.71000, 153.
16.72000, 150.
16.73000, 132.
16.74000, 169.
16.75000, 168.
16.76000, 162.
16.77000, 158.
16.78000, 168.
16.79000, 136.
16.80000, 128.
16.81000, 157.
16.82000, 181.
16.83000, 136.
16.84000, 163.
16.85000, 158.
16.86000, 136.
16.87000, 154.
16.88000, 133.
16.89000, 148.
16.90000, 134.
16.91000, 131.
16.92000, 138.
16.93000, 167.
16.94000, 159.
16.95000, 123.
16.96000, 154.
16.97000, 152.
16.98000, 131.
16.99000, 148.
17.00000, 117.
17.01000, 129.
17.02000, 143.
17.03000, 158.
17.04000, 153.
17.05000, 165.
17.06000, 135.
17.07000, 149.
17.08000, 162.
17.09000, 156.
17.10000, 103.
17.11000, 149.
17.12000, 164.
17.13000, 141.
17.14000, 157.
17.15000, 127.
17.16000, 132.
17.17000, 163.
17.18000, 149.
17.19000, 152.
17.20000, 146.
17.21000, 153.
17.22000, 154.
17.23000, 138.
17.24000, 145.
17.25000, 153.
17.26000, 146.
17.27000, 179.
17.28000, 156.
17.29000, 149.
17.30000, 139.
17.31000, 153.
17.32000, 138.
17.33000, 155.
17.34000, 153.
17.35000, 150.
17.36000, 159.
17.37000, 159.
17.38000, 143.
17.39000, 145.
17.40000, 126.
17.41000, 169.
17.42000, 169.
17.43000, 167.
17.44000, 159.
17.45000, 141.
17.46000, 168.
17.47000, 164.
17.48000, 176.
17.49000, 167.
17.50000, 176.
17.51000, 171.
17.52000, 176.
17.53000, 190.
17.54000, 167.
17.55000, 171.
17.56000, 203.
17.57000, 175.
17.58000, 196.
17.59000, 193.
17.60000, 226.
17.61000, 196.
17.62000, 198.
17.63000, 202.
17.64000, 203.
17.65000, 216.
17.66000, 220.
17.67000, 199.
17.68000, 212.
17.69000, 236.
17.70000, 188.
17.71000, 214.
17.72000, 187.
17.73000, 192.
17.74000, 201.
17.75000, 175.
17.76000, 207.
17.77000, 173.
17.78000, 193.
17.79000, 181.
17.80000, 169.
17.81000, 185.
17.82000, 207.
17.83000, 180.
17.84000, 197.
17.85000, 192.
17.86000, 197.
17.87000, 198.
17.88000, 177.
17.89000, 214.
17.90000, 175.
17.91000, 229.
17.92000, 216.
17.93000, 217.
17.94000, 190.
17.95000, 196.
17.96000, 203.
17.97000, 211.
17.98000, 219.
17.99000, 192.
18.00000, 216.
18.01000, 214.
18.02000, 205.
18.03000, 237.
18.04000, 218.
18.05000, 218.
18.06000, 237.
18.07000, 214.
18.08000, 233.
18.09000, 247.
18.10000, 221.
18.11000, 228.
18.12000, 241.
18.13000, 250.
18.14000, 272.
18.15000, 240.
18.16000, 273.
18.17000, 232.
18.18000, 247.
18.19000, 239.
18.20000, 268.
18.21000, 282.
18.22000, 268.
18.23000, 248.
18.24000, 289.
18.25000, 296.
18.26000, 291.
18.27000, 293.
18.28000, 285.
18.29000, 329.
18.30000, 310.
18.31000, 350.
18.32000, 341.
18.33000, 354.
18.34000, 374.
18.35000, 397.
18.36000, 386.
18.37000, 380.
18.38000, 411.
18.39000, 340.
18.40000, 438.
18.41000, 413.
18.42000, 459.
18.43000, 436.
18.44000, 438.
18.45000, 434.
18.46000, 470.
18.47000, 520.
18.48000, 527.
18.49000, 589.
18.50000, 547.
18.51000, 564.
18.52000, 541.
18.53000, 614.
18.54000, 626.
18.55000, 629.
18.56000, 658.
18.57000, 636.
18.58000, 640.
18.59000, 694.
18.60000, 711.
18.61000, 722.
18.62000, 715.
18.63000, 738.
18.64000, 758.
18.65000, 734.
18.66000, 814.
18.67000, 770.
18.68000, 814.
18.69000, 842.
18.70000, 823.
18.71000, 795.
18.72000, 894.
18.73000, 853.
18.74000, 797.
18.75000, 842.
18.76000, 892.
18.77000, 905.
18.78000, 882.
18.79000, 883.
18.80000, 903.
18.81000, 911.
18.82000, 878.
18.83000, 872.
18.84000, 851.
18.85000, 838.
18.86000, 848.
18.87000, 810.
18.88000, 808.
18.89000, 831.
18.90000, 826.
18.91000, 800.
18.92000, 817.
18.93000, 793.
18.94000, 737.
18.95000, 738.
18.96000, 766.
18.97000, 812.
18.98000, 729.
18.99000, 686.
19.00000, 661.
19.01000, 723.
19.02000, 698.
19.03000, 672.
19.04000, 600.
19.05000, 626.
19.06000, 601.
19.07000, 594.
19.08000, 524.
19.09000, 576.
19.10000, 553.
19.11000, 522.
19.12000, 486.
19.13000, 477.
19.14000, 469.
19.15000, 461.
19.16000, 426.
19.17000, 398.
19.18000, 430.
19.19000, 413.
19.20000, 370.
19.21000, 380.
19.22000, 360.
19.23000, 369.
19.24000, 368.
19.25000, 376.
19.26000, 351.
19.27000, 331.
19.28000, 294.
19.29000, 331.
19.30000, 311.
19.31000, 317.
19.32000, 300.
19.33000, 278.
19.34000, 307.
19.35000, 280.
19.36000, 268.
19.37000, 271.
19.38000, 266.
19.39000, 271.
19.40000, 261.
19.41000, 246.
19.42000, 240.
19.43000, 239.
19.44000, 255.
19.45000, 226.
19.46000, 236.
19.47000, 231.
19.48000, 251.
19.49000, 210.
19.50000, 249.
19.51000, 269.
19.52000, 204.
19.53000, 210.
19.54000, 190.
19.55000, 211.
19.56000, 194.
19.57000, 161.
19.58000, 179.
19.59000, 201.
19.60000, 181.
19.61000, 173.
19.62000, 196.
19.63000, 172.
19.64000, 175.
19.65000, 175.
19.66000, 153.
19.67000, 188.
19.68000, 178.
19.69000, 187.
19.70000, 163.
19.71000, 175.
19.72000, 168.
19.73000, 147.
19.74000, 177.
19.75000, 147.
19.76000, 141.
19.77000, 180.
19.78000, 160.
19.79000, 173.
19.80000, 175.
19.81000, 149.
19.82000, 146.
19.83000, 159.
19.84000, 182.
19.85000, 185.
19.86000, 193.
19.87000, 200.
19.88000, 205.
19.89000, 197.
19.90000, 194.
19.91000, 257.
19.92000, 222.
19.93000, 242.
19.94000, 244.
19.95000, 282.
19.96000, 293.
19.97000, 333.
19.98000, 317.
19.99000, 348.
20.00000, 353.
20.01000, 432.
20.02000, 418.
20.03000, 405.
20.04000, 423.
20.05000, 425.
20.06000, 437.
20.07000, 465.
20.08000, 481.
20.09000, 543.
20.10000, 506.
20.11000, 476.
20.12000, 516.
20.13000, 508.
20.14000, 531.
20.15000, 502.
20.16000, 573.
20.17000, 529.
20.18000, 488.
20.19000, 488.
20.20000, 557.
20.21000, 483.
20.22000, 442.
20.23000, 465.
20.24000, 462.
20.25000, 389.
20.26000, 387.
20.27000, 402.
20.28000, 320.
20.29000, 311.
20.30000, 341.
20.31000, 301.
20.32000, 249.
20.33000, 271.
20.34000, 257.
20.35000, 213.
20.36000, 189.
20.37000, 177.
20.38000, 160.
20.39000, 185.
20.40000, 156.
20.41000, 187.
20.42000, 147.
20.43000, 160.
20.44000, 152.
20.45000, 142.
20.46000, 175.
20.47000, 143.
20.48000, 150.
20.49000, 140.
20.50000, 139.
20.51000, 142.
20.52000, 152.
20.53000, 165.
20.54000, 153.
20.55000, 147.
20.56000, 144.
20.57000, 157.
20.58000, 167.
20.59000, 174.
20.60000, 154.
20.61000, 192.
20.62000, 173.
20.63000, 186.
20.64000, 186.
20.65000, 161.
20.66000, 175.
20.67000, 179.
20.68000, 153.
20.69000, 178.
20.70000, 180.
20.71000, 197.
20.72000, 201.
20.73000, 206.
20.74000, 209.
20.75000, 201.
20.76000, 188.
20.77000, 187.
20.78000, 227.
20.79000, 201.
20.80000, 196.
20.81000, 211.
20.82000, 219.
20.83000, 228.
20.84000, 198.
20.85000, 217.
20.86000, 238.
20.87000, 227.
20.88000, 231.
20.89000, 224.
20.90000, 232.
20.91000, 217.
20.92000, 229.
20.93000, 231.
20.94000, 224.
20.95000, 240.
20.96000, 222.
20.97000, 237.
20.98000, 213.
20.99000, 244.
21.00000, 234.
21.01000, 231.
21.02000, 214.
21.03000, 211.
21.04000, 276.
21.05000, 251.
21.06000, 243.
21.07000, 210.
21.08000, 236.
21.09000, 237.
21.10000, 229.
21.11000, 231.
21.12000, 250.
21.13000, 249.
21.14000, 191.
21.15000, 216.
21.16000, 201.
21.17000, 186.
21.18000, 201.
21.19000, 213.
21.20000, 207.
21.21000, 211.
21.22000, 203.
21.23000, 234.
21.24000, 176.
21.25000, 202.
21.26000, 209.
21.27000, 184.
21.28000, 187.
21.29000, 188.
21.30000, 182.
21.31000, 179.
21.32000, 181.
21.33000, 167.
21.34000, 159.
21.35000, 184.
21.36000, 170.
21.37000, 168.
21.38000, 147.
21.39000, 167.
21.40000, 161.
21.41000, 176.
21.42000, 162.
21.43000, 169.
21.44000, 146.
21.45000, 147.
21.46000, 132.
21.47000, 154.
21.48000, 126.
21.49000, 150.
21.50000, 134.
21.51000, 136.
21.52000, 142.
21.53000, 130.
21.54000, 145.
21.55000, 138.
21.56000, 153.
21.57000, 142.
21.58000, 123.
21.59000, 131.
21.60000, 127.
21.61000, 106.
21.62000, 129.
21.63000, 118.
21.64000, 112.
21.65000, 129.
21.66000, 118.
21.67000, 115.
21.68000, 126.
21.69000, 119.
21.70000, 115.
21.71000, 153.
21.72000, 106.
21.73000, 112.
21.74000, 103.
21.75000, 92.
21.76000, 102.
21.77000, 97.
21.78000, 102.
21.79000, 95.
21.80000, 89.
21.81000, 86.
21.82000, 98.
21.83000, 97.
21.84000, 120.
21.85000, 101.
21.86000, 102.
21.87000, 106.
21.88000, 98.
21.89000, 101.
21.90000, 85.
21.91000, 98.
21.92000, 94.
21.93000, 90.
21.94000, 91.
21.95000, 103.
21.96000, 87.
21.97000, 86.
21.98000, 95.
21.99000, 85.
22.00000, 94.
22.01000, 70.
22.02000, 80.
22.03000, 92.
22.04000, 100.
22.05000, 83.
22.06000, 101.
22.07000, 88.
22.08000, 78.
22.09000, 66.
22.10000, 102.
22.11000, 80.
22.12000, 94.
22.13000, 78.
22.14000, 84.
22.15000, 78.
22.16000, 96.
22.17000, 84.
22.18000, 89.
22.19000, 96.
22.20000, 77.
22.21000, 81.
22.22000, 81.
22.23000, 106.
22.24000, 77.
22.25000, 114.
22.26000, 97.
22.27000, 101.
22.28000, 99.
22.29000, 85.
22.30000, 85.
22.31000, 84.
22.32000, 83.
22.33000, 74.
22.34000, 80.
22.35000, 74.
22.36000, 73.
22.37000, 73.
22.38000, 88.
22.39000, 67.
22.40000, 74.
22.41000, 99.
22.42000, 77.
22.43000, 70.
22.44000, 81.
22.45000, 75.
22.46000, 92.
22.47000, 89.
22.48000, 89.
22.49000, 108.
22.50000, 85.
22.51000, 80.
22.52000, 92.
22.53000, 101.
22.54000, 89.
22.55000, 112.
22.56000, 97.
22.57000, 121.
22.58000, 125.
22.59000, 123.
22.60000, 131.
22.61000, 106.
22.62000, 111.
22.63000, 128.
22.64000, 113.
22.65000, 118.
22.66000, 132.
22.67000, 132.
22.68000, 138.
22.69000, 133.
22.70000, 126.
22.71000, 128.
22.72000, 117.
22.73000, 122.
22.74000, 129.
22.75000, 131.
22.76000, 104.
22.77000, 110.
22.78000, 121.
22.79000, 103.
22.80000, 132.
22.81000, 101.
22.82000, 104.
22.83000, 96.
22.84000, 107.
22.85000, 89.
22.86000, 91.
22.87000, 93.
22.88000, 83.
22.89000, 71.
22.90000, 88.
22.91000, 81.
22.92000, 80.
22.93000, 83.
22.94000, 64.
22.95000, 75.
22.96000, 85.
22.97000, 76.
22.98000, 94.
22.99000, 70.
23.00000, 73.
23.01000, 65.
23.02000, 57.
23.03000, 76.
23.04000, 83.
23.05000, 94.
23.06000, 74.
23.07000, 74.
23.08000, 65.
23.09000, 81.
23.10000, 82.
23.11000, 106.
23.12000, 78.
23.13000, 78.
23.14000, 72.
23.15000, 86.
23.16000, 78.
23.17000, 71.
23.18000, 74.
23.19000, 84.
23.20000, 83.
23.21000, 65.
23.22000, 71.
23.23000, 55.
23.24000, 77.
23.25000, 91.
23.26000, 65.
23.27000, 69.
23.28000, 79.
23.29000, 55.
23.30000, 67.
23.31000, 72.
23.32000, 56.
23.33000, 79.
23.34000, 69.
23.35000, 58.
23.36000, 74.
23.37000, 68.
23.38000, 61.
23.39000, 66.
23.40000, 77.
23.41000, 58.
23.42000, 62.
23.43000, 63.
23.44000, 67.
23.45000, 71.
23.46000, 58.
23.47000, 57.
23.48000, 61.
23.49000, 67.
23.50000, 68.
23.51000, 56.
23.52000, 60.
23.53000, 73.
23.54000, 70.
23.55000, 61.
23.56000, 76.
23.57000, 54.
23.58000, 72.
23.59000, 60.
23.60000, 55.
23.61000, 58.
23.62000, 60.
23.63000, 70.
23.64000, 60.
23.65000, 72.
23.66000, 85.
23.67000, 72.
23.68000, 55.
23.69000, 71.
23.70000, 68.
23.71000, 60.
23.72000, 63.
23.73000, 55.
23.74000, 67.
23.75000, 55.
23.76000, 75.
23.77000, 66.
23.78000, 63.
23.79000, 62.
23.80000, 69.
23.81000, 76.
23.82000, 61.
23.83000, 60.
23.84000, 72.
23.85000, 57.
23.86000, 57.
23.87000, 71.
23.88000, 50.
23.89000, 67.
23.90000, 70.
23.91000, 56.
23.92000, 51.
23.93000, 63.
23.94000, 78.
23.95000, 46.
23.96000, 54.
23.97000, 61.
23.98000, 75.
23.99000, 75.
24.00000, 63.
24.01000, 59.
24.02000, 71.
24.03000, 57.
24.04000, 59.
24.05000, 53.
24.06000, 60.
24.07000, 68.
24.08000, 63.
24.09000, 68.
24.10000, 68.
24.11000, 64.
24.12000, 61.
24.13000, 65.
24.14000, 57.
24.15000, 67.
24.16000, 48.
24.17000, 54.
24.18000, 75.
24.19000, 66.
24.20000, 49.
24.21000, 73.
24.22000, 56.
24.23000, 65.
24.24000, 52.
24.25000, 67.
24.26000, 59.
24.27000, 70.
24.28000, 69.
24.29000, 70.
24.30000, 80.
24.31000, 52.
24.32000, 54.
24.33000, 60.
24.34000, 55.
24.35000, 69.
24.36000, 56.
24.37000, 67.
24.38000, 56.
24.39000, 54.
24.40000, 54.
24.41000, 50.
24.42000, 65.
24.43000, 72.
24.44000, 50.
24.45000, 65.
24.46000, 58.
24.47000, 72.
24.48000, 55.
24.49000, 54.
24.50000, 59.
24.51000, 70.
24.52000, 68.
24.53000, 67.
24.54000, 53.
24.55000, 70.
24.56000, 71.
24.57000, 57.
24.58000, 49.
24.59000, 67.
24.60000, 57.
24.61000, 66.
24.62000, 60.
24.63000, 67.
24.64000, 50.
24.65000, 63.
24.66000, 59.
24.67000, 62.
24.68000, 57.
24.69000, 62.
24.70000, 57.
24.71000, 81.
24.72000, 57.
24.73000, 77.
24.74000, 54.
24.75000, 73.
24.76000, 67.
24.77000, 66.
24.78000, 61.
24.79000, 68.
24.80000, 65.
24.81000, 56.
24.82000, 65.
24.83000, 68.
24.84000, 68.
24.85000, 58.
24.86000, 63.
24.87000, 59.
24.88000, 60.
24.89000, 59.
24.90000, 50.
24.91000, 57.
24.92000, 88.
24.93000, 85.
24.94000, 54.
24.95000, 65.
24.96000, 57.
24.97000, 56.
24.98000, 61.
24.99000, 75.
25.00000, 73.
25.01000, 62.
25.02000, 69.
25.03000, 63.
25.04000, 66.
25.05000, 73.
25.06000, 61.
25.07000, 58.
25.08000, 68.
25.09000, 59.
25.10000, 77.
25.11000, 64.
25.12000, 77.
25.13000, 80.
25.14000, 82.
25.15000, 70.
25.16000, 70.
25.17000, 67.
25.18000, 67.
25.19000, 63.
25.20000, 61.
25.21000, 54.
25.22000, 76.
25.23000, 62.
25.24000, 65.
25.25000, 61.
25.26000, 66.
25.27000, 66.
25.28000, 56.
25.29000, 61.
25.30000, 70.
25.31000, 70.
25.32000, 59.
25.33000, 58.
25.34000, 78.
25.35000, 66.
25.36000, 64.
25.37000, 65.
25.38000, 47.
25.39000, 63.
25.40000, 60.
25.41000, 49.
25.42000, 59.
25.43000, 66.
25.44000, 62.
25.45000, 68.
25.46000, 51.
25.47000, 60.
25.48000, 54.
25.49000, 56.
25.50000, 56.
25.51000, 57.
25.52000, 59.
25.53000, 53.
25.54000, 57.
25.55000, 61.
25.56000, 64.
25.57000, 48.
25.58000, 48.
25.59000, 54.
25.60000, 52.
25.61000, 57.
25.62000, 55.
25.63000, 52.
25.64000, 51.
25.65000, 50.
25.66000, 63.
25.67000, 60.
25.68000, 57.
25.69000, 56.
25.70000, 59.
25.71000, 58.
25.72000, 64.
25.73000, 61.
25.74000, 45.
25.75000, 61.
25.76000, 56.
25.77000, 67.
25.78000, 59.
25.79000, 55.
25.80000, 48.
25.81000, 57.
25.82000, 49.
25.83000, 55.
25.84000, 48.
25.85000, 60.
25.86000, 54.
25.87000, 63.
25.88000, 60.
25.89000, 50.
25.90000, 62.
25.91000, 57.
25.92000, 55.
25.93000, 51.
25.94000, 49.
25.95000, 61.
25.96000, 62.
25.97000, 64.
25.98000, 50.
25.99000, 50.
26.00000, 71.
26.01000, 61.
26.02000, 57.
26.03000, 48.
26.04000, 57.
26.05000, 62.
26.06000, 54.
26.07000, 58.
26.08000, 42.
26.09000, 47.
26.10000, 57.
26.11000, 55.
26.12000, 48.
26.13000, 58.
26.14000, 50.
26.15000, 59.
26.16000, 60.
26.17000, 52.
26.18000, 56.
26.19000, 53.
26.20000, 52.
26.21000, 50.
26.22000, 55.
26.23000, 50.
26.24000, 65.
26.25000, 61.
26.26000, 60.
26.27000, 60.
26.28000, 55.
26.29000, 53.
26.30000, 55.
26.31000, 48.
26.32000, 48.
26.33000, 57.
26.34000, 58.
26.35000, 50.
26.36000, 38.
26.37000, 66.
26.38000, 46.
26.39000, 40.
26.40000, 61.
26.41000, 45.
26.42000, 62.
26.43000, 50.
26.44000, 56.
26.45000, 46.
26.46000, 48.
26.47000, 54.
26.48000, 64.
26.49000, 45.
26.50000, 54.
26.51000, 55.
26.52000, 47.
26.53000, 46.
26.54000, 54.
26.55000, 47.
26.56000, 47.
26.57000, 59.
26.58000, 56.
26.59000, 58.
26.60000, 40.
26.61000, 63.
26.62000, 60.
26.63000, 54.
26.64000, 41.
26.65000, 42.
26.66000, 56.
26.67000, 52.
26.68000, 56.
26.69000, 49.
26.70000, 56.
26.71000, 53.
26.72000, 56.
26.73000, 52.
26.74000, 44.
26.75000, 49.
26.76000, 63.
26.77000, 59.
26.78000, 45.
26.79000, 49.
26.80000, 33.
26.81000, 48.
26.82000, 50.
26.83000, 67.
26.84000, 50.
26.85000, 43.
26.86000, 57.
26.87000, 62.
26.88000, 41.
26.89000, 52.
26.90000, 34.
26.91000, 52.
26.92000, 40.
26.93000, 56.
26.94000, 40.
26.95000, 41.
26.96000, 67.
26.97000, 49.
26.98000, 48.
26.99000, 59.
27.00000, 43.
27.01000, 56.
27.02000, 51.
27.03000, 49.
27.04000, 50.
27.05000, 38.
27.06000, 46.
27.07000, 44.
27.08000, 47.
27.09000, 51.
27.10000, 40.
27.11000, 58.
27.12000, 52.
27.13000, 47.
27.14000, 50.
27.15000, 62.
27.16000, 51.
27.17000, 45.
27.18000, 37.
27.19000, 65.
27.20000, 54.
27.21000, 41.
27.22000, 37.
27.23000, 54.
27.24000, 42.
27.25000, 48.
27.26000, 48.
27.27000, 49.
27.28000, 52.
27.29000, 44.
27.30000, 45.
27.31000, 41.
27.32000, 50.
27.33000, 65.
27.34000, 49.
27.35000, 38.
27.36000, 46.
27.37000, 50.
27.38000, 37.
27.39000, 37.
27.40000, 47.
27.41000, 39.
27.42000, 41.
27.43000, 46.
27.44000, 50.
27.45000, 58.
27.46000, 47.
27.47000, 39.
27.48000, 49.
27.49000, 36.
27.50000, 55.
27.51000, 46.
27.52000, 55.
27.53000, 49.
27.54000, 51.
27.55000, 41.
27.56000, 51.
27.57000, 47.
27.58000, 38.
27.59000, 53.
27.60000, 47.
27.61000, 49.
27.62000, 43.
27.63000, 57.
27.64000, 48.
27.65000, 46.
27.66000, 53.
27.67000, 41.
27.68000, 50.
27.69000, 37.
27.70000, 50.
27.71000, 46.
27.72000, 42.
27.73000, 51.
27.74000, 35.
27.75000, 56.
27.76000, 43.
27.77000, 32.
27.78000, 40.
27.79000, 42.
27.80000, 41.
27.81000, 47.
27.82000, 35.
27.83000, 48.
27.84000, 37.
27.85000, 35.
27.86000, 48.
27.87000, 49.
27.88000, 44.
27.89000, 40.
27.90000, 42.
27.91000, 50.
27.92000, 42.
27.93000, 64.
27.94000, 39.
27.95000, 37.
27.96000, 43.
27.97000, 42.
27.98000, 47.
27.99000, 31.
28.00000, 38.
28.01000, 38.
28.02000, 40.
28.03000, 49.
28.04000, 48.
28.05000, 48.
28.06000, 47.
28.07000, 44.
28.08000, 49.
28.09000, 44.
28.10000, 54.
28.11000, 46.
28.12000, 42.
28.13000, 54.
28.14000, 48.
28.15000, 41.
28.16000, 49.
28.17000, 34.
28.18000, 55.
28.19000, 37.
28.20000, 41.
28.21000, 40.
28.22000, 44.
28.23000, 38.
28.24000, 37.
28.25000, 54.
28.26000, 39.
28.27000, 41.
28.28000, 48.
28.29000, 42.
28.30000, 49.
28.31000, 32.
28.32000, 51.
28.33000, 46.
28.34000, 52.
28.35000, 57.
28.36000, 43.
28.37000, 36.
28.38000, 37.
28.39000, 41.
28.40000, 36.
28.41000, 50.
28.42000, 34.
28.43000, 48.
28.44000, 34.
28.45000, 49.
28.46000, 52.
28.47000, 43.
28.48000, 60.
28.49000, 43.
28.50000, 30.
28.51000, 45.
28.52000, 40.
28.53000, 41.
28.54000, 43.
28.55000, 41.
28.56000, 49.
28.57000, 44.
28.58000, 30.
28.59000, 43.
28.60000, 27.
28.61000, 26.
28.62000, 39.
28.63000, 44.
28.64000, 35.
28.65000, 40.
28.66000, 38.
28.67000, 42.
28.68000, 38.
28.69000, 31.
28.70000, 44.
28.71000, 34.
28.72000, 37.
28.73000, 35.
28.74000, 44.
28.75000, 34.
28.76000, 37.
28.77000, 25.
28.78000, 40.
28.79000, 39.
28.80000, 40.
28.81000, 34.
28.82000, 43.
28.83000, 41.
28.84000, 39.
28.85000, 31.
28.86000, 33.
28.87000, 44.
28.88000, 51.
28.89000, 37.
28.90000, 40.
28.91000, 34.
28.92000, 46.
28.93000, 37.
28.94000, 38.
28.95000, 47.
28.96000, 34.
28.97000, 33.
28.98000, 31.
28.99000, 41.
29.00000, 40.
29.01000, 38.
29.02000, 39.
29.03000, 43.
29.04000, 37.
29.05000, 38.
29.06000, 36.
29.07000, 31.
29.08000, 36.
29.09000, 38.
29.10000, 30.
29.11000, 45.
29.12000, 25.
29.13000, 43.
29.14000, 27.
29.15000, 40.
29.16000, 33.
29.17000, 28.
29.18000, 31.
29.19000, 43.
29.20000, 45.
29.21000, 45.
29.22000, 32.
29.23000, 36.
29.24000, 26.
29.25000, 35.
29.26000, 45.
29.27000, 36.
29.28000, 39.
29.29000, 38.
29.30000, 39.
29.31000, 37.
29.32000, 41.
29.33000, 34.
29.34000, 44.
29.35000, 40.
29.36000, 38.
29.37000, 29.
29.38000, 42.
29.39000, 27.
29.40000, 35.
29.41000, 40.
29.42000, 45.
29.43000, 33.
29.44000, 36.
29.45000, 29.
29.46000, 35.
29.47000, 44.
29.48000, 39.
29.49000, 50.
29.50000, 42.
29.51000, 20.
29.52000, 40.
29.53000, 32.
29.54000, 44.
29.55000, 40.
29.56000, 43.
29.57000, 37.
29.58000, 49.
29.59000, 46.
29.60000, 30.
29.61000, 42.
29.62000, 30.
29.63000, 36.
29.64000, 36.
29.65000, 34.
29.66000, 34.
29.67000, 31.
29.68000, 31.
29.69000, 37.
29.70000, 34.
29.71000, 47.
29.72000, 39.
29.73000, 48.
29.74000, 33.
29.75000, 40.
29.76000, 27.
29.77000, 42.
29.78000, 34.
29.79000, 27.
29.80000, 32.
29.81000, 27.
29.82000, 36.
29.83000, 41.
29.84000, 30.
29.85000, 34.
29.86000, 38.
29.87000, 41.
29.88000, 30.
29.89000, 27.
29.90000, 34.
29.91000, 36.
29.92000, 33.
29.93000, 41.
29.94000, 32.
29.95000, 44.
29.96000, 28.
29.97000, 37.
29.98000, 33.
29.99000, 31.
30.00000, 31.
30.01000, 40.
30.02000, 37.
30.03000, 32.
30.04000, 34.
30.05000, 33.
30.06000, 29.
30.07000, 31.
30.08000, 37.
30.09000, 36.
30.10000, 29.
30.11000, 35.
30.12000, 39.
30.13000, 37.
30.14000, 34.
30.15000, 32.
30.16000, 32.
30.17000, 38.
30.18000, 30.
30.19000, 29.
30.20000, 42.
30.21000, 36.
30.22000, 42.
30.23000, 37.
30.24000, 38.
30.25000, 30.
30.26000, 34.
30.27000, 36.
30.28000, 35.
30.29000, 29.
30.30000, 39.
30.31000, 31.
30.32000, 21.
30.33000, 37.
30.34000, 38.
30.35000, 39.
30.36000, 40.
30.37000, 27.
30.38000, 33.
30.39000, 31.
30.40000, 35.
30.41000, 32.
30.42000, 42.
30.43000, 31.
30.44000, 37.
30.45000, 29.
30.46000, 30.
30.47000, 32.
30.48000, 38.
30.49000, 31.
30.50000, 30.
30.51000, 34.
30.52000, 37.
30.53000, 33.
30.54000, 34.
30.55000, 32.
30.56000, 34.
30.57000, 33.
30.58000, 26.
30.59000, 44.
30.60000, 37.
30.61000, 38.
30.62000, 30.
30.63000, 30.
30.64000, 40.
30.65000, 26.
30.66000, 31.
30.67000, 32.
30.68000, 42.
30.69000, 30.
30.70000, 23.
30.71000, 23.
30.72000, 22.
30.73000, 40.
30.74000, 28.
30.75000, 30.
30.76000, 39.
30.77000, 34.
30.78000, 35.
30.79000, 25.
30.80000, 26.
30.81000, 42.
30.82000, 33.
30.83000, 25.
30.84000, 23.
30.85000, 33.
30.86000, 32.
30.87000, 37.
30.88000, 31.
30.89000, 31.
30.90000, 26.
30.91000, 22.
30.92000, 26.
30.93000, 23.
30.94000, 32.
30.95000, 36.
30.96000, 32.
30.97000, 28.
30.98000, 38.
30.99000, 34.
31.00000, 29.
31.01000, 40.
31.02000, 42.
31.03000, 30.
31.04000, 25.
31.05000, 34.
31.06000, 34.
31.07000, 39.
31.08000, 38.
31.09000, 30.
31.10000, 26.
31.11000, 34.
31.12000, 35.
31.13000, 21.
31.14000, 42.
31.15000, 35.
31.16000, 26.
31.17000, 27.
31.18000, 27.
31.19000, 38.
31.20000, 31.
31.21000, 20.
31.22000, 30.
31.23000, 28.
31.24000, 29.
31.25000, 29.
31.26000, 29.
31.27000, 33.
31.28000, 44.
31.29000, 35.
31.30000, 26.
31.31000, 32.
31.32000, 37.
31.33000, 25.
31.34000, 26.
31.35000, 30.
31.36000, 37.
31.37000, 24.
31.38000, 32.
31.39000, 28.
31.40000, 29.
31.41000, 38.
31.42000, 37.
31.43000, 30.
31.44000, 33.
31.45000, 35.
31.46000, 38.
31.47000, 40.
31.48000, 41.
31.49000, 31.
31.50000, 30.
31.51000, 33.
31.52000, 27.
31.53000, 28.
31.54000, 21.
31.55000, 26.
31.56000, 34.
31.57000, 29.
31.58000, 27.
31.59000, 29.
31.60000, 34.
31.61000, 27.
31.62000, 30.
31.63000, 27.
31.64000, 22.
31.65000, 17.
31.66000, 21.
31.67000, 27.
31.68000, 27.
31.69000, 41.
31.70000, 32.
31.71000, 34.
31.72000, 32.
31.73000, 25.
31.74000, 27.
31.75000, 23.
31.76000, 32.
31.77000, 45.
31.78000, 30.
31.79000, 33.
31.80000, 41.
31.81000, 31.
31.82000, 29.
31.83000, 24.
31.84000, 22.
31.85000, 28.
31.86000, 32.
31.87000, 29.
31.88000, 27.
31.89000, 18.
31.90000, 28.
31.91000, 29.
31.92000, 23.
31.93000, 23.
31.94000, 29.
31.95000, 34.
31.96000, 25.
31.97000, 42.
31.98000, 28.
31.99000, 29.
32.00000, 32.
32.01000, 44.
32.02000, 25.
32.03000, 25.
32.04000, 22.
32.05000, 33.
32.06000, 27.
32.07000, 34.
32.08000, 33.
32.09000, 31.
32.10000, 32.
32.11000, 22.
32.12000, 21.
32.13000, 32.
32.14000, 38.
32.15000, 31.
32.16000, 39.
32.17000, 23.
32.18000, 21.
32.19000, 23.
32.20000, 20.
32.21000, 37.
32.22000, 40.
32.23000, 29.
32.24000, 24.
32.25000, 27.
32.26000, 31.
32.27000, 23.
32.28000, 31.
32.29000, 28.
32.30000, 34.
32.31000, 25.
32.32000, 40.
32.33000, 19.
32.34000, 31.
32.35000, 30.
32.36000, 26.
32.37000, 24.
32.38000, 25.
32.39000, 17.
32.40000, 22.
32.41000, 25.
32.42000, 32.
32.43000, 19.
32.44000, 27.
32.45000, 25.
32.46000, 23.
32.47000, 29.
32.48000, 27.
32.49000, 26.
32.50000, 15.
32.51000, 22.
32.52000, 21.
32.53000, 31.
32.54000, 22.
32.55000, 23.
32.56000, 27.
32.57000, 29.
32.58000, 13.
32.59000, 24.
32.60000, 19.
32.61000, 18.
32.62000, 29.
32.63000, 19.
32.64000, 20.
32.65000, 19.
32.66000, 30.
32.67000, 19.
32.68000, 30.
32.69000, 23.
32.70000, 24.
32.71000, 26.
32.72000, 26.
32.73000, 29.
32.74000, 15.
32.75000, 28.
32.76000, 18.
32.77000, 23.
32.78000, 23.
32.79000, 20.
32.80000, 14.
32.81000, 30.
32.82000, 28.
32.83000, 16.
32.84000, 25.
32.85000, 16.
32.86000, 23.
32.87000, 19.
32.88000, 27.
32.89000, 26.
32.90000, 16.
32.91000, 23.
32.92000, 21.
32.93000, 26.
32.94000, 23.
32.95000, 27.
32.96000, 18.
32.97000, 19.
32.98000, 21.
32.99000, 25.
33.00000, 26.
33.01000, 24.
33.02000, 23.
33.03000, 19.
33.04000, 22.
33.05000, 20.
33.06000, 22.
33.07000, 15.
33.08000, 22.
33.09000, 24.
33.10000, 18.
33.11000, 26.
33.12000, 25.
33.13000, 23.
33.14000, 21.
33.15000, 31.
33.16000, 29.
33.17000, 28.
33.18000, 17.
33.19000, 24.
33.20000, 21.
33.21000, 14.
33.22000, 17.
33.23000, 18.
33.24000, 18.
33.25000, 21.
33.26000, 25.
33.27000, 25.
33.28000, 18.
33.29000, 18.
33.30000, 22.
33.31000, 20.
33.32000, 23.
33.33000, 17.
33.34000, 12.
33.35000, 25.
33.36000, 21.
33.37000, 26.
33.38000, 29.
33.39000, 24.
33.40000, 22.
33.41000, 18.
33.42000, 18.
33.43000, 18.
33.44000, 22.
33.45000, 27.
33.46000, 13.
33.47000, 19.
33.48000, 27.
33.49000, 19.
33.50000, 17.
33.51000, 24.
33.52000, 30.
33.53000, 18.
33.54000, 20.
33.55000, 21.
33.56000, 19.
33.57000, 16.
33.58000, 15.
33.59000, 14.
33.60000, 20.
33.61000, 24.
33.62000, 16.
33.63000, 18.
33.64000, 18.
33.65000, 18.
33.66000, 15.
33.67000, 15.
33.68000, 18.
33.69000, 18.
33.70000, 22.
33.71000, 16.
33.72000, 16.
33.73000, 16.
33.74000, 22.
33.75000, 24.
33.76000, 21.
33.77000, 18.
33.78000, 24.
33.79000, 14.
33.80000, 21.
33.81000, 28.
33.82000, 27.
33.83000, 25.
33.84000, 20.
33.85000, 23.
33.86000, 22.
33.87000, 24.
33.88000, 21.
33.89000, 17.
33.90000, 22.
33.91000, 15.
33.92000, 18.
33.93000, 21.
33.94000, 26.
33.95000, 21.
33.96000, 19.
33.97000, 14.
33.98000, 23.
33.99000, 12.
34.00000, 18.
34.01000, 14.
34.02000, 18.
34.03000, 19.
34.04000, 26.
34.05000, 16.
34.06000, 18.
34.07000, 25.
34.08000, 26.
34.09000, 15.
34.10000, 16.
34.11000, 18.
34.12000, 16.
34.13000, 26.
34.14000, 18.
34.15000, 21.
34.16000, 30.
34.17000, 18.
34.18000, 27.
34.19000, 24.
34.20000, 16.
34.21000, 17.
34.22000, 21.
34.23000, 24.
34.24000, 11.
34.25000, 29.
34.26000, 18.
34.27000, 17.
34.28000, 26.
34.29000, 30.
34.30000, 15.
34.31000, 22.
34.32000, 16.
34.33000, 20.
34.34000, 16.
34.35000, 12.
34.36000, 16.
34.37000, 19.
34.38000, 19.
34.39000, 20.
34.40000, 22.
34.41000, 18.
34.42000, 12.
34.43000, 9.
34.44000, 11.
34.45000, 11.
34.46000, 8.
34.47000, 17.
34.48000, 15.
34.49000, 24.
34.50000, 14.
34.51000, 12.
34.52000, 10.
34.53000, 16.
34.54000, 14.
34.55000, 13.
34.56000, 21.
34.57000, 12.
34.58000, 22.
34.59000, 19.
34.60000, 15.
34.61000, 14.
34.62000, 20.
34.63000, 20.
34.64000, 17.
34.65000, 20.
34.66000, 15.
34.67000, 20.
34.68000, 23.
34.69000, 15.
34.70000, 14.
34.71000, 22.
34.72000, 21.
34.73000, 17.
34.74000, 17.
34.75000, 20.
34.76000, 16.
34.77000, 11.
34.78000, 16.
34.79000, 9.
34.80000, 18.
34.81000, 10.
34.82000, 15.
34.83000, 17.
34.84000, 25.
34.85000, 16.
34.86000, 12.
34.87000, 18.
34.88000, 11.
34.89000, 18.
34.90000, 11.
34.91000, 11.
34.92000, 24.
34.93000, 23.
34.94000, 18.
34.95000, 15.
34.96000, 19.
34.97000, 6.
34.98000, 19.
34.99000, 17.
35.00000, 19.
35.01000, 12.
35.02000, 10.
35.03000, 12.
35.04000, 17.
35.05000, 20.
35.06000, 20.
35.07000, 21.
35.08000, 17.
35.09000, 16.
35.10000, 16.
35.11000, 15.
35.12000, 20.
35.13000, 19.
35.14000, 15.
35.15000, 18.
35.16000, 19.
35.17000, 24.
35.18000, 13.
35.19000, 18.
35.20000, 10.
35.21000, 16.
35.22000, 11.
35.23000, 12.
35.24000, 18.
35.25000, 23.
35.26000, 9.
35.27000, 22.
35.28000, 12.
35.29000, 19.
35.30000, 19.
35.31000, 9.
35.32000, 14.
35.33000, 15.
35.34000, 16.
35.35000, 12.
35.36000, 15.
35.37000, 16.
35.38000, 15.
35.39000, 7.
35.40000, 23.
35.41000, 12.
35.42000, 15.
35.43000, 11.
35.44000, 10.
35.45000, 8.
35.46000, 7.
35.47000, 9.
35.48000, 19.
35.49000, 13.
35.50000, 13.
35.51000, 14.
35.52000, 17.
35.53000, 13.
35.54000, 8.
35.55000, 17.
35.56000, 12.
35.57000, 21.
35.58000, 22.
35.59000, 17.
35.60000, 21.
35.61000, 17.
35.62000, 8.
35.63000, 11.
35.64000, 16.
35.65000, 16.
35.66000, 11.
35.67000, 15.
35.68000, 9.
35.69000, 19.
35.70000, 9.
35.71000, 11.
35.72000, 17.
35.73000, 19.
35.74000, 21.
35.75000, 20.
35.76000, 13.
35.77000, 22.
35.78000, 12.
35.79000, 12.
35.80000, 13.
35.81000, 15.
35.82000, 16.
35.83000, 19.
35.84000, 15.
35.85000, 12.
35.86000, 8.
35.87000, 22.
35.88000, 16.
35.89000, 21.
35.90000, 15.
35.91000, 16.
35.92000, 15.
35.93000, 16.
35.94000, 18.
35.95000, 12.
35.96000, 9.
35.97000, 13.
35.98000, 15.
35.99000, 15.
36.00000, 16.
36.01000, 16.
36.02000, 17.
36.03000, 14.
36.04000, 13.
36.05000, 9.
36.06000, 21.
36.07000, 8.
36.08000, 19.
36.09000, 8.
36.10000, 13.
36.11000, 17.
36.12000, 15.
36.13000, 10.
36.14000, 11.
36.15000, 23.
36.16000, 16.
36.17000, 15.
36.18000, 8.
36.19000, 12.
36.20000, 16.
36.21000, 20.
36.22000, 21.
36.23000, 11.
36.24000, 12.
36.25000, 15.
36.26000, 17.
36.27000, 12.
36.28000, 13.
36.29000, 13.
36.30000, 15.
36.31000, 17.
36.32000, 19.
36.33000, 12.
36.34000, 11.
36.35000, 8.
36.36000, 14.
36.37000, 10.
36.38000, 10.
36.39000, 13.
36.40000, 12.
36.41000, 18.
36.42000, 9.
36.43000, 20.
36.44000, 15.
36.45000, 15.
36.46000, 11.
36.47000, 11.
36.48000, 21.
36.49000, 13.
36.50000, 13.
36.51000, 13.
36.52000, 15.
36.53000, 13.
36.54000, 9.
36.55000, 16.
36.56000, 9.
36.57000, 8.
36.58000, 9.
36.59000, 18.
36.60000, 16.
36.61000, 14.
36.62000, 17.
36.63000, 13.
36.64000, 11.
36.65000, 13.
36.66000, 9.
36.67000, 12.
36.68000, 10.
36.69000, 14.
36.70000, 9.
36.71000, 10.
36.72000, 11.
36.73000, 14.
36.74000, 14.
36.75000, 13.
36.76000, 13.
36.77000, 9.
36.78000, 11.
36.79000, 10.
36.80000, 22.
36.81000, 9.
36.82000, 17.
36.83000, 9.
36.84000, 10.
36.85000, 13.
36.86000, 15.
36.87000, 10.
36.88000, 14.
36.89000, 15.
36.90000, 10.
36.91000, 13.
36.92000, 15.
36.93000, 9.
36.94000, 16.
36.95000, 15.
36.96000, 9.
36.97000, 7.
36.98000, 9.
36.99000, 10.
37.00000, 17.
37.01000, 4.
37.02000, 7.
37.03000, 6.
37.04000, 11.
37.05000, 6.
37.06000, 13.
37.07000, 7.
37.08000, 13.
37.09000, 9.
37.10000, 13.
37.11000, 21.
37.12000, 8.
37.13000, 10.
37.14000, 13.
37.15000, 9.
37.16000, 19.
37.17000, 7.
37.18000, 19.
37.19000, 12.
37.20000, 12.
37.21000, 10.
37.22000, 18.
37.23000, 8.
37.24000, 11.
37.25000, 9.
37.26000, 11.
37.27000, 6.
37.28000, 11.
37.29000, 12.
37.30000, 12.
37.31000, 14.
37.32000, 13.
37.33000, 15.
37.34000, 7.
37.35000, 14.
37.36000, 5.
37.37000, 11.
37.38000, 6.
37.39000, 6.
37.40000, 11.
37.41000, 18.
37.42000, 11.
37.43000, 17.
37.44000, 5.
37.45000, 10.
37.46000, 9.
37.47000, 14.
37.48000, 7.
37.49000, 12.
37.50000, 8.
37.51000, 12.
37.52000, 16.
37.53000, 9.
37.54000, 15.
37.55000, 6.
37.56000, 13.
37.57000, 13.
37.58000, 11.
37.59000, 6.
37.60000, 10.
37.61000, 7.
37.62000, 11.
37.63000, 15.
37.64000, 11.
37.65000, 8.
37.66000, 10.
37.67000, 12.
37.68000, 9.
37.69000, 6.
37.70000, 9.
37.71000, 6.
37.72000, 4.
37.73000, 11.
37.74000, 11.
37.75000, 8.
37.76000, 10.
37.77000, 10.
37.78000, 8.
37.79000, 7.
37.80000, 8.
37.81000, 13.
37.82000, 14.
37.83000, 12.
37.84000, 9.
37.85000, 11.
37.86000, 16.
37.87000, 12.
37.88000, 10.
37.89000, 15.
37.90000, 9.
37.91000, 7.
37.92000, 9.
37.93000, 5.
37.94000, 10.
37.95000, 11.
37.96000, 7.
37.97000, 11.
37.98000, 14.
37.99000, 9.
38.00000, 5.
38.01000, 6.
38.02000, 5.
38.03000, 9.
38.04000, 11.
38.05000, 9.
38.06000, 7.
38.07000, 8.
38.08000, 12.
38.09000, 3.
38.10000, 8.
38.11000, 8.
38.12000, 6.
38.13000, 5.
38.14000, 6.
38.15000, 5.
38.16000, 8.
38.17000, 7.
38.18000, 10.
38.19000, 6.
38.20000, 10.
38.21000, 9.
38.22000, 7.
38.23000, 10.
38.24000, 3.
38.25000, 10.
38.26000, 6.
38.27000, 6.
38.28000, 10.
38.29000, 7.
38.30000, 7.
38.31000, 9.
38.32000, 11.
38.33000, 7.
38.34000, 5.
38.35000, 6.
38.36000, 9.
38.37000, 9.
38.38000, 5.
38.39000, 7.
38.40000, 9.
38.41000, 11.
38.42000, 8.
38.43000, 8.
38.44000, 11.
38.45000, 7.
38.46000, 4.
38.47000, 9.
38.48000, 12.
38.49000, 6.
38.50000, 5.
38.51000, 7.
38.52000, 6.
38.53000, 6.
38.54000, 3.
38.55000, 5.
38.56000, 7.
38.57000, 10.
38.58000, 8.
38.59000, 4.
38.60000, 12.
38.61000, 11.
38.62000, 5.
38.63000, 16.
38.64000, 8.
38.65000, 7.
38.66000, 2.
38.67000, 8.
38.68000, 10.
38.69000, 14.
38.70000, 8.
38.71000, 6.
38.72000, 6.
38.73000, 8.
38.74000, 5.
38.75000, 10.
38.76000, 8.
38.77000, 8.
38.78000, 10.
38.79000, 9.
38.80000, 4.
38.81000, 6.
38.82000, 9.
38.83000, 5.
38.84000, 8.
38.85000, 14.
38.86000, 13.
38.87000, 6.
38.88000, 13.
38.89000, 7.
38.90000, 5.
38.91000, 7.
38.92000, 9.
38.93000, 5.
38.94000, 8.
38.95000, 7.
38.96000, 8.
38.97000, 14.
38.98000, 7.
38.99000, 3.
39.00000, 9.
39.01000, 12.
39.02000, 7.
39.03000, 11.
39.04000, 5.
39.05000, 12.
39.06000, 15.
39.07000, 7.
39.08000, 9.
39.09000, 4.
39.10000, 8.
39.11000, 2.
39.12000, 9.
39.13000, 8.
39.14000, 8.
39.15000, 9.
39.16000, 5.
39.17000, 4.
39.18000, 3.
39.19000, 8.
39.20000, 6.
39.21000, 9.
39.22000, 6.
39.23000, 2.
39.24000, 4.
39.25000, 8.
39.26000, 2.
39.27000, 6.
39.28000, 3.
39.29000, 5.
39.30000, 4.
39.31000, 3.
39.32000, 3.
39.33000, 8.
39.34000, 8.
39.35000, 5.
39.36000, 6.
39.37000, 8.
39.38000, 8.
39.39000, 7.
39.40000, 5.
39.41000, 10.
39.42000, 2.
39.43000, 7.
39.44000, 6.
39.45000, 10.
39.46000, 14.
39.47000, 8.
39.48000, 7.
39.49000, 9.
39.50000, 8.
39.51000, 9.
39.52000, 7.
39.53000, 7.
39.54000, 5.
39.55000, 6.
39.56000, 4.
39.57000, 8.
39.58000, 5.
39.59000, 5.
39.60000, 4.
39.61000, 8.
39.62000, 7.
39.63000, 7.
39.64000, 5.
39.65000, 6.
39.66000, 6.
39.67000, 4.
39.68000, 4.
39.69000, 5.
39.70000, 8.
39.71000, 5.
39.72000, 9.
39.73000, 7.
39.74000, 4.
39.75000, 6.
39.76000, 3.
39.77000, 8.
39.78000, 6.
39.79000, 10.
39.80000, 5.
39.81000, 6.
39.82000, 7.
39.83000, 4.
39.84000, 7.
39.85000, 3.
39.86000, 8.
39.87000, 8.
39.88000, 2.
39.89000, 5.
39.90000, 7.
39.91000, 4.
39.92000, 5.
39.93000, 3.
39.94000, 7.
39.95000, 5.
39.96000, 3.
39.97000, 3.
39.98000, 9.
39.99000, 4.
40.00000, 5.
40.01000, 6.
40.02000, 3.
40.03000, 7.
40.04000, 3.
40.05000, 5.
40.06000, 7.
40.07000, 1.
40.08000, 5.
40.09000, 6.
40.10000, 8.
40.11000, 5.
40.12000, 8.
40.13000, 2.
40.14000, 7.
40.15000, 4.
40.16000, 3.
40.17000, 4.
40.18000, 4.
40.19000, 7.
40.20000, 4.
40.21000, 4.
40.22000, 9.
40.23000, 2.
40.24000, 6.
40.25000, 6.
40.26000, 6.
40.27000, 3.
40.28000, 3.
40.29000, 4.
40.30000, 3.
40.31000, 3.
40.32000, 3.
40.33000, 4.
40.34000, 6.
40.35000, 8.
40.36000, 6.
40.37000, 5.
40.38000, 6.
40.39000, 4.
40.40000, 7.
40.41000, 5.
40.42000, 8.
40.43000, 5.
40.44000, 1.
40.45000, 4.
40.46000, 1.
40.47000, 1.
40.48000, 2.
40.49000, 3.
40.50000, 2.
40.51000, 0.
40.52000, 9.
40.53000, 3.
40.54000, 3.
40.55000, 0.
#ENDOFDATA   : 
