#FORMAT      : EMSA/MAS Spectral Data File
#VERSION     : 1.0
#TITLE       : Spectrum 29
#DATE        : 21-AUG-2025
#TIME        : 15:33
#OWNER       : XGT7200
#NPOINTS     : 4096.
#NCOLUMNS    : 1.
#XUNITS      : keV
#YUNITS      : counts
#DATATYPE    : XY
#XPERCHAN    : 0.0100000
#OFFSET      : -0.400000
#SIGNALTYPE  : EDS
#CHOFFSET    : 40.0000
#LIVETIME    : 30.000000
#REALTIME    : 39.665025
#BEAMKV      : 50.0000
#PROBECUR    : 664000.
#MAGCAM      : 100.000
#XTILTSTGE   : 0.0
#AZIMANGLE   : 0.0
#ELEVANGLE   : 45.0
#XPOSITION mm: 0.0000
#YPOSITION mm: 0.0000
#ZPOSITION mm: 0.0000
##OXINSTPT   : 4
##OXINSTSTROB: 72.08
#SPECTRUM    : Spectral Data Starts Here
-0.40000, 0.
-0.39000, 0.
-0.38000, 0.
-0.37000, 0.
-0.36000, 0.
-0.35000, 0.
-0.34000, 0.
-0.33000, 0.
-0.32000, 0.
-0.31000, 0.
-0.30000, 0.
-0.29000, 0.
-0.28000, 0.
-0.27000, 0.
-0.26000, 0.
-0.25000, 0.
-0.24000, 0.
-0.23000, 0.
-0.22000, 0.
-0.21000, 0.
-0.20000, 0.
-0.19000, 0.
-0.18000, 0.
-0.17000, 0.
-0.16000, 0.
-0.15000, 0.
-0.14000, 0.
-0.13000, 0.
-0.12000, 0.
-0.11000, 0.
-0.10000, 0.
-0.09000, 0.
-0.08000, 0.
-0.07000, 0.
-0.06000, 0.
-0.05000, 0.
-0.04000, 0.
-0.03000, 0.
-0.02000, 0.
-0.01000, 0.
0.00000, 0.
0.01000, 0.
0.02000, 0.
0.03000, 0.
0.04000, 0.
0.05000, 0.
0.06000, 0.
0.07000, 0.
0.08000, 0.
0.09000, 0.
0.10000, 0.
0.11000, 0.
0.12000, 0.
0.13000, 0.
0.14000, 0.
0.15000, 0.
0.16000, 0.
0.17000, 0.
0.18000, 0.
0.19000, 0.
0.20000, 0.
0.21000, 0.
0.22000, 0.
0.23000, 0.
0.24000, 0.
0.25000, 0.
0.26000, 0.
0.27000, 0.
0.28000, 0.
0.29000, 0.
0.30000, 0.
0.31000, 0.
0.32000, 2.
0.33000, 1.
0.34000, 1.
0.35000, 3.
0.36000, 4.
0.37000, 8.
0.38000, 12.
0.39000, 14.
0.40000, 21.
0.41000, 22.
0.42000, 28.
0.43000, 28.
0.44000, 35.
0.45000, 47.
0.46000, 57.
0.47000, 43.
0.48000, 34.
0.49000, 49.
0.50000, 44.
0.51000, 38.
0.52000, 39.
0.53000, 38.
0.54000, 35.
0.55000, 40.
0.56000, 57.
0.57000, 41.
0.58000, 47.
0.59000, 32.
0.60000, 30.
0.61000, 46.
0.62000, 38.
0.63000, 38.
0.64000, 40.
0.65000, 32.
0.66000, 47.
0.67000, 45.
0.68000, 35.
0.69000, 36.
0.70000, 37.
0.71000, 38.
0.72000, 41.
0.73000, 36.
0.74000, 32.
0.75000, 33.
0.76000, 32.
0.77000, 31.
0.78000, 38.
0.79000, 46.
0.80000, 39.
0.81000, 33.
0.82000, 36.
0.83000, 37.
0.84000, 35.
0.85000, 34.
0.86000, 48.
0.87000, 44.
0.88000, 39.
0.89000, 37.
0.90000, 42.
0.91000, 45.
0.92000, 49.
0.93000, 43.
0.94000, 43.
0.95000, 43.
0.96000, 51.
0.97000, 42.
0.98000, 42.
0.99000, 35.
1.00000, 39.
1.01000, 30.
1.02000, 41.
1.03000, 42.
1.04000, 43.
1.05000, 28.
1.06000, 42.
1.07000, 43.
1.08000, 33.
1.09000, 39.
1.10000, 48.
1.11000, 42.
1.12000, 31.
1.13000, 37.
1.14000, 32.
1.15000, 49.
1.16000, 27.
1.17000, 37.
1.18000, 50.
1.19000, 52.
1.20000, 63.
1.21000, 60.
1.22000, 53.
1.23000, 82.
1.24000, 79.
1.25000, 76.
1.26000, 82.
1.27000, 71.
1.28000, 87.
1.29000, 66.
1.30000, 64.
1.31000, 48.
1.32000, 55.
1.33000, 49.
1.34000, 36.
1.35000, 26.
1.36000, 36.
1.37000, 50.
1.38000, 57.
1.39000, 63.
1.40000, 80.
1.41000, 112.
1.42000, 179.
1.43000, 281.
1.44000, 358.
1.45000, 475.
1.46000, 533.
1.47000, 616.
1.48000, 634.
1.49000, 784.
1.50000, 772.
1.51000, 653.
1.52000, 613.
1.53000, 494.
1.54000, 369.
1.55000, 333.
1.56000, 257.
1.57000, 201.
1.58000, 136.
1.59000, 125.
1.60000, 101.
1.61000, 114.
1.62000, 111.
1.63000, 190.
1.64000, 321.
1.65000, 474.
1.66000, 780.
1.67000, 1184.
1.68000, 1792.
1.69000, 2636.
1.70000, 3389.
1.71000, 4330.
1.72000, 5071.
1.73000, 5670.
1.74000, 6202.
1.75000, 6199.
1.76000, 5746.
1.77000, 5415.
1.78000, 4469.
1.79000, 3761.
1.80000, 2866.
1.81000, 2140.
1.82000, 1577.
1.83000, 1083.
1.84000, 764.
1.85000, 560.
1.86000, 389.
1.87000, 284.
1.88000, 237.
1.89000, 177.
1.90000, 136.
1.91000, 102.
1.92000, 83.
1.93000, 81.
1.94000, 67.
1.95000, 76.
1.96000, 58.
1.97000, 69.
1.98000, 65.
1.99000, 76.
2.00000, 58.
2.01000, 75.
2.02000, 83.
2.03000, 51.
2.04000, 70.
2.05000, 47.
2.06000, 60.
2.07000, 39.
2.08000, 36.
2.09000, 41.
2.10000, 36.
2.11000, 38.
2.12000, 39.
2.13000, 33.
2.14000, 40.
2.15000, 32.
2.16000, 28.
2.17000, 34.
2.18000, 34.
2.19000, 26.
2.20000, 30.
2.21000, 28.
2.22000, 35.
2.23000, 44.
2.24000, 46.
2.25000, 42.
2.26000, 43.
2.27000, 49.
2.28000, 57.
2.29000, 79.
2.30000, 61.
2.31000, 76.
2.32000, 75.
2.33000, 63.
2.34000, 60.
2.35000, 75.
2.36000, 62.
2.37000, 41.
2.38000, 44.
2.39000, 54.
2.40000, 52.
2.41000, 42.
2.42000, 39.
2.43000, 43.
2.44000, 33.
2.45000, 37.
2.46000, 33.
2.47000, 42.
2.48000, 30.
2.49000, 43.
2.50000, 42.
2.51000, 30.
2.52000, 34.
2.53000, 50.
2.54000, 53.
2.55000, 48.
2.56000, 59.
2.57000, 69.
2.58000, 65.
2.59000, 72.
2.60000, 115.
2.61000, 141.
2.62000, 176.
2.63000, 263.
2.64000, 300.
2.65000, 346.
2.66000, 407.
2.67000, 505.
2.68000, 535.
2.69000, 601.
2.70000, 635.
2.71000, 575.
2.72000, 603.
2.73000, 508.
2.74000, 467.
2.75000, 421.
2.76000, 329.
2.77000, 344.
2.78000, 283.
2.79000, 261.
2.80000, 259.
2.81000, 277.
2.82000, 281.
2.83000, 271.
2.84000, 262.
2.85000, 245.
2.86000, 270.
2.87000, 276.
2.88000, 219.
2.89000, 222.
2.90000, 189.
2.91000, 156.
2.92000, 146.
2.93000, 122.
2.94000, 114.
2.95000, 86.
2.96000, 102.
2.97000, 81.
2.98000, 87.
2.99000, 76.
3.00000, 60.
3.01000, 57.
3.02000, 64.
3.03000, 53.
3.04000, 47.
3.05000, 54.
3.06000, 40.
3.07000, 38.
3.08000, 35.
3.09000, 32.
3.10000, 34.
3.11000, 31.
3.12000, 30.
3.13000, 35.
3.14000, 37.
3.15000, 19.
3.16000, 33.
3.17000, 34.
3.18000, 42.
3.19000, 50.
3.20000, 49.
3.21000, 80.
3.22000, 79.
3.23000, 105.
3.24000, 134.
3.25000, 181.
3.26000, 216.
3.27000, 280.
3.28000, 316.
3.29000, 369.
3.30000, 390.
3.31000, 368.
3.32000, 480.
3.33000, 412.
3.34000, 411.
3.35000, 344.
3.36000, 325.
3.37000, 269.
3.38000, 192.
3.39000, 192.
3.40000, 129.
3.41000, 114.
3.42000, 72.
3.43000, 51.
3.44000, 48.
3.45000, 40.
3.46000, 40.
3.47000, 53.
3.48000, 56.
3.49000, 55.
3.50000, 54.
3.51000, 52.
3.52000, 64.
3.53000, 69.
3.54000, 71.
3.55000, 108.
3.56000, 107.
3.57000, 169.
3.58000, 222.
3.59000, 250.
3.60000, 302.
3.61000, 411.
3.62000, 531.
3.63000, 703.
3.64000, 819.
3.65000, 953.
3.66000, 1020.
3.67000, 1172.
3.68000, 1339.
3.69000, 1368.
3.70000, 1384.
3.71000, 1327.
3.72000, 1188.
3.73000, 1099.
3.74000, 934.
3.75000, 764.
3.76000, 647.
3.77000, 462.
3.78000, 358.
3.79000, 257.
3.80000, 203.
3.81000, 109.
3.82000, 90.
3.83000, 53.
3.84000, 38.
3.85000, 45.
3.86000, 42.
3.87000, 39.
3.88000, 51.
3.89000, 40.
3.90000, 42.
3.91000, 68.
3.92000, 60.
3.93000, 81.
3.94000, 85.
3.95000, 126.
3.96000, 152.
3.97000, 175.
3.98000, 195.
3.99000, 198.
4.00000, 222.
4.01000, 199.
4.02000, 228.
4.03000, 217.
4.04000, 232.
4.05000, 231.
4.06000, 168.
4.07000, 164.
4.08000, 138.
4.09000, 104.
4.10000, 84.
4.11000, 76.
4.12000, 57.
4.13000, 49.
4.14000, 39.
4.15000, 37.
4.16000, 27.
4.17000, 31.
4.18000, 28.
4.19000, 34.
4.20000, 27.
4.21000, 29.
4.22000, 34.
4.23000, 28.
4.24000, 27.
4.25000, 17.
4.26000, 43.
4.27000, 40.
4.28000, 25.
4.29000, 27.
4.30000, 27.
4.31000, 30.
4.32000, 36.
4.33000, 35.
4.34000, 34.
4.35000, 57.
4.36000, 41.
4.37000, 50.
4.38000, 95.
4.39000, 88.
4.40000, 133.
4.41000, 168.
4.42000, 193.
4.43000, 281.
4.44000, 350.
4.45000, 478.
4.46000, 548.
4.47000, 653.
4.48000, 648.
4.49000, 721.
4.50000, 823.
4.51000, 813.
4.52000, 863.
4.53000, 749.
4.54000, 758.
4.55000, 620.
4.56000, 566.
4.57000, 512.
4.58000, 423.
4.59000, 347.
4.60000, 277.
4.61000, 220.
4.62000, 218.
4.63000, 155.
4.64000, 140.
4.65000, 118.
4.66000, 100.
4.67000, 102.
4.68000, 109.
4.69000, 103.
4.70000, 89.
4.71000, 72.
4.72000, 66.
4.73000, 74.
4.74000, 75.
4.75000, 82.
4.76000, 61.
4.77000, 89.
4.78000, 63.
4.79000, 57.
4.80000, 74.
4.81000, 69.
4.82000, 94.
4.83000, 104.
4.84000, 119.
4.85000, 107.
4.86000, 111.
4.87000, 118.
4.88000, 121.
4.89000, 159.
4.90000, 160.
4.91000, 184.
4.92000, 198.
4.93000, 196.
4.94000, 196.
4.95000, 175.
4.96000, 173.
4.97000, 167.
4.98000, 144.
4.99000, 116.
5.00000, 130.
5.01000, 111.
5.02000, 102.
5.03000, 75.
5.04000, 59.
5.05000, 66.
5.06000, 57.
5.07000, 40.
5.08000, 48.
5.09000, 53.
5.10000, 52.
5.11000, 56.
5.12000, 55.
5.13000, 52.
5.14000, 40.
5.15000, 40.
5.16000, 47.
5.17000, 49.
5.18000, 58.
5.19000, 39.
5.20000, 60.
5.21000, 58.
5.22000, 53.
5.23000, 47.
5.24000, 58.
5.25000, 57.
5.26000, 53.
5.27000, 60.
5.28000, 48.
5.29000, 62.
5.30000, 89.
5.31000, 72.
5.32000, 86.
5.33000, 89.
5.34000, 91.
5.35000, 92.
5.36000, 85.
5.37000, 107.
5.38000, 119.
5.39000, 118.
5.40000, 130.
5.41000, 103.
5.42000, 131.
5.43000, 108.
5.44000, 110.
5.45000, 103.
5.46000, 124.
5.47000, 104.
5.48000, 81.
5.49000, 77.
5.50000, 66.
5.51000, 84.
5.52000, 74.
5.53000, 81.
5.54000, 54.
5.55000, 56.
5.56000, 53.
5.57000, 72.
5.58000, 47.
5.59000, 50.
5.60000, 55.
5.61000, 57.
5.62000, 61.
5.63000, 60.
5.64000, 56.
5.65000, 55.
5.66000, 50.
5.67000, 47.
5.68000, 37.
5.69000, 50.
5.70000, 63.
5.71000, 45.
5.72000, 59.
5.73000, 59.
5.74000, 45.
5.75000, 60.
5.76000, 74.
5.77000, 61.
5.78000, 102.
5.79000, 99.
5.80000, 118.
5.81000, 132.
5.82000, 156.
5.83000, 208.
5.84000, 213.
5.85000, 259.
5.86000, 286.
5.87000, 276.
5.88000, 340.
5.89000, 288.
5.90000, 324.
5.91000, 327.
5.92000, 317.
5.93000, 314.
5.94000, 238.
5.95000, 253.
5.96000, 205.
5.97000, 201.
5.98000, 167.
5.99000, 146.
6.00000, 152.
6.01000, 117.
6.02000, 101.
6.03000, 97.
6.04000, 90.
6.05000, 101.
6.06000, 86.
6.07000, 89.
6.08000, 99.
6.09000, 102.
6.10000, 111.
6.11000, 93.
6.12000, 90.
6.13000, 89.
6.14000, 112.
6.15000, 108.
6.16000, 146.
6.17000, 155.
6.18000, 157.
6.19000, 187.
6.20000, 242.
6.21000, 277.
6.22000, 372.
6.23000, 526.
6.24000, 707.
6.25000, 1021.
6.26000, 1409.
6.27000, 1914.
6.28000, 2630.
6.29000, 3595.
6.30000, 4649.
6.31000, 5915.
6.32000, 7208.
6.33000, 8908.
6.34000, 10355.
6.35000, 12213.
6.36000, 13658.
6.37000, 14899.
6.38000, 15844.
6.39000, 16725.
6.40000, 16849.
6.41000, 16541.
6.42000, 15853.
6.43000, 14841.
6.44000, 13755.
6.45000, 12062.
6.46000, 10377.
6.47000, 8840.
6.48000, 7310.
6.49000, 5748.
6.50000, 4486.
6.51000, 3494.
6.52000, 2620.
6.53000, 1871.
6.54000, 1360.
6.55000, 973.
6.56000, 643.
6.57000, 498.
6.58000, 365.
6.59000, 282.
6.60000, 221.
6.61000, 148.
6.62000, 110.
6.63000, 127.
6.64000, 93.
6.65000, 119.
6.66000, 94.
6.67000, 90.
6.68000, 109.
6.69000, 105.
6.70000, 104.
6.71000, 99.
6.72000, 104.
6.73000, 117.
6.74000, 107.
6.75000, 123.
6.76000, 103.
6.77000, 126.
6.78000, 127.
6.79000, 103.
6.80000, 124.
6.81000, 139.
6.82000, 120.
6.83000, 137.
6.84000, 153.
6.85000, 164.
6.86000, 142.
6.87000, 193.
6.88000, 250.
6.89000, 241.
6.90000, 301.
6.91000, 369.
6.92000, 446.
6.93000, 526.
6.94000, 669.
6.95000, 847.
6.96000, 982.
6.97000, 1244.
6.98000, 1515.
6.99000, 1807.
7.00000, 1974.
7.01000, 2163.
7.02000, 2343.
7.03000, 2520.
7.04000, 2630.
7.05000, 2748.
7.06000, 2718.
7.07000, 2654.
7.08000, 2382.
7.09000, 2299.
7.10000, 2162.
7.11000, 1877.
7.12000, 1631.
7.13000, 1400.
7.14000, 1120.
7.15000, 920.
7.16000, 733.
7.17000, 560.
7.18000, 474.
7.19000, 371.
7.20000, 256.
7.21000, 216.
7.22000, 180.
7.23000, 132.
7.24000, 115.
7.25000, 93.
7.26000, 84.
7.27000, 67.
7.28000, 75.
7.29000, 83.
7.30000, 89.
7.31000, 75.
7.32000, 73.
7.33000, 81.
7.34000, 75.
7.35000, 73.
7.36000, 80.
7.37000, 94.
7.38000, 71.
7.39000, 73.
7.40000, 87.
7.41000, 73.
7.42000, 75.
7.43000, 85.
7.44000, 104.
7.45000, 84.
7.46000, 95.
7.47000, 86.
7.48000, 106.
7.49000, 82.
7.50000, 88.
7.51000, 91.
7.52000, 82.
7.53000, 77.
7.54000, 76.
7.55000, 74.
7.56000, 78.
7.57000, 70.
7.58000, 66.
7.59000, 61.
7.60000, 68.
7.61000, 64.
7.62000, 69.
7.63000, 68.
7.64000, 85.
7.65000, 45.
7.66000, 61.
7.67000, 69.
7.68000, 67.
7.69000, 89.
7.70000, 51.
7.71000, 64.
7.72000, 78.
7.73000, 58.
7.74000, 102.
7.75000, 78.
7.76000, 71.
7.77000, 90.
7.78000, 60.
7.79000, 76.
7.80000, 83.
7.81000, 78.
7.82000, 95.
7.83000, 105.
7.84000, 108.
7.85000, 79.
7.86000, 105.
7.87000, 90.
7.88000, 109.
7.89000, 91.
7.90000, 105.
7.91000, 99.
7.92000, 116.
7.93000, 105.
7.94000, 123.
7.95000, 111.
7.96000, 138.
7.97000, 139.
7.98000, 113.
7.99000, 140.
8.00000, 146.
8.01000, 136.
8.02000, 164.
8.03000, 160.
8.04000, 145.
8.05000, 160.
8.06000, 148.
8.07000, 160.
8.08000, 167.
8.09000, 170.
8.10000, 154.
8.11000, 171.
8.12000, 161.
8.13000, 162.
8.14000, 128.
8.15000, 125.
8.16000, 155.
8.17000, 114.
8.18000, 141.
8.19000, 142.
8.20000, 124.
8.21000, 102.
8.22000, 119.
8.23000, 114.
8.24000, 117.
8.25000, 112.
8.26000, 95.
8.27000, 121.
8.28000, 102.
8.29000, 116.
8.30000, 91.
8.31000, 86.
8.32000, 91.
8.33000, 99.
8.34000, 93.
8.35000, 105.
8.36000, 97.
8.37000, 100.
8.38000, 107.
8.39000, 106.
8.40000, 94.
8.41000, 87.
8.42000, 111.
8.43000, 130.
8.44000, 112.
8.45000, 103.
8.46000, 91.
8.47000, 97.
8.48000, 110.
8.49000, 136.
8.50000, 129.
8.51000, 145.
8.52000, 120.
8.53000, 176.
8.54000, 188.
8.55000, 210.
8.56000, 211.
8.57000, 213.
8.58000, 253.
8.59000, 257.
8.60000, 281.
8.61000, 300.
8.62000, 267.
8.63000, 310.
8.64000, 312.
8.65000, 306.
8.66000, 289.
8.67000, 263.
8.68000, 236.
8.69000, 206.
8.70000, 213.
8.71000, 179.
8.72000, 184.
8.73000, 145.
8.74000, 157.
8.75000, 151.
8.76000, 130.
8.77000, 111.
8.78000, 130.
8.79000, 112.
8.80000, 115.
8.81000, 115.
8.82000, 118.
8.83000, 121.
8.84000, 112.
8.85000, 104.
8.86000, 101.
8.87000, 130.
8.88000, 119.
8.89000, 111.
8.90000, 103.
8.91000, 114.
8.92000, 118.
8.93000, 112.
8.94000, 108.
8.95000, 114.
8.96000, 123.
8.97000, 113.
8.98000, 121.
8.99000, 124.
9.00000, 113.
9.01000, 106.
9.02000, 95.
9.03000, 103.
9.04000, 124.
9.05000, 122.
9.06000, 97.
9.07000, 97.
9.08000, 106.
9.09000, 110.
9.10000, 123.
9.11000, 132.
9.12000, 119.
9.13000, 116.
9.14000, 125.
9.15000, 118.
9.16000, 115.
9.17000, 124.
9.18000, 119.
9.19000, 123.
9.20000, 125.
9.21000, 119.
9.22000, 95.
9.23000, 146.
9.24000, 129.
9.25000, 128.
9.26000, 120.
9.27000, 127.
9.28000, 118.
9.29000, 115.
9.30000, 136.
9.31000, 115.
9.32000, 106.
9.33000, 119.
9.34000, 105.
9.35000, 104.
9.36000, 121.
9.37000, 106.
9.38000, 130.
9.39000, 100.
9.40000, 97.
9.41000, 113.
9.42000, 124.
9.43000, 114.
9.44000, 127.
9.45000, 127.
9.46000, 119.
9.47000, 128.
9.48000, 121.
9.49000, 111.
9.50000, 124.
9.51000, 123.
9.52000, 122.
9.53000, 109.
9.54000, 130.
9.55000, 137.
9.56000, 146.
9.57000, 145.
9.58000, 138.
9.59000, 161.
9.60000, 154.
9.61000, 145.
9.62000, 137.
9.63000, 121.
9.64000, 130.
9.65000, 126.
9.66000, 112.
9.67000, 122.
9.68000, 131.
9.69000, 120.
9.70000, 111.
9.71000, 111.
9.72000, 130.
9.73000, 112.
9.74000, 135.
9.75000, 108.
9.76000, 97.
9.77000, 108.
9.78000, 124.
9.79000, 134.
9.80000, 117.
9.81000, 132.
9.82000, 135.
9.83000, 114.
9.84000, 145.
9.85000, 113.
9.86000, 119.
9.87000, 98.
9.88000, 130.
9.89000, 110.
9.90000, 120.
9.91000, 108.
9.92000, 94.
9.93000, 120.
9.94000, 125.
9.95000, 114.
9.96000, 115.
9.97000, 111.
9.98000, 111.
9.99000, 129.
10.00000, 120.
10.01000, 118.
10.02000, 121.
10.03000, 124.
10.04000, 114.
10.05000, 115.
10.06000, 116.
10.07000, 118.
10.08000, 137.
10.09000, 119.
10.10000, 129.
10.11000, 126.
10.12000, 107.
10.13000, 136.
10.14000, 133.
10.15000, 120.
10.16000, 122.
10.17000, 140.
10.18000, 125.
10.19000, 118.
10.20000, 117.
10.21000, 136.
10.22000, 124.
10.23000, 119.
10.24000, 133.
10.25000, 129.
10.26000, 104.
10.27000, 113.
10.28000, 120.
10.29000, 129.
10.30000, 123.
10.31000, 111.
10.32000, 142.
10.33000, 127.
10.34000, 111.
10.35000, 132.
10.36000, 116.
10.37000, 142.
10.38000, 134.
10.39000, 162.
10.40000, 170.
10.41000, 154.
10.42000, 154.
10.43000, 179.
10.44000, 174.
10.45000, 192.
10.46000, 187.
10.47000, 206.
10.48000, 220.
10.49000, 237.
10.50000, 237.
10.51000, 247.
10.52000, 246.
10.53000, 292.
10.54000, 254.
10.55000, 254.
10.56000, 266.
10.57000, 229.
10.58000, 215.
10.59000, 229.
10.60000, 226.
10.61000, 221.
10.62000, 199.
10.63000, 173.
10.64000, 165.
10.65000, 182.
10.66000, 144.
10.67000, 164.
10.68000, 155.
10.69000, 138.
10.70000, 125.
10.71000, 142.
10.72000, 140.
10.73000, 137.
10.74000, 121.
10.75000, 134.
10.76000, 118.
10.77000, 135.
10.78000, 123.
10.79000, 133.
10.80000, 138.
10.81000, 136.
10.82000, 113.
10.83000, 129.
10.84000, 141.
10.85000, 134.
10.86000, 132.
10.87000, 117.
10.88000, 131.
10.89000, 108.
10.90000, 129.
10.91000, 123.
10.92000, 137.
10.93000, 118.
10.94000, 139.
10.95000, 138.
10.96000, 121.
10.97000, 136.
10.98000, 138.
10.99000, 135.
11.00000, 110.
11.01000, 118.
11.02000, 128.
11.03000, 151.
11.04000, 124.
11.05000, 120.
11.06000, 136.
11.07000, 129.
11.08000, 121.
11.09000, 140.
11.10000, 142.
11.11000, 121.
11.12000, 113.
11.13000, 117.
11.14000, 132.
11.15000, 140.
11.16000, 136.
11.17000, 114.
11.18000, 131.
11.19000, 135.
11.20000, 151.
11.21000, 128.
11.22000, 107.
11.23000, 136.
11.24000, 103.
11.25000, 127.
11.26000, 120.
11.27000, 143.
11.28000, 130.
11.29000, 121.
11.30000, 139.
11.31000, 127.
11.32000, 128.
11.33000, 131.
11.34000, 134.
11.35000, 117.
11.36000, 124.
11.37000, 154.
11.38000, 137.
11.39000, 149.
11.40000, 132.
11.41000, 125.
11.42000, 140.
11.43000, 138.
11.44000, 123.
11.45000, 127.
11.46000, 121.
11.47000, 122.
11.48000, 136.
11.49000, 149.
11.50000, 144.
11.51000, 132.
11.52000, 114.
11.53000, 157.
11.54000, 137.
11.55000, 125.
11.56000, 119.
11.57000, 138.
11.58000, 144.
11.59000, 135.
11.60000, 122.
11.61000, 118.
11.62000, 130.
11.63000, 140.
11.64000, 128.
11.65000, 128.
11.66000, 140.
11.67000, 146.
11.68000, 144.
11.69000, 155.
11.70000, 119.
11.71000, 130.
11.72000, 132.
11.73000, 132.
11.74000, 126.
11.75000, 135.
11.76000, 145.
11.77000, 145.
11.78000, 135.
11.79000, 130.
11.80000, 165.
11.81000, 128.
11.82000, 160.
11.83000, 153.
11.84000, 146.
11.85000, 148.
11.86000, 155.
11.87000, 129.
11.88000, 154.
11.89000, 148.
11.90000, 128.
11.91000, 131.
11.92000, 158.
11.93000, 143.
11.94000, 124.
11.95000, 135.
11.96000, 146.
11.97000, 128.
11.98000, 134.
11.99000, 140.
12.00000, 156.
12.01000, 155.
12.02000, 155.
12.03000, 139.
12.04000, 124.
12.05000, 149.
12.06000, 139.
12.07000, 136.
12.08000, 148.
12.09000, 143.
12.10000, 136.
12.11000, 126.
12.12000, 130.
12.13000, 139.
12.14000, 123.
12.15000, 135.
12.16000, 145.
12.17000, 144.
12.18000, 131.
12.19000, 149.
12.20000, 140.
12.21000, 163.
12.22000, 150.
12.23000, 159.
12.24000, 153.
12.25000, 158.
12.26000, 148.
12.27000, 141.
12.28000, 158.
12.29000, 169.
12.30000, 150.
12.31000, 144.
12.32000, 149.
12.33000, 147.
12.34000, 142.
12.35000, 153.
12.36000, 130.
12.37000, 167.
12.38000, 143.
12.39000, 155.
12.40000, 167.
12.41000, 150.
12.42000, 154.
12.43000, 168.
12.44000, 144.
12.45000, 160.
12.46000, 144.
12.47000, 180.
12.48000, 178.
12.49000, 190.
12.50000, 194.
12.51000, 195.
12.52000, 211.
12.53000, 199.
12.54000, 205.
12.55000, 220.
12.56000, 238.
12.57000, 253.
12.58000, 247.
12.59000, 248.
12.60000, 230.
12.61000, 242.
12.62000, 252.
12.63000, 263.
12.64000, 257.
12.65000, 265.
12.66000, 248.
12.67000, 246.
12.68000, 251.
12.69000, 234.
12.70000, 229.
12.71000, 208.
12.72000, 211.
12.73000, 217.
12.74000, 229.
12.75000, 200.
12.76000, 216.
12.77000, 220.
12.78000, 222.
12.79000, 188.
12.80000, 165.
12.81000, 232.
12.82000, 222.
12.83000, 208.
12.84000, 175.
12.85000, 188.
12.86000, 212.
12.87000, 174.
12.88000, 179.
12.89000, 194.
12.90000, 163.
12.91000, 159.
12.92000, 141.
12.93000, 172.
12.94000, 165.
12.95000, 161.
12.96000, 131.
12.97000, 171.
12.98000, 131.
12.99000, 134.
13.00000, 151.
13.01000, 157.
13.02000, 139.
13.03000, 180.
13.04000, 150.
13.05000, 152.
13.06000, 154.
13.07000, 154.
13.08000, 136.
13.09000, 132.
13.10000, 155.
13.11000, 153.
13.12000, 157.
13.13000, 141.
13.14000, 127.
13.15000, 170.
13.16000, 138.
13.17000, 159.
13.18000, 154.
13.19000, 148.
13.20000, 179.
13.21000, 185.
13.22000, 150.
13.23000, 172.
13.24000, 148.
13.25000, 168.
13.26000, 174.
13.27000, 167.
13.28000, 171.
13.29000, 193.
13.30000, 179.
13.31000, 194.
13.32000, 185.
13.33000, 205.
13.34000, 218.
13.35000, 197.
13.36000, 203.
13.37000, 187.
13.38000, 206.
13.39000, 199.
13.40000, 203.
13.41000, 192.
13.42000, 177.
13.43000, 192.
13.44000, 178.
13.45000, 196.
13.46000, 204.
13.47000, 170.
13.48000, 152.
13.49000, 186.
13.50000, 181.
13.51000, 165.
13.52000, 162.
13.53000, 143.
13.54000, 176.
13.55000, 161.
13.56000, 158.
13.57000, 150.
13.58000, 143.
13.59000, 154.
13.60000, 168.
13.61000, 165.
13.62000, 161.
13.63000, 147.
13.64000, 142.
13.65000, 160.
13.66000, 161.
13.67000, 155.
13.68000, 144.
13.69000, 139.
13.70000, 166.
13.71000, 132.
13.72000, 139.
13.73000, 146.
13.74000, 130.
13.75000, 143.
13.76000, 155.
13.77000, 144.
13.78000, 136.
13.79000, 152.
13.80000, 139.
13.81000, 142.
13.82000, 140.
13.83000, 150.
13.84000, 118.
13.85000, 140.
13.86000, 127.
13.87000, 158.
13.88000, 140.
13.89000, 136.
13.90000, 161.
13.91000, 160.
13.92000, 156.
13.93000, 138.
13.94000, 177.
13.95000, 170.
13.96000, 164.
13.97000, 153.
13.98000, 158.
13.99000, 180.
14.00000, 178.
14.01000, 177.
14.02000, 182.
14.03000, 178.
14.04000, 181.
14.05000, 199.
14.06000, 202.
14.07000, 184.
14.08000, 200.
14.09000, 202.
14.10000, 205.
14.11000, 193.
14.12000, 184.
14.13000, 220.
14.14000, 216.
14.15000, 258.
14.16000, 220.
14.17000, 231.
14.18000, 222.
14.19000, 222.
14.20000, 187.
14.21000, 180.
14.22000, 188.
14.23000, 188.
14.24000, 175.
14.25000, 154.
14.26000, 161.
14.27000, 173.
14.28000, 139.
14.29000, 149.
14.30000, 151.
14.31000, 152.
14.32000, 160.
14.33000, 149.
14.34000, 178.
14.35000, 152.
14.36000, 160.
14.37000, 130.
14.38000, 178.
14.39000, 146.
14.40000, 133.
14.41000, 162.
14.42000, 151.
14.43000, 143.
14.44000, 164.
14.45000, 148.
14.46000, 142.
14.47000, 136.
14.48000, 149.
14.49000, 143.
14.50000, 119.
14.51000, 143.
14.52000, 126.
14.53000, 159.
14.54000, 148.
14.55000, 144.
14.56000, 146.
14.57000, 146.
14.58000, 154.
14.59000, 140.
14.60000, 126.
14.61000, 132.
14.62000, 132.
14.63000, 167.
14.64000, 154.
14.65000, 155.
14.66000, 162.
14.67000, 154.
14.68000, 186.
14.69000, 151.
14.70000, 159.
14.71000, 162.
14.72000, 179.
14.73000, 188.
14.74000, 169.
14.75000, 152.
14.76000, 165.
14.77000, 151.
14.78000, 173.
14.79000, 169.
14.80000, 171.
14.81000, 177.
14.82000, 188.
14.83000, 200.
14.84000, 198.
14.85000, 176.
14.86000, 190.
14.87000, 167.
14.88000, 168.
14.89000, 180.
14.90000, 181.
14.91000, 179.
14.92000, 177.
14.93000, 191.
14.94000, 176.
14.95000, 157.
14.96000, 170.
14.97000, 181.
14.98000, 179.
14.99000, 187.
15.00000, 173.
15.01000, 165.
15.02000, 162.
15.03000, 187.
15.04000, 162.
15.05000, 142.
15.06000, 175.
15.07000, 159.
15.08000, 163.
15.09000, 149.
15.10000, 149.
15.11000, 166.
15.12000, 152.
15.13000, 166.
15.14000, 138.
15.15000, 140.
15.16000, 141.
15.17000, 154.
15.18000, 137.
15.19000, 165.
15.20000, 115.
15.21000, 141.
15.22000, 133.
15.23000, 141.
15.24000, 142.
15.25000, 151.
15.26000, 168.
15.27000, 131.
15.28000, 160.
15.29000, 144.
15.30000, 142.
15.31000, 143.
15.32000, 162.
15.33000, 153.
15.34000, 155.
15.35000, 117.
15.36000, 150.
15.37000, 138.
15.38000, 142.
15.39000, 131.
15.40000, 145.
15.41000, 144.
15.42000, 136.
15.43000, 134.
15.44000, 127.
15.45000, 135.
15.46000, 153.
15.47000, 138.
15.48000, 134.
15.49000, 151.
15.50000, 166.
15.51000, 186.
15.52000, 173.
15.53000, 159.
15.54000, 164.
15.55000, 219.
15.56000, 202.
15.57000, 194.
15.58000, 218.
15.59000, 220.
15.60000, 249.
15.61000, 223.
15.62000, 260.
15.63000, 279.
15.64000, 296.
15.65000, 314.
15.66000, 327.
15.67000, 352.
15.68000, 322.
15.69000, 390.
15.70000, 395.
15.71000, 361.
15.72000, 394.
15.73000, 343.
15.74000, 376.
15.75000, 372.
15.76000, 353.
15.77000, 369.
15.78000, 391.
15.79000, 346.
15.80000, 336.
15.81000, 328.
15.82000, 317.
15.83000, 271.
15.84000, 259.
15.85000, 267.
15.86000, 259.
15.87000, 226.
15.88000, 209.
15.89000, 229.
15.90000, 161.
15.91000, 174.
15.92000, 155.
15.93000, 173.
15.94000, 168.
15.95000, 152.
15.96000, 125.
15.97000, 152.
15.98000, 149.
15.99000, 144.
16.00000, 133.
16.01000, 147.
16.02000, 140.
16.03000, 140.
16.04000, 142.
16.05000, 146.
16.06000, 137.
16.07000, 168.
16.08000, 122.
16.09000, 155.
16.10000, 131.
16.11000, 131.
16.12000, 129.
16.13000, 140.
16.14000, 129.
16.15000, 150.
16.16000, 138.
16.17000, 139.
16.18000, 130.
16.19000, 144.
16.20000, 117.
16.21000, 136.
16.22000, 127.
16.23000, 146.
16.24000, 135.
16.25000, 146.
16.26000, 124.
16.27000, 139.
16.28000, 133.
16.29000, 123.
16.30000, 128.
16.31000, 125.
16.32000, 142.
16.33000, 142.
16.34000, 149.
16.35000, 123.
16.36000, 144.
16.37000, 140.
16.38000, 150.
16.39000, 147.
16.40000, 157.
16.41000, 139.
16.42000, 147.
16.43000, 164.
16.44000, 152.
16.45000, 153.
16.46000, 141.
16.47000, 161.
16.48000, 134.
16.49000, 153.
16.50000, 139.
16.51000, 156.
16.52000, 128.
16.53000, 153.
16.54000, 147.
16.55000, 142.
16.56000, 144.
16.57000, 149.
16.58000, 158.
16.59000, 146.
16.60000, 148.
16.61000, 155.
16.62000, 150.
16.63000, 152.
16.64000, 143.
16.65000, 139.
16.66000, 158.
16.67000, 152.
16.68000, 166.
16.69000, 148.
16.70000, 144.
16.71000, 156.
16.72000, 129.
16.73000, 136.
16.74000, 124.
16.75000, 133.
16.76000, 152.
16.77000, 142.
16.78000, 156.
16.79000, 122.
16.80000, 142.
16.81000, 139.
16.82000, 163.
16.83000, 156.
16.84000, 138.
16.85000, 137.
16.86000, 142.
16.87000, 153.
16.88000, 123.
16.89000, 135.
16.90000, 178.
16.91000, 163.
16.92000, 130.
16.93000, 135.
16.94000, 126.
16.95000, 151.
16.96000, 141.
16.97000, 142.
16.98000, 151.
16.99000, 127.
17.00000, 133.
17.01000, 127.
17.02000, 135.
17.03000, 117.
17.04000, 155.
17.05000, 168.
17.06000, 123.
17.07000, 144.
17.08000, 129.
17.09000, 170.
17.10000, 150.
17.11000, 153.
17.12000, 152.
17.13000, 141.
17.14000, 157.
17.15000, 143.
17.16000, 157.
17.17000, 145.
17.18000, 159.
17.19000, 147.
17.20000, 149.
17.21000, 145.
17.22000, 161.
17.23000, 161.
17.24000, 151.
17.25000, 142.
17.26000, 159.
17.27000, 156.
17.28000, 144.
17.29000, 154.
17.30000, 138.
17.31000, 154.
17.32000, 143.
17.33000, 150.
17.34000, 143.
17.35000, 176.
17.36000, 125.
17.37000, 155.
17.38000, 184.
17.39000, 156.
17.40000, 150.
17.41000, 150.
17.42000, 146.
17.43000, 153.
17.44000, 161.
17.45000, 173.
17.46000, 152.
17.47000, 173.
17.48000, 173.
17.49000, 179.
17.50000, 192.
17.51000, 178.
17.52000, 180.
17.53000, 181.
17.54000, 186.
17.55000, 208.
17.56000, 187.
17.57000, 218.
17.58000, 179.
17.59000, 215.
17.60000, 194.
17.61000, 224.
17.62000, 186.
17.63000, 217.
17.64000, 207.
17.65000, 165.
17.66000, 215.
17.67000, 210.
17.68000, 204.
17.69000, 185.
17.70000, 206.
17.71000, 192.
17.72000, 191.
17.73000, 196.
17.74000, 184.
17.75000, 217.
17.76000, 185.
17.77000, 199.
17.78000, 188.
17.79000, 194.
17.80000, 189.
17.81000, 210.
17.82000, 191.
17.83000, 177.
17.84000, 190.
17.85000, 176.
17.86000, 173.
17.87000, 203.
17.88000, 188.
17.89000, 196.
17.90000, 188.
17.91000, 200.
17.92000, 187.
17.93000, 206.
17.94000, 197.
17.95000, 189.
17.96000, 205.
17.97000, 219.
17.98000, 206.
17.99000, 190.
18.00000, 210.
18.01000, 225.
18.02000, 191.
18.03000, 214.
18.04000, 215.
18.05000, 219.
18.06000, 209.
18.07000, 214.
18.08000, 226.
18.09000, 229.
18.10000, 221.
18.11000, 262.
18.12000, 238.
18.13000, 235.
18.14000, 269.
18.15000, 252.
18.16000, 268.
18.17000, 232.
18.18000, 261.
18.19000, 239.
18.20000, 241.
18.21000, 268.
18.22000, 288.
18.23000, 267.
18.24000, 274.
18.25000, 293.
18.26000, 268.
18.27000, 296.
18.28000, 298.
18.29000, 328.
18.30000, 315.
18.31000, 336.
18.32000, 368.
18.33000, 331.
18.34000, 375.
18.35000, 323.
18.36000, 388.
18.37000, 339.
18.38000, 388.
18.39000, 386.
18.40000, 391.
18.41000, 434.
18.42000, 448.
18.43000, 420.
18.44000, 459.
18.45000, 458.
18.46000, 476.
18.47000, 521.
18.48000, 517.
18.49000, 508.
18.50000, 565.
18.51000, 541.
18.52000, 582.
18.53000, 604.
18.54000, 606.
18.55000, 612.
18.56000, 637.
18.57000, 664.
18.58000, 675.
18.59000, 712.
18.60000, 631.
18.61000, 710.
18.62000, 714.
18.63000, 801.
18.64000, 830.
18.65000, 780.
18.66000, 762.
18.67000, 784.
18.68000, 832.
18.69000, 842.
18.70000, 877.
18.71000, 831.
18.72000, 829.
18.73000, 872.
18.74000, 870.
18.75000, 846.
18.76000, 813.
18.77000, 888.
18.78000, 884.
18.79000, 857.
18.80000, 881.
18.81000, 877.
18.82000, 884.
18.83000, 905.
18.84000, 803.
18.85000, 852.
18.86000, 886.
18.87000, 799.
18.88000, 848.
18.89000, 795.
18.90000, 809.
18.91000, 765.
18.92000, 781.
18.93000, 778.
18.94000, 730.
18.95000, 709.
18.96000, 759.
18.97000, 746.
18.98000, 711.
18.99000, 687.
19.00000, 718.
19.01000, 700.
19.02000, 622.
19.03000, 644.
19.04000, 634.
19.05000, 640.
19.06000, 628.
19.07000, 552.
19.08000, 602.
19.09000, 558.
19.10000, 550.
19.11000, 500.
19.12000, 508.
19.13000, 487.
19.14000, 483.
19.15000, 459.
19.16000, 441.
19.17000, 454.
19.18000, 429.
19.19000, 372.
19.20000, 423.
19.21000, 389.
19.22000, 378.
19.23000, 340.
19.24000, 388.
19.25000, 340.
19.26000, 327.
19.27000, 306.
19.28000, 302.
19.29000, 351.
19.30000, 310.
19.31000, 302.
19.32000, 278.
19.33000, 288.
19.34000, 292.
19.35000, 268.
19.36000, 284.
19.37000, 264.
19.38000, 267.
19.39000, 238.
19.40000, 244.
19.41000, 291.
19.42000, 246.
19.43000, 215.
19.44000, 262.
19.45000, 226.
19.46000, 226.
19.47000, 227.
19.48000, 214.
19.49000, 200.
19.50000, 200.
19.51000, 227.
19.52000, 228.
19.53000, 190.
19.54000, 205.
19.55000, 201.
19.56000, 226.
19.57000, 190.
19.58000, 192.
19.59000, 174.
19.60000, 199.
19.61000, 193.
19.62000, 175.
19.63000, 157.
19.64000, 160.
19.65000, 187.
19.66000, 177.
19.67000, 174.
19.68000, 144.
19.69000, 163.
19.70000, 169.
19.71000, 164.
19.72000, 170.
19.73000, 149.
19.74000, 144.
19.75000, 151.
19.76000, 173.
19.77000, 161.
19.78000, 184.
19.79000, 129.
19.80000, 154.
19.81000, 166.
19.82000, 171.
19.83000, 170.
19.84000, 189.
19.85000, 180.
19.86000, 195.
19.87000, 180.
19.88000, 181.
19.89000, 178.
19.90000, 232.
19.91000, 231.
19.92000, 249.
19.93000, 269.
19.94000, 250.
19.95000, 265.
19.96000, 284.
19.97000, 301.
19.98000, 341.
19.99000, 370.
20.00000, 361.
20.01000, 367.
20.02000, 390.
20.03000, 416.
20.04000, 402.
20.05000, 459.
20.06000, 471.
20.07000, 446.
20.08000, 493.
20.09000, 435.
20.10000, 526.
20.11000, 515.
20.12000, 529.
20.13000, 476.
20.14000, 505.
20.15000, 528.
20.16000, 542.
20.17000, 498.
20.18000, 464.
20.19000, 534.
20.20000, 511.
20.21000, 473.
20.22000, 466.
20.23000, 460.
20.24000, 428.
20.25000, 407.
20.26000, 377.
20.27000, 355.
20.28000, 360.
20.29000, 326.
20.30000, 316.
20.31000, 299.
20.32000, 275.
20.33000, 253.
20.34000, 200.
20.35000, 222.
20.36000, 195.
20.37000, 199.
20.38000, 205.
20.39000, 147.
20.40000, 162.
20.41000, 166.
20.42000, 147.
20.43000, 162.
20.44000, 157.
20.45000, 164.
20.46000, 151.
20.47000, 141.
20.48000, 167.
20.49000, 135.
20.50000, 155.
20.51000, 146.
20.52000, 146.
20.53000, 139.
20.54000, 145.
20.55000, 143.
20.56000, 136.
20.57000, 145.
20.58000, 171.
20.59000, 168.
20.60000, 157.
20.61000, 176.
20.62000, 149.
20.63000, 161.
20.64000, 160.
20.65000, 166.
20.66000, 171.
20.67000, 178.
20.68000, 174.
20.69000, 190.
20.70000, 193.
20.71000, 193.
20.72000, 196.
20.73000, 205.
20.74000, 180.
20.75000, 182.
20.76000, 210.
20.77000, 196.
20.78000, 211.
20.79000, 202.
20.80000, 191.
20.81000, 197.
20.82000, 206.
20.83000, 219.
20.84000, 187.
20.85000, 224.
20.86000, 231.
20.87000, 235.
20.88000, 236.
20.89000, 229.
20.90000, 238.
20.91000, 211.
20.92000, 215.
20.93000, 234.
20.94000, 227.
20.95000, 222.
20.96000, 227.
20.97000, 211.
20.98000, 259.
20.99000, 220.
21.00000, 214.
21.01000, 218.
21.02000, 220.
21.03000, 252.
21.04000, 220.
21.05000, 240.
21.06000, 255.
21.07000, 225.
21.08000, 213.
21.09000, 233.
21.10000, 192.
21.11000, 207.
21.12000, 208.
21.13000, 238.
21.14000, 218.
21.15000, 219.
21.16000, 172.
21.17000, 198.
21.18000, 217.
21.19000, 203.
21.20000, 189.
21.21000, 206.
21.22000, 226.
21.23000, 216.
21.24000, 194.
21.25000, 211.
21.26000, 172.
21.27000, 194.
21.28000, 172.
21.29000, 161.
21.30000, 179.
21.31000, 188.
21.32000, 158.
21.33000, 178.
21.34000, 182.
21.35000, 167.
21.36000, 187.
21.37000, 173.
21.38000, 167.
21.39000, 152.
21.40000, 170.
21.41000, 175.
21.42000, 164.
21.43000, 169.
21.44000, 150.
21.45000, 133.
21.46000, 129.
21.47000, 166.
21.48000, 143.
21.49000, 151.
21.50000, 147.
21.51000, 136.
21.52000, 135.
21.53000, 130.
21.54000, 138.
21.55000, 127.
21.56000, 118.
21.57000, 137.
21.58000, 125.
21.59000, 133.
21.60000, 134.
21.61000, 124.
21.62000, 127.
21.63000, 121.
21.64000, 128.
21.65000, 114.
21.66000, 120.
21.67000, 118.
21.68000, 104.
21.69000, 107.
21.70000, 115.
21.71000, 102.
21.72000, 108.
21.73000, 122.
21.74000, 108.
21.75000, 99.
21.76000, 109.
21.77000, 124.
21.78000, 105.
21.79000, 101.
21.80000, 103.
21.81000, 94.
21.82000, 79.
21.83000, 100.
21.84000, 77.
21.85000, 103.
21.86000, 96.
21.87000, 99.
21.88000, 95.
21.89000, 108.
21.90000, 93.
21.91000, 99.
21.92000, 85.
21.93000, 80.
21.94000, 101.
21.95000, 82.
21.96000, 84.
21.97000, 91.
21.98000, 85.
21.99000, 89.
22.00000, 100.
22.01000, 89.
22.02000, 89.
22.03000, 104.
22.04000, 90.
22.05000, 114.
22.06000, 99.
22.07000, 93.
22.08000, 92.
22.09000, 92.
22.10000, 92.
22.11000, 110.
22.12000, 74.
22.13000, 90.
22.14000, 79.
22.15000, 98.
22.16000, 86.
22.17000, 74.
22.18000, 101.
22.19000, 90.
22.20000, 79.
22.21000, 75.
22.22000, 83.
22.23000, 95.
22.24000, 77.
22.25000, 81.
22.26000, 72.
22.27000, 73.
22.28000, 77.
22.29000, 68.
22.30000, 70.
22.31000, 75.
22.32000, 76.
22.33000, 63.
22.34000, 79.
22.35000, 84.
22.36000, 86.
22.37000, 86.
22.38000, 81.
22.39000, 74.
22.40000, 82.
22.41000, 75.
22.42000, 81.
22.43000, 68.
22.44000, 84.
22.45000, 82.
22.46000, 86.
22.47000, 70.
22.48000, 87.
22.49000, 103.
22.50000, 82.
22.51000, 101.
22.52000, 87.
22.53000, 102.
22.54000, 112.
22.55000, 104.
22.56000, 103.
22.57000, 115.
22.58000, 120.
22.59000, 127.
22.60000, 97.
22.61000, 138.
22.62000, 117.
22.63000, 133.
22.64000, 127.
22.65000, 151.
22.66000, 140.
22.67000, 112.
22.68000, 146.
22.69000, 131.
22.70000, 134.
22.71000, 128.
22.72000, 141.
22.73000, 138.
22.74000, 141.
22.75000, 105.
22.76000, 121.
22.77000, 109.
22.78000, 94.
22.79000, 112.
22.80000, 94.
22.81000, 96.
22.82000, 95.
22.83000, 101.
22.84000, 77.
22.85000, 77.
22.86000, 86.
22.87000, 73.
22.88000, 99.
22.89000, 82.
22.90000, 68.
22.91000, 72.
22.92000, 77.
22.93000, 72.
22.94000, 81.
22.95000, 80.
22.96000, 82.
22.97000, 75.
22.98000, 92.
22.99000, 71.
23.00000, 89.
23.01000, 69.
23.02000, 59.
23.03000, 96.
23.04000, 59.
23.05000, 90.
23.06000, 70.
23.07000, 81.
23.08000, 82.
23.09000, 84.
23.10000, 70.
23.11000, 71.
23.12000, 87.
23.13000, 72.
23.14000, 95.
23.15000, 69.
23.16000, 90.
23.17000, 74.
23.18000, 78.
23.19000, 76.
23.20000, 73.
23.21000, 78.
23.22000, 73.
23.23000, 70.
23.24000, 63.
23.25000, 63.
23.26000, 82.
23.27000, 62.
23.28000, 61.
23.29000, 60.
23.30000, 68.
23.31000, 67.
23.32000, 75.
23.33000, 81.
23.34000, 62.
23.35000, 66.
23.36000, 67.
23.37000, 60.
23.38000, 69.
23.39000, 66.
23.40000, 78.
23.41000, 72.
23.42000, 75.
23.43000, 67.
23.44000, 62.
23.45000, 69.
23.46000, 68.
23.47000, 61.
23.48000, 65.
23.49000, 73.
23.50000, 51.
23.51000, 51.
23.52000, 57.
23.53000, 63.
23.54000, 55.
23.55000, 54.
23.56000, 71.
23.57000, 62.
23.58000, 72.
23.59000, 65.
23.60000, 66.
23.61000, 63.
23.62000, 68.
23.63000, 56.
23.64000, 83.
23.65000, 62.
23.66000, 76.
23.67000, 64.
23.68000, 66.
23.69000, 61.
23.70000, 56.
23.71000, 72.
23.72000, 53.
23.73000, 61.
23.74000, 73.
23.75000, 71.
23.76000, 71.
23.77000, 74.
23.78000, 66.
23.79000, 61.
23.80000, 70.
23.81000, 71.
23.82000, 47.
23.83000, 54.
23.84000, 63.
23.85000, 78.
23.86000, 63.
23.87000, 62.
23.88000, 70.
23.89000, 62.
23.90000, 60.
23.91000, 48.
23.92000, 59.
23.93000, 65.
23.94000, 59.
23.95000, 55.
23.96000, 63.
23.97000, 55.
23.98000, 57.
23.99000, 64.
24.00000, 66.
24.01000, 63.
24.02000, 59.
24.03000, 51.
24.04000, 61.
24.05000, 57.
24.06000, 72.
24.07000, 57.
24.08000, 74.
24.09000, 54.
24.10000, 53.
24.11000, 66.
24.12000, 61.
24.13000, 59.
24.14000, 54.
24.15000, 48.
24.16000, 58.
24.17000, 65.
24.18000, 71.
24.19000, 55.
24.20000, 58.
24.21000, 72.
24.22000, 66.
24.23000, 65.
24.24000, 52.
24.25000, 63.
24.26000, 65.
24.27000, 62.
24.28000, 53.
24.29000, 49.
24.30000, 70.
24.31000, 52.
24.32000, 68.
24.33000, 75.
24.34000, 67.
24.35000, 71.
24.36000, 56.
24.37000, 52.
24.38000, 66.
24.39000, 62.
24.40000, 53.
24.41000, 61.
24.42000, 59.
24.43000, 53.
24.44000, 54.
24.45000, 69.
24.46000, 53.
24.47000, 64.
24.48000, 57.
24.49000, 68.
24.50000, 53.
24.51000, 51.
24.52000, 52.
24.53000, 61.
24.54000, 57.
24.55000, 62.
24.56000, 56.
24.57000, 57.
24.58000, 46.
24.59000, 62.
24.60000, 58.
24.61000, 52.
24.62000, 63.
24.63000, 67.
24.64000, 61.
24.65000, 76.
24.66000, 73.
24.67000, 53.
24.68000, 54.
24.69000, 52.
24.70000, 56.
24.71000, 67.
24.72000, 63.
24.73000, 63.
24.74000, 66.
24.75000, 50.
24.76000, 64.
24.77000, 80.
24.78000, 48.
24.79000, 67.
24.80000, 53.
24.81000, 60.
24.82000, 48.
24.83000, 59.
24.84000, 53.
24.85000, 64.
24.86000, 57.
24.87000, 68.
24.88000, 58.
24.89000, 77.
24.90000, 77.
24.91000, 57.
24.92000, 66.
24.93000, 56.
24.94000, 65.
24.95000, 55.
24.96000, 56.
24.97000, 65.
24.98000, 67.
24.99000, 64.
25.00000, 57.
25.01000, 70.
25.02000, 64.
25.03000, 71.
25.04000, 74.
25.05000, 62.
25.06000, 62.
25.07000, 55.
25.08000, 73.
25.09000, 63.
25.10000, 60.
25.11000, 64.
25.12000, 76.
25.13000, 73.
25.14000, 76.
25.15000, 78.
25.16000, 69.
25.17000, 67.
25.18000, 62.
25.19000, 59.
25.20000, 76.
25.21000, 72.
25.22000, 63.
25.23000, 58.
25.24000, 66.
25.25000, 57.
25.26000, 76.
25.27000, 70.
25.28000, 60.
25.29000, 64.
25.30000, 69.
25.31000, 66.
25.32000, 56.
25.33000, 69.
25.34000, 61.
25.35000, 77.
25.36000, 79.
25.37000, 57.
25.38000, 69.
25.39000, 54.
25.40000, 79.
25.41000, 68.
25.42000, 66.
25.43000, 44.
25.44000, 57.
25.45000, 61.
25.46000, 55.
25.47000, 77.
25.48000, 49.
25.49000, 57.
25.50000, 53.
25.51000, 59.
25.52000, 58.
25.53000, 57.
25.54000, 65.
25.55000, 57.
25.56000, 37.
25.57000, 50.
25.58000, 60.
25.59000, 65.
25.60000, 65.
25.61000, 58.
25.62000, 57.
25.63000, 49.
25.64000, 56.
25.65000, 57.
25.66000, 54.
25.67000, 58.
25.68000, 55.
25.69000, 55.
25.70000, 59.
25.71000, 45.
25.72000, 46.
25.73000, 56.
25.74000, 48.
25.75000, 70.
25.76000, 57.
25.77000, 58.
25.78000, 41.
25.79000, 48.
25.80000, 62.
25.81000, 53.
25.82000, 48.
25.83000, 58.
25.84000, 53.
25.85000, 55.
25.86000, 57.
25.87000, 55.
25.88000, 43.
25.89000, 57.
25.90000, 60.
25.91000, 56.
25.92000, 54.
25.93000, 65.
25.94000, 64.
25.95000, 59.
25.96000, 68.
25.97000, 45.
25.98000, 63.
25.99000, 46.
26.00000, 63.
26.01000, 47.
26.02000, 52.
26.03000, 55.
26.04000, 53.
26.05000, 54.
26.06000, 48.
26.07000, 48.
26.08000, 48.
26.09000, 45.
26.10000, 54.
26.11000, 54.
26.12000, 47.
26.13000, 57.
26.14000, 58.
26.15000, 58.
26.16000, 55.
26.17000, 57.
26.18000, 53.
26.19000, 60.
26.20000, 43.
26.21000, 54.
26.22000, 61.
26.23000, 54.
26.24000, 55.
26.25000, 44.
26.26000, 49.
26.27000, 56.
26.28000, 39.
26.29000, 56.
26.30000, 58.
26.31000, 51.
26.32000, 46.
26.33000, 66.
26.34000, 46.
26.35000, 55.
26.36000, 40.
26.37000, 57.
26.38000, 52.
26.39000, 47.
26.40000, 56.
26.41000, 60.
26.42000, 50.
26.43000, 51.
26.44000, 49.
26.45000, 49.
26.46000, 59.
26.47000, 63.
26.48000, 56.
26.49000, 63.
26.50000, 45.
26.51000, 62.
26.52000, 50.
26.53000, 45.
26.54000, 45.
26.55000, 55.
26.56000, 50.
26.57000, 62.
26.58000, 52.
26.59000, 48.
26.60000, 44.
26.61000, 45.
26.62000, 57.
26.63000, 55.
26.64000, 54.
26.65000, 46.
26.66000, 56.
26.67000, 58.
26.68000, 37.
26.69000, 58.
26.70000, 48.
26.71000, 56.
26.72000, 49.
26.73000, 38.
26.74000, 53.
26.75000, 38.
26.76000, 42.
26.77000, 66.
26.78000, 39.
26.79000, 53.
26.80000, 44.
26.81000, 66.
26.82000, 56.
26.83000, 55.
26.84000, 45.
26.85000, 58.
26.86000, 51.
26.87000, 47.
26.88000, 49.
26.89000, 59.
26.90000, 34.
26.91000, 50.
26.92000, 48.
26.93000, 34.
26.94000, 62.
26.95000, 42.
26.96000, 42.
26.97000, 57.
26.98000, 54.
26.99000, 53.
27.00000, 54.
27.01000, 51.
27.02000, 50.
27.03000, 42.
27.04000, 38.
27.05000, 45.
27.06000, 52.
27.07000, 55.
27.08000, 46.
27.09000, 46.
27.10000, 42.
27.11000, 49.
27.12000, 49.
27.13000, 40.
27.14000, 36.
27.15000, 47.
27.16000, 44.
27.17000, 43.
27.18000, 42.
27.19000, 40.
27.20000, 58.
27.21000, 51.
27.22000, 54.
27.23000, 42.
27.24000, 57.
27.25000, 41.
27.26000, 46.
27.27000, 44.
27.28000, 49.
27.29000, 41.
27.30000, 50.
27.31000, 48.
27.32000, 47.
27.33000, 39.
27.34000, 49.
27.35000, 47.
27.36000, 49.
27.37000, 52.
27.38000, 46.
27.39000, 41.
27.40000, 43.
27.41000, 48.
27.42000, 41.
27.43000, 50.
27.44000, 42.
27.45000, 56.
27.46000, 44.
27.47000, 54.
27.48000, 45.
27.49000, 41.
27.50000, 48.
27.51000, 42.
27.52000, 40.
27.53000, 47.
27.54000, 58.
27.55000, 39.
27.56000, 47.
27.57000, 63.
27.58000, 42.
27.59000, 47.
27.60000, 41.
27.61000, 47.
27.62000, 37.
27.63000, 57.
27.64000, 48.
27.65000, 50.
27.66000, 41.
27.67000, 52.
27.68000, 50.
27.69000, 38.
27.70000, 49.
27.71000, 34.
27.72000, 50.
27.73000, 40.
27.74000, 48.
27.75000, 52.
27.76000, 44.
27.77000, 49.
27.78000, 39.
27.79000, 50.
27.80000, 43.
27.81000, 39.
27.82000, 43.
27.83000, 33.
27.84000, 54.
27.85000, 51.
27.86000, 51.
27.87000, 39.
27.88000, 53.
27.89000, 28.
27.90000, 64.
27.91000, 39.
27.92000, 41.
27.93000, 42.
27.94000, 43.
27.95000, 41.
27.96000, 38.
27.97000, 39.
27.98000, 44.
27.99000, 47.
28.00000, 40.
28.01000, 44.
28.02000, 53.
28.03000, 44.
28.04000, 36.
28.05000, 42.
28.06000, 48.
28.07000, 50.
28.08000, 37.
28.09000, 47.
28.10000, 40.
28.11000, 49.
28.12000, 37.
28.13000, 45.
28.14000, 47.
28.15000, 61.
28.16000, 41.
28.17000, 34.
28.18000, 42.
28.19000, 29.
28.20000, 43.
28.21000, 51.
28.22000, 40.
28.23000, 34.
28.24000, 54.
28.25000, 44.
28.26000, 34.
28.27000, 45.
28.28000, 52.
28.29000, 43.
28.30000, 46.
28.31000, 45.
28.32000, 43.
28.33000, 46.
28.34000, 43.
28.35000, 39.
28.36000, 32.
28.37000, 48.
28.38000, 38.
28.39000, 29.
28.40000, 34.
28.41000, 42.
28.42000, 45.
28.43000, 39.
28.44000, 43.
28.45000, 30.
28.46000, 48.
28.47000, 44.
28.48000, 31.
28.49000, 42.
28.50000, 60.
28.51000, 58.
28.52000, 37.
28.53000, 46.
28.54000, 37.
28.55000, 47.
28.56000, 36.
28.57000, 39.
28.58000, 39.
28.59000, 44.
28.60000, 47.
28.61000, 46.
28.62000, 38.
28.63000, 41.
28.64000, 33.
28.65000, 29.
28.66000, 50.
28.67000, 42.
28.68000, 44.
28.69000, 39.
28.70000, 40.
28.71000, 44.
28.72000, 43.
28.73000, 32.
28.74000, 49.
28.75000, 33.
28.76000, 44.
28.77000, 31.
28.78000, 47.
28.79000, 41.
28.80000, 35.
28.81000, 49.
28.82000, 51.
28.83000, 53.
28.84000, 27.
28.85000, 26.
28.86000, 37.
28.87000, 46.
28.88000, 36.
28.89000, 39.
28.90000, 34.
28.91000, 35.
28.92000, 37.
28.93000, 40.
28.94000, 43.
28.95000, 35.
28.96000, 48.
28.97000, 28.
28.98000, 41.
28.99000, 44.
29.00000, 43.
29.01000, 51.
29.02000, 47.
29.03000, 35.
29.04000, 31.
29.05000, 40.
29.06000, 36.
29.07000, 50.
29.08000, 48.
29.09000, 46.
29.10000, 28.
29.11000, 40.
29.12000, 37.
29.13000, 43.
29.14000, 35.
29.15000, 43.
29.16000, 29.
29.17000, 38.
29.18000, 39.
29.19000, 47.
29.20000, 41.
29.21000, 26.
29.22000, 42.
29.23000, 49.
29.24000, 32.
29.25000, 49.
29.26000, 42.
29.27000, 41.
29.28000, 38.
29.29000, 38.
29.30000, 45.
29.31000, 42.
29.32000, 26.
29.33000, 36.
29.34000, 35.
29.35000, 24.
29.36000, 30.
29.37000, 37.
29.38000, 30.
29.39000, 38.
29.40000, 33.
29.41000, 46.
29.42000, 39.
29.43000, 37.
29.44000, 33.
29.45000, 46.
29.46000, 42.
29.47000, 24.
29.48000, 22.
29.49000, 31.
29.50000, 31.
29.51000, 33.
29.52000, 39.
29.53000, 33.
29.54000, 35.
29.55000, 39.
29.56000, 37.
29.57000, 27.
29.58000, 40.
29.59000, 38.
29.60000, 26.
29.61000, 29.
29.62000, 36.
29.63000, 24.
29.64000, 33.
29.65000, 40.
29.66000, 41.
29.67000, 33.
29.68000, 41.
29.69000, 31.
29.70000, 16.
29.71000, 38.
29.72000, 32.
29.73000, 34.
29.74000, 39.
29.75000, 29.
29.76000, 38.
29.77000, 34.
29.78000, 34.
29.79000, 32.
29.80000, 40.
29.81000, 23.
29.82000, 31.
29.83000, 28.
29.84000, 29.
29.85000, 27.
29.86000, 28.
29.87000, 35.
29.88000, 34.
29.89000, 30.
29.90000, 22.
29.91000, 31.
29.92000, 30.
29.93000, 26.
29.94000, 27.
29.95000, 40.
29.96000, 21.
29.97000, 35.
29.98000, 36.
29.99000, 24.
30.00000, 28.
30.01000, 26.
30.02000, 32.
30.03000, 27.
30.04000, 30.
30.05000, 32.
30.06000, 26.
30.07000, 48.
30.08000, 25.
30.09000, 29.
30.10000, 34.
30.11000, 33.
30.12000, 29.
30.13000, 25.
30.14000, 34.
30.15000, 44.
30.16000, 28.
30.17000, 39.
30.18000, 27.
30.19000, 29.
30.20000, 22.
30.21000, 39.
30.22000, 34.
30.23000, 42.
30.24000, 32.
30.25000, 26.
30.26000, 39.
30.27000, 28.
30.28000, 35.
30.29000, 41.
30.30000, 30.
30.31000, 42.
30.32000, 31.
30.33000, 34.
30.34000, 42.
30.35000, 36.
30.36000, 31.
30.37000, 45.
30.38000, 35.
30.39000, 28.
30.40000, 23.
30.41000, 28.
30.42000, 31.
30.43000, 24.
30.44000, 33.
30.45000, 26.
30.46000, 28.
30.47000, 20.
30.48000, 37.
30.49000, 39.
30.50000, 29.
30.51000, 31.
30.52000, 31.
30.53000, 34.
30.54000, 34.
30.55000, 39.
30.56000, 28.
30.57000, 29.
30.58000, 32.
30.59000, 38.
30.60000, 22.
30.61000, 29.
30.62000, 31.
30.63000, 38.
30.64000, 26.
30.65000, 31.
30.66000, 30.
30.67000, 37.
30.68000, 36.
30.69000, 31.
30.70000, 28.
30.71000, 33.
30.72000, 34.
30.73000, 25.
30.74000, 26.
30.75000, 32.
30.76000, 38.
30.77000, 37.
30.78000, 33.
30.79000, 23.
30.80000, 21.
30.81000, 27.
30.82000, 36.
30.83000, 33.
30.84000, 32.
30.85000, 22.
30.86000, 33.
30.87000, 36.
30.88000, 29.
30.89000, 25.
30.90000, 27.
30.91000, 30.
30.92000, 35.
30.93000, 28.
30.94000, 23.
30.95000, 33.
30.96000, 21.
30.97000, 28.
30.98000, 29.
30.99000, 26.
31.00000, 35.
31.01000, 28.
31.02000, 39.
31.03000, 25.
31.04000, 39.
31.05000, 25.
31.06000, 37.
31.07000, 39.
31.08000, 31.
31.09000, 25.
31.10000, 28.
31.11000, 23.
31.12000, 22.
31.13000, 29.
31.14000, 35.
31.15000, 27.
31.16000, 41.
31.17000, 38.
31.18000, 33.
31.19000, 26.
31.20000, 27.
31.21000, 17.
31.22000, 27.
31.23000, 22.
31.24000, 34.
31.25000, 33.
31.26000, 24.
31.27000, 24.
31.28000, 28.
31.29000, 25.
31.30000, 20.
31.31000, 29.
31.32000, 31.
31.33000, 25.
31.34000, 28.
31.35000, 24.
31.36000, 25.
31.37000, 32.
31.38000, 30.
31.39000, 26.
31.40000, 21.
31.41000, 29.
31.42000, 32.
31.43000, 20.
31.44000, 30.
31.45000, 28.
31.46000, 26.
31.47000, 43.
31.48000, 24.
31.49000, 28.
31.50000, 32.
31.51000, 30.
31.52000, 27.
31.53000, 30.
31.54000, 31.
31.55000, 31.
31.56000, 26.
31.57000, 25.
31.58000, 23.
31.59000, 32.
31.60000, 30.
31.61000, 34.
31.62000, 28.
31.63000, 32.
31.64000, 23.
31.65000, 31.
31.66000, 32.
31.67000, 31.
31.68000, 30.
31.69000, 21.
31.70000, 29.
31.71000, 32.
31.72000, 36.
31.73000, 28.
31.74000, 22.
31.75000, 26.
31.76000, 39.
31.77000, 29.
31.78000, 26.
31.79000, 31.
31.80000, 31.
31.81000, 30.
31.82000, 23.
31.83000, 27.
31.84000, 24.
31.85000, 26.
31.86000, 25.
31.87000, 24.
31.88000, 34.
31.89000, 18.
31.90000, 27.
31.91000, 28.
31.92000, 21.
31.93000, 33.
31.94000, 22.
31.95000, 22.
31.96000, 37.
31.97000, 35.
31.98000, 30.
31.99000, 21.
32.00000, 27.
32.01000, 23.
32.02000, 38.
32.03000, 32.
32.04000, 23.
32.05000, 24.
32.06000, 26.
32.07000, 37.
32.08000, 19.
32.09000, 36.
32.10000, 30.
32.11000, 24.
32.12000, 26.
32.13000, 26.
32.14000, 31.
32.15000, 29.
32.16000, 33.
32.17000, 36.
32.18000, 33.
32.19000, 22.
32.20000, 23.
32.21000, 26.
32.22000, 22.
32.23000, 29.
32.24000, 32.
32.25000, 37.
32.26000, 28.
32.27000, 33.
32.28000, 27.
32.29000, 18.
32.30000, 25.
32.31000, 30.
32.32000, 21.
32.33000, 22.
32.34000, 23.
32.35000, 32.
32.36000, 32.
32.37000, 30.
32.38000, 30.
32.39000, 23.
32.40000, 26.
32.41000, 28.
32.42000, 36.
32.43000, 29.
32.44000, 26.
32.45000, 21.
32.46000, 31.
32.47000, 29.
32.48000, 27.
32.49000, 25.
32.50000, 23.
32.51000, 30.
32.52000, 28.
32.53000, 22.
32.54000, 29.
32.55000, 21.
32.56000, 22.
32.57000, 14.
32.58000, 22.
32.59000, 27.
32.60000, 19.
32.61000, 30.
32.62000, 26.
32.63000, 9.
32.64000, 23.
32.65000, 24.
32.66000, 23.
32.67000, 30.
32.68000, 23.
32.69000, 19.
32.70000, 23.
32.71000, 13.
32.72000, 25.
32.73000, 24.
32.74000, 24.
32.75000, 17.
32.76000, 23.
32.77000, 22.
32.78000, 26.
32.79000, 17.
32.80000, 22.
32.81000, 18.
32.82000, 29.
32.83000, 19.
32.84000, 25.
32.85000, 29.
32.86000, 18.
32.87000, 28.
32.88000, 18.
32.89000, 37.
32.90000, 31.
32.91000, 23.
32.92000, 18.
32.93000, 20.
32.94000, 17.
32.95000, 22.
32.96000, 19.
32.97000, 24.
32.98000, 20.
32.99000, 23.
33.00000, 20.
33.01000, 16.
33.02000, 23.
33.03000, 23.
33.04000, 22.
33.05000, 21.
33.06000, 19.
33.07000, 20.
33.08000, 24.
33.09000, 28.
33.10000, 23.
33.11000, 16.
33.12000, 20.
33.13000, 28.
33.14000, 20.
33.15000, 18.
33.16000, 23.
33.17000, 13.
33.18000, 19.
33.19000, 21.
33.20000, 26.
33.21000, 21.
33.22000, 26.
33.23000, 21.
33.24000, 15.
33.25000, 19.
33.26000, 28.
33.27000, 22.
33.28000, 18.
33.29000, 17.
33.30000, 25.
33.31000, 15.
33.32000, 23.
33.33000, 14.
33.34000, 20.
33.35000, 20.
33.36000, 24.
33.37000, 21.
33.38000, 28.
33.39000, 16.
33.40000, 24.
33.41000, 13.
33.42000, 25.
33.43000, 26.
33.44000, 27.
33.45000, 26.
33.46000, 22.
33.47000, 26.
33.48000, 26.
33.49000, 21.
33.50000, 23.
33.51000, 19.
33.52000, 16.
33.53000, 19.
33.54000, 28.
33.55000, 21.
33.56000, 22.
33.57000, 18.
33.58000, 20.
33.59000, 14.
33.60000, 25.
33.61000, 9.
33.62000, 14.
33.63000, 27.
33.64000, 28.
33.65000, 16.
33.66000, 14.
33.67000, 26.
33.68000, 17.
33.69000, 19.
33.70000, 21.
33.71000, 14.
33.72000, 19.
33.73000, 15.
33.74000, 15.
33.75000, 19.
33.76000, 16.
33.77000, 18.
33.78000, 24.
33.79000, 20.
33.80000, 17.
33.81000, 18.
33.82000, 17.
33.83000, 18.
33.84000, 12.
33.85000, 9.
33.86000, 21.
33.87000, 20.
33.88000, 22.
33.89000, 14.
33.90000, 18.
33.91000, 15.
33.92000, 14.
33.93000, 24.
33.94000, 23.
33.95000, 24.
33.96000, 17.
33.97000, 21.
33.98000, 29.
33.99000, 19.
34.00000, 15.
34.01000, 13.
34.02000, 19.
34.03000, 20.
34.04000, 19.
34.05000, 19.
34.06000, 13.
34.07000, 19.
34.08000, 25.
34.09000, 16.
34.10000, 19.
34.11000, 11.
34.12000, 23.
34.13000, 16.
34.14000, 18.
34.15000, 18.
34.16000, 27.
34.17000, 18.
34.18000, 24.
34.19000, 16.
34.20000, 17.
34.21000, 29.
34.22000, 23.
34.23000, 21.
34.24000, 16.
34.25000, 20.
34.26000, 12.
34.27000, 13.
34.28000, 17.
34.29000, 15.
34.30000, 26.
34.31000, 23.
34.32000, 10.
34.33000, 16.
34.34000, 26.
34.35000, 16.
34.36000, 16.
34.37000, 22.
34.38000, 24.
34.39000, 17.
34.40000, 15.
34.41000, 21.
34.42000, 16.
34.43000, 14.
34.44000, 19.
34.45000, 11.
34.46000, 19.
34.47000, 13.
34.48000, 11.
34.49000, 13.
34.50000, 20.
34.51000, 11.
34.52000, 20.
34.53000, 19.
34.54000, 19.
34.55000, 15.
34.56000, 21.
34.57000, 25.
34.58000, 17.
34.59000, 16.
34.60000, 21.
34.61000, 19.
34.62000, 19.
34.63000, 14.
34.64000, 19.
34.65000, 15.
34.66000, 13.
34.67000, 12.
34.68000, 18.
34.69000, 18.
34.70000, 13.
34.71000, 15.
34.72000, 21.
34.73000, 14.
34.74000, 21.
34.75000, 20.
34.76000, 15.
34.77000, 14.
34.78000, 18.
34.79000, 15.
34.80000, 12.
34.81000, 11.
34.82000, 19.
34.83000, 24.
34.84000, 7.
34.85000, 24.
34.86000, 20.
34.87000, 20.
34.88000, 17.
34.89000, 12.
34.90000, 22.
34.91000, 15.
34.92000, 14.
34.93000, 8.
34.94000, 15.
34.95000, 9.
34.96000, 12.
34.97000, 15.
34.98000, 18.
34.99000, 20.
35.00000, 17.
35.01000, 20.
35.02000, 20.
35.03000, 18.
35.04000, 8.
35.05000, 21.
35.06000, 15.
35.07000, 19.
35.08000, 20.
35.09000, 15.
35.10000, 15.
35.11000, 19.
35.12000, 18.
35.13000, 14.
35.14000, 17.
35.15000, 21.
35.16000, 12.
35.17000, 9.
35.18000, 18.
35.19000, 15.
35.20000, 20.
35.21000, 17.
35.22000, 19.
35.23000, 14.
35.24000, 20.
35.25000, 10.
35.26000, 9.
35.27000, 20.
35.28000, 8.
35.29000, 8.
35.30000, 16.
35.31000, 17.
35.32000, 19.
35.33000, 12.
35.34000, 17.
35.35000, 20.
35.36000, 17.
35.37000, 9.
35.38000, 19.
35.39000, 7.
35.40000, 18.
35.41000, 8.
35.42000, 9.
35.43000, 11.
35.44000, 14.
35.45000, 11.
35.46000, 15.
35.47000, 14.
35.48000, 9.
35.49000, 22.
35.50000, 13.
35.51000, 18.
35.52000, 9.
35.53000, 15.
35.54000, 14.
35.55000, 15.
35.56000, 15.
35.57000, 16.
35.58000, 20.
35.59000, 16.
35.60000, 18.
35.61000, 13.
35.62000, 16.
35.63000, 9.
35.64000, 14.
35.65000, 9.
35.66000, 12.
35.67000, 12.
35.68000, 13.
35.69000, 19.
35.70000, 11.
35.71000, 13.
35.72000, 15.
35.73000, 9.
35.74000, 20.
35.75000, 17.
35.76000, 15.
35.77000, 11.
35.78000, 14.
35.79000, 15.
35.80000, 15.
35.81000, 11.
35.82000, 16.
35.83000, 19.
35.84000, 12.
35.85000, 12.
35.86000, 15.
35.87000, 13.
35.88000, 11.
35.89000, 14.
35.90000, 10.
35.91000, 10.
35.92000, 19.
35.93000, 18.
35.94000, 12.
35.95000, 14.
35.96000, 20.
35.97000, 10.
35.98000, 10.
35.99000, 4.
36.00000, 17.
36.01000, 16.
36.02000, 11.
36.03000, 9.
36.04000, 9.
36.05000, 11.
36.06000, 16.
36.07000, 12.
36.08000, 14.
36.09000, 13.
36.10000, 15.
36.11000, 15.
36.12000, 11.
36.13000, 9.
36.14000, 15.
36.15000, 14.
36.16000, 21.
36.17000, 16.
36.18000, 14.
36.19000, 16.
36.20000, 18.
36.21000, 15.
36.22000, 12.
36.23000, 13.
36.24000, 22.
36.25000, 14.
36.26000, 10.
36.27000, 16.
36.28000, 7.
36.29000, 10.
36.30000, 12.
36.31000, 15.
36.32000, 13.
36.33000, 10.
36.34000, 9.
36.35000, 10.
36.36000, 8.
36.37000, 16.
36.38000, 14.
36.39000, 14.
36.40000, 10.
36.41000, 15.
36.42000, 17.
36.43000, 12.
36.44000, 10.
36.45000, 13.
36.46000, 7.
36.47000, 16.
36.48000, 9.
36.49000, 14.
36.50000, 12.
36.51000, 15.
36.52000, 9.
36.53000, 14.
36.54000, 14.
36.55000, 13.
36.56000, 13.
36.57000, 12.
36.58000, 8.
36.59000, 12.
36.60000, 10.
36.61000, 7.
36.62000, 14.
36.63000, 6.
36.64000, 7.
36.65000, 8.
36.66000, 16.
36.67000, 18.
36.68000, 12.
36.69000, 14.
36.70000, 9.
36.71000, 12.
36.72000, 20.
36.73000, 9.
36.74000, 10.
36.75000, 12.
36.76000, 13.
36.77000, 11.
36.78000, 8.
36.79000, 9.
36.80000, 12.
36.81000, 9.
36.82000, 12.
36.83000, 9.
36.84000, 16.
36.85000, 19.
36.86000, 12.
36.87000, 7.
36.88000, 12.
36.89000, 11.
36.90000, 13.
36.91000, 12.
36.92000, 13.
36.93000, 7.
36.94000, 12.
36.95000, 12.
36.96000, 18.
36.97000, 12.
36.98000, 10.
36.99000, 9.
37.00000, 14.
37.01000, 8.
37.02000, 15.
37.03000, 9.
37.04000, 12.
37.05000, 15.
37.06000, 8.
37.07000, 15.
37.08000, 5.
37.09000, 15.
37.10000, 11.
37.11000, 12.
37.12000, 8.
37.13000, 11.
37.14000, 14.
37.15000, 6.
37.16000, 12.
37.17000, 10.
37.18000, 15.
37.19000, 13.
37.20000, 7.
37.21000, 21.
37.22000, 11.
37.23000, 9.
37.24000, 10.
37.25000, 8.
37.26000, 9.
37.27000, 7.
37.28000, 14.
37.29000, 13.
37.30000, 6.
37.31000, 12.
37.32000, 11.
37.33000, 13.
37.34000, 11.
37.35000, 9.
37.36000, 8.
37.37000, 8.
37.38000, 5.
37.39000, 11.
37.40000, 9.
37.41000, 8.
37.42000, 7.
37.43000, 11.
37.44000, 5.
37.45000, 11.
37.46000, 10.
37.47000, 13.
37.48000, 11.
37.49000, 10.
37.50000, 10.
37.51000, 8.
37.52000, 11.
37.53000, 12.
37.54000, 8.
37.55000, 12.
37.56000, 11.
37.57000, 14.
37.58000, 7.
37.59000, 11.
37.60000, 9.
37.61000, 13.
37.62000, 7.
37.63000, 8.
37.64000, 6.
37.65000, 11.
37.66000, 7.
37.67000, 3.
37.68000, 10.
37.69000, 13.
37.70000, 11.
37.71000, 9.
37.72000, 9.
37.73000, 11.
37.74000, 8.
37.75000, 6.
37.76000, 10.
37.77000, 10.
37.78000, 7.
37.79000, 5.
37.80000, 9.
37.81000, 13.
37.82000, 10.
37.83000, 11.
37.84000, 11.
37.85000, 8.
37.86000, 7.
37.87000, 6.
37.88000, 8.
37.89000, 4.
37.90000, 11.
37.91000, 11.
37.92000, 8.
37.93000, 6.
37.94000, 7.
37.95000, 9.
37.96000, 7.
37.97000, 7.
37.98000, 10.
37.99000, 9.
38.00000, 8.
38.01000, 9.
38.02000, 7.
38.03000, 8.
38.04000, 7.
38.05000, 11.
38.06000, 7.
38.07000, 7.
38.08000, 12.
38.09000, 8.
38.10000, 6.
38.11000, 6.
38.12000, 6.
38.13000, 6.
38.14000, 8.
38.15000, 10.
38.16000, 6.
38.17000, 11.
38.18000, 7.
38.19000, 13.
38.20000, 8.
38.21000, 10.
38.22000, 7.
38.23000, 13.
38.24000, 8.
38.25000, 9.
38.26000, 7.
38.27000, 9.
38.28000, 11.
38.29000, 9.
38.30000, 6.
38.31000, 8.
38.32000, 2.
38.33000, 4.
38.34000, 15.
38.35000, 12.
38.36000, 10.
38.37000, 8.
38.38000, 7.
38.39000, 9.
38.40000, 13.
38.41000, 10.
38.42000, 7.
38.43000, 8.
38.44000, 8.
38.45000, 9.
38.46000, 6.
38.47000, 10.
38.48000, 4.
38.49000, 6.
38.50000, 9.
38.51000, 6.
38.52000, 7.
38.53000, 10.
38.54000, 7.
38.55000, 5.
38.56000, 8.
38.57000, 9.
38.58000, 8.
38.59000, 9.
38.60000, 3.
38.61000, 6.
38.62000, 6.
38.63000, 11.
38.64000, 5.
38.65000, 7.
38.66000, 6.
38.67000, 7.
38.68000, 8.
38.69000, 7.
38.70000, 9.
38.71000, 13.
38.72000, 10.
38.73000, 5.
38.74000, 9.
38.75000, 7.
38.76000, 11.
38.77000, 6.
38.78000, 9.
38.79000, 11.
38.80000, 4.
38.81000, 13.
38.82000, 9.
38.83000, 9.
38.84000, 6.
38.85000, 1.
38.86000, 11.
38.87000, 4.
38.88000, 1.
38.89000, 11.
38.90000, 6.
38.91000, 6.
38.92000, 11.
38.93000, 5.
38.94000, 7.
38.95000, 4.
38.96000, 7.
38.97000, 8.
38.98000, 7.
38.99000, 4.
39.00000, 8.
39.01000, 5.
39.02000, 6.
39.03000, 3.
39.04000, 1.
39.05000, 5.
39.06000, 4.
39.07000, 5.
39.08000, 5.
39.09000, 7.
39.10000, 8.
39.11000, 7.
39.12000, 13.
39.13000, 10.
39.14000, 7.
39.15000, 5.
39.16000, 9.
39.17000, 3.
39.18000, 4.
39.19000, 9.
39.20000, 8.
39.21000, 6.
39.22000, 5.
39.23000, 4.
39.24000, 5.
39.25000, 8.
39.26000, 8.
39.27000, 8.
39.28000, 6.
39.29000, 2.
39.30000, 6.
39.31000, 4.
39.32000, 3.
39.33000, 7.
39.34000, 6.
39.35000, 3.
39.36000, 4.
39.37000, 9.
39.38000, 5.
39.39000, 7.
39.40000, 7.
39.41000, 5.
39.42000, 6.
39.43000, 6.
39.44000, 4.
39.45000, 8.
39.46000, 6.
39.47000, 7.
39.48000, 4.
39.49000, 3.
39.50000, 8.
39.51000, 5.
39.52000, 7.
39.53000, 9.
39.54000, 5.
39.55000, 6.
39.56000, 6.
39.57000, 7.
39.58000, 4.
39.59000, 5.
39.60000, 6.
39.61000, 10.
39.62000, 5.
39.63000, 8.
39.64000, 10.
39.65000, 4.
39.66000, 6.
39.67000, 5.
39.68000, 6.
39.69000, 6.
39.70000, 7.
39.71000, 4.
39.72000, 8.
39.73000, 2.
39.74000, 9.
39.75000, 4.
39.76000, 2.
39.77000, 9.
39.78000, 8.
39.79000, 5.
39.80000, 5.
39.81000, 7.
39.82000, 6.
39.83000, 4.
39.84000, 7.
39.85000, 6.
39.86000, 5.
39.87000, 3.
39.88000, 3.
39.89000, 4.
39.90000, 7.
39.91000, 5.
39.92000, 9.
39.93000, 4.
39.94000, 2.
39.95000, 3.
39.96000, 3.
39.97000, 5.
39.98000, 5.
39.99000, 4.
40.00000, 4.
40.01000, 6.
40.02000, 3.
40.03000, 2.
40.04000, 3.
40.05000, 7.
40.06000, 6.
40.07000, 2.
40.08000, 0.
40.09000, 7.
40.10000, 5.
40.11000, 6.
40.12000, 3.
40.13000, 2.
40.14000, 7.
40.15000, 5.
40.16000, 3.
40.17000, 3.
40.18000, 5.
40.19000, 5.
40.20000, 4.
40.21000, 5.
40.22000, 6.
40.23000, 1.
40.24000, 8.
40.25000, 6.
40.26000, 2.
40.27000, 2.
40.28000, 3.
40.29000, 3.
40.30000, 2.
40.31000, 5.
40.32000, 6.
40.33000, 4.
40.34000, 6.
40.35000, 4.
40.36000, 3.
40.37000, 7.
40.38000, 7.
40.39000, 7.
40.40000, 6.
40.41000, 7.
40.42000, 2.
40.43000, 5.
40.44000, 5.
40.45000, 3.
40.46000, 5.
40.47000, 2.
40.48000, 4.
40.49000, 4.
40.50000, 1.
40.51000, 2.
40.52000, 8.
40.53000, 5.
40.54000, 1.
40.55000, 0.
#ENDOFDATA   : 
