#FORMAT      : EMSA/MAS Spectral Data File
#VERSION     : 1.0
#TITLE       : Spectrum 26
#DATE        : 21-AUG-2025
#TIME        : 15:30
#OWNER       : XGT7200
#NPOINTS     : 4096.
#NCOLUMNS    : 1.
#XUNITS      : keV
#YUNITS      : counts
#DATATYPE    : XY
#XPERCHAN    : 0.0100000
#OFFSET      : -0.400000
#SIGNALTYPE  : EDS
#CHOFFSET    : 40.0000
#LIVETIME    : 30.000000
#REALTIME    : 39.699407
#BEAMKV      : 50.0000
#PROBECUR    : 673000.
#MAGCAM      : 100.000
#XTILTSTGE   : 0.0
#AZIMANGLE   : 0.0
#ELEVANGLE   : 45.0
#XPOSITION mm: 0.0000
#YPOSITION mm: 0.0000
#ZPOSITION mm: 0.0000
##OXINSTPT   : 4
##OXINSTSTROB: 71.95
#SPECTRUM    : Spectral Data Starts Here
-0.40000, 0.
-0.39000, 0.
-0.38000, 0.
-0.37000, 0.
-0.36000, 0.
-0.35000, 0.
-0.34000, 0.
-0.33000, 0.
-0.32000, 0.
-0.31000, 0.
-0.30000, 0.
-0.29000, 0.
-0.28000, 0.
-0.27000, 0.
-0.26000, 0.
-0.25000, 0.
-0.24000, 0.
-0.23000, 0.
-0.22000, 0.
-0.21000, 0.
-0.20000, 0.
-0.19000, 0.
-0.18000, 0.
-0.17000, 0.
-0.16000, 0.
-0.15000, 0.
-0.14000, 0.
-0.13000, 0.
-0.12000, 0.
-0.11000, 0.
-0.10000, 0.
-0.09000, 0.
-0.08000, 0.
-0.07000, 0.
-0.06000, 0.
-0.05000, 0.
-0.04000, 0.
-0.03000, 0.
-0.02000, 0.
-0.01000, 0.
0.00000, 0.
0.01000, 0.
0.02000, 0.
0.03000, 0.
0.04000, 0.
0.05000, 0.
0.06000, 0.
0.07000, 0.
0.08000, 0.
0.09000, 0.
0.10000, 0.
0.11000, 0.
0.12000, 0.
0.13000, 0.
0.14000, 0.
0.15000, 0.
0.16000, 0.
0.17000, 0.
0.18000, 0.
0.19000, 0.
0.20000, 0.
0.21000, 0.
0.22000, 0.
0.23000, 0.
0.24000, 0.
0.25000, 0.
0.26000, 0.
0.27000, 0.
0.28000, 0.
0.29000, 0.
0.30000, 0.
0.31000, 0.
0.32000, 0.
0.33000, 1.
0.34000, 0.
0.35000, 3.
0.36000, 4.
0.37000, 7.
0.38000, 8.
0.39000, 22.
0.40000, 24.
0.41000, 21.
0.42000, 26.
0.43000, 26.
0.44000, 45.
0.45000, 39.
0.46000, 47.
0.47000, 35.
0.48000, 32.
0.49000, 36.
0.50000, 29.
0.51000, 35.
0.52000, 42.
0.53000, 43.
0.54000, 59.
0.55000, 43.
0.56000, 47.
0.57000, 41.
0.58000, 46.
0.59000, 50.
0.60000, 41.
0.61000, 33.
0.62000, 39.
0.63000, 33.
0.64000, 46.
0.65000, 48.
0.66000, 31.
0.67000, 28.
0.68000, 33.
0.69000, 37.
0.70000, 38.
0.71000, 43.
0.72000, 35.
0.73000, 43.
0.74000, 39.
0.75000, 32.
0.76000, 41.
0.77000, 47.
0.78000, 34.
0.79000, 29.
0.80000, 26.
0.81000, 34.
0.82000, 36.
0.83000, 34.
0.84000, 41.
0.85000, 37.
0.86000, 40.
0.87000, 41.
0.88000, 43.
0.89000, 47.
0.90000, 36.
0.91000, 45.
0.92000, 44.
0.93000, 51.
0.94000, 43.
0.95000, 36.
0.96000, 30.
0.97000, 32.
0.98000, 40.
0.99000, 36.
1.00000, 38.
1.01000, 45.
1.02000, 45.
1.03000, 43.
1.04000, 44.
1.05000, 38.
1.06000, 44.
1.07000, 43.
1.08000, 35.
1.09000, 26.
1.10000, 42.
1.11000, 36.
1.12000, 45.
1.13000, 40.
1.14000, 36.
1.15000, 40.
1.16000, 47.
1.17000, 43.
1.18000, 39.
1.19000, 48.
1.20000, 56.
1.21000, 47.
1.22000, 83.
1.23000, 79.
1.24000, 77.
1.25000, 92.
1.26000, 101.
1.27000, 82.
1.28000, 94.
1.29000, 83.
1.30000, 53.
1.31000, 56.
1.32000, 42.
1.33000, 38.
1.34000, 41.
1.35000, 35.
1.36000, 43.
1.37000, 43.
1.38000, 50.
1.39000, 57.
1.40000, 101.
1.41000, 126.
1.42000, 195.
1.43000, 243.
1.44000, 371.
1.45000, 479.
1.46000, 582.
1.47000, 690.
1.48000, 781.
1.49000, 801.
1.50000, 750.
1.51000, 733.
1.52000, 618.
1.53000, 542.
1.54000, 415.
1.55000, 351.
1.56000, 251.
1.57000, 199.
1.58000, 149.
1.59000, 133.
1.60000, 115.
1.61000, 109.
1.62000, 152.
1.63000, 206.
1.64000, 322.
1.65000, 508.
1.66000, 786.
1.67000, 1253.
1.68000, 1955.
1.69000, 2770.
1.70000, 3582.
1.71000, 4461.
1.72000, 5356.
1.73000, 6118.
1.74000, 6449.
1.75000, 6590.
1.76000, 6052.
1.77000, 5386.
1.78000, 4668.
1.79000, 3876.
1.80000, 2953.
1.81000, 2225.
1.82000, 1567.
1.83000, 1145.
1.84000, 803.
1.85000, 554.
1.86000, 386.
1.87000, 291.
1.88000, 240.
1.89000, 184.
1.90000, 143.
1.91000, 88.
1.92000, 91.
1.93000, 83.
1.94000, 85.
1.95000, 60.
1.96000, 72.
1.97000, 71.
1.98000, 76.
1.99000, 84.
2.00000, 74.
2.01000, 89.
2.02000, 73.
2.03000, 72.
2.04000, 75.
2.05000, 68.
2.06000, 57.
2.07000, 65.
2.08000, 51.
2.09000, 37.
2.10000, 48.
2.11000, 36.
2.12000, 26.
2.13000, 33.
2.14000, 32.
2.15000, 29.
2.16000, 33.
2.17000, 33.
2.18000, 31.
2.19000, 35.
2.20000, 29.
2.21000, 36.
2.22000, 30.
2.23000, 29.
2.24000, 47.
2.25000, 50.
2.26000, 45.
2.27000, 54.
2.28000, 72.
2.29000, 75.
2.30000, 74.
2.31000, 65.
2.32000, 84.
2.33000, 76.
2.34000, 84.
2.35000, 78.
2.36000, 69.
2.37000, 57.
2.38000, 62.
2.39000, 56.
2.40000, 44.
2.41000, 42.
2.42000, 49.
2.43000, 41.
2.44000, 38.
2.45000, 42.
2.46000, 37.
2.47000, 29.
2.48000, 34.
2.49000, 30.
2.50000, 38.
2.51000, 41.
2.52000, 41.
2.53000, 40.
2.54000, 57.
2.55000, 26.
2.56000, 58.
2.57000, 61.
2.58000, 82.
2.59000, 77.
2.60000, 98.
2.61000, 112.
2.62000, 157.
2.63000, 209.
2.64000, 257.
2.65000, 317.
2.66000, 428.
2.67000, 390.
2.68000, 471.
2.69000, 520.
2.70000, 511.
2.71000, 531.
2.72000, 499.
2.73000, 443.
2.74000, 408.
2.75000, 375.
2.76000, 301.
2.77000, 267.
2.78000, 257.
2.79000, 256.
2.80000, 258.
2.81000, 270.
2.82000, 277.
2.83000, 294.
2.84000, 291.
2.85000, 287.
2.86000, 285.
2.87000, 272.
2.88000, 234.
2.89000, 229.
2.90000, 189.
2.91000, 154.
2.92000, 149.
2.93000, 128.
2.94000, 115.
2.95000, 102.
2.96000, 84.
2.97000, 89.
2.98000, 59.
2.99000, 68.
3.00000, 63.
3.01000, 62.
3.02000, 63.
3.03000, 53.
3.04000, 42.
3.05000, 42.
3.06000, 38.
3.07000, 48.
3.08000, 31.
3.09000, 39.
3.10000, 34.
3.11000, 27.
3.12000, 24.
3.13000, 33.
3.14000, 35.
3.15000, 37.
3.16000, 32.
3.17000, 38.
3.18000, 44.
3.19000, 41.
3.20000, 58.
3.21000, 60.
3.22000, 85.
3.23000, 113.
3.24000, 147.
3.25000, 184.
3.26000, 232.
3.27000, 322.
3.28000, 343.
3.29000, 382.
3.30000, 420.
3.31000, 442.
3.32000, 479.
3.33000, 429.
3.34000, 415.
3.35000, 379.
3.36000, 370.
3.37000, 258.
3.38000, 223.
3.39000, 190.
3.40000, 140.
3.41000, 116.
3.42000, 70.
3.43000, 80.
3.44000, 48.
3.45000, 51.
3.46000, 49.
3.47000, 44.
3.48000, 51.
3.49000, 44.
3.50000, 56.
3.51000, 49.
3.52000, 56.
3.53000, 66.
3.54000, 69.
3.55000, 98.
3.56000, 142.
3.57000, 150.
3.58000, 194.
3.59000, 255.
3.60000, 342.
3.61000, 457.
3.62000, 497.
3.63000, 673.
3.64000, 841.
3.65000, 969.
3.66000, 1149.
3.67000, 1314.
3.68000, 1367.
3.69000, 1476.
3.70000, 1413.
3.71000, 1379.
3.72000, 1338.
3.73000, 1132.
3.74000, 955.
3.75000, 791.
3.76000, 663.
3.77000, 524.
3.78000, 364.
3.79000, 285.
3.80000, 190.
3.81000, 147.
3.82000, 84.
3.83000, 61.
3.84000, 55.
3.85000, 47.
3.86000, 39.
3.87000, 48.
3.88000, 38.
3.89000, 49.
3.90000, 53.
3.91000, 63.
3.92000, 68.
3.93000, 88.
3.94000, 81.
3.95000, 125.
3.96000, 144.
3.97000, 145.
3.98000, 176.
3.99000, 180.
4.00000, 252.
4.01000, 246.
4.02000, 215.
4.03000, 244.
4.04000, 188.
4.05000, 212.
4.06000, 172.
4.07000, 137.
4.08000, 118.
4.09000, 93.
4.10000, 75.
4.11000, 70.
4.12000, 60.
4.13000, 55.
4.14000, 43.
4.15000, 32.
4.16000, 39.
4.17000, 30.
4.18000, 33.
4.19000, 32.
4.20000, 22.
4.21000, 24.
4.22000, 33.
4.23000, 34.
4.24000, 26.
4.25000, 28.
4.26000, 25.
4.27000, 32.
4.28000, 35.
4.29000, 30.
4.30000, 31.
4.31000, 36.
4.32000, 31.
4.33000, 38.
4.34000, 34.
4.35000, 47.
4.36000, 53.
4.37000, 57.
4.38000, 76.
4.39000, 100.
4.40000, 136.
4.41000, 159.
4.42000, 209.
4.43000, 268.
4.44000, 306.
4.45000, 405.
4.46000, 488.
4.47000, 537.
4.48000, 664.
4.49000, 668.
4.50000, 741.
4.51000, 683.
4.52000, 709.
4.53000, 684.
4.54000, 684.
4.55000, 610.
4.56000, 489.
4.57000, 449.
4.58000, 401.
4.59000, 284.
4.60000, 260.
4.61000, 219.
4.62000, 170.
4.63000, 182.
4.64000, 142.
4.65000, 163.
4.66000, 114.
4.67000, 120.
4.68000, 109.
4.69000, 105.
4.70000, 109.
4.71000, 82.
4.72000, 80.
4.73000, 85.
4.74000, 72.
4.75000, 67.
4.76000, 66.
4.77000, 79.
4.78000, 60.
4.79000, 85.
4.80000, 81.
4.81000, 76.
4.82000, 84.
4.83000, 89.
4.84000, 88.
4.85000, 105.
4.86000, 119.
4.87000, 139.
4.88000, 149.
4.89000, 122.
4.90000, 164.
4.91000, 176.
4.92000, 165.
4.93000, 164.
4.94000, 173.
4.95000, 161.
4.96000, 167.
4.97000, 144.
4.98000, 129.
4.99000, 112.
5.00000, 109.
5.01000, 97.
5.02000, 93.
5.03000, 86.
5.04000, 64.
5.05000, 58.
5.06000, 60.
5.07000, 58.
5.08000, 62.
5.09000, 47.
5.10000, 35.
5.11000, 52.
5.12000, 41.
5.13000, 51.
5.14000, 51.
5.15000, 57.
5.16000, 45.
5.17000, 55.
5.18000, 49.
5.19000, 47.
5.20000, 43.
5.21000, 58.
5.22000, 43.
5.23000, 60.
5.24000, 55.
5.25000, 58.
5.26000, 57.
5.27000, 57.
5.28000, 69.
5.29000, 67.
5.30000, 57.
5.31000, 78.
5.32000, 73.
5.33000, 72.
5.34000, 94.
5.35000, 105.
5.36000, 108.
5.37000, 104.
5.38000, 116.
5.39000, 121.
5.40000, 135.
5.41000, 139.
5.42000, 141.
5.43000, 134.
5.44000, 132.
5.45000, 119.
5.46000, 110.
5.47000, 119.
5.48000, 100.
5.49000, 102.
5.50000, 78.
5.51000, 88.
5.52000, 86.
5.53000, 89.
5.54000, 81.
5.55000, 83.
5.56000, 64.
5.57000, 74.
5.58000, 54.
5.59000, 53.
5.60000, 68.
5.61000, 59.
5.62000, 60.
5.63000, 55.
5.64000, 76.
5.65000, 48.
5.66000, 56.
5.67000, 60.
5.68000, 54.
5.69000, 36.
5.70000, 56.
5.71000, 42.
5.72000, 54.
5.73000, 58.
5.74000, 68.
5.75000, 58.
5.76000, 77.
5.77000, 55.
5.78000, 92.
5.79000, 102.
5.80000, 101.
5.81000, 160.
5.82000, 159.
5.83000, 192.
5.84000, 223.
5.85000, 259.
5.86000, 255.
5.87000, 295.
5.88000, 277.
5.89000, 310.
5.90000, 325.
5.91000, 315.
5.92000, 296.
5.93000, 313.
5.94000, 238.
5.95000, 246.
5.96000, 206.
5.97000, 184.
5.98000, 180.
5.99000, 146.
6.00000, 144.
6.01000, 102.
6.02000, 105.
6.03000, 89.
6.04000, 100.
6.05000, 81.
6.06000, 90.
6.07000, 89.
6.08000, 84.
6.09000, 76.
6.10000, 94.
6.11000, 101.
6.12000, 86.
6.13000, 97.
6.14000, 106.
6.15000, 123.
6.16000, 125.
6.17000, 128.
6.18000, 166.
6.19000, 176.
6.20000, 249.
6.21000, 301.
6.22000, 384.
6.23000, 561.
6.24000, 748.
6.25000, 989.
6.26000, 1353.
6.27000, 2070.
6.28000, 2662.
6.29000, 3527.
6.30000, 4587.
6.31000, 5800.
6.32000, 7306.
6.33000, 8875.
6.34000, 10651.
6.35000, 12313.
6.36000, 13673.
6.37000, 15189.
6.38000, 15933.
6.39000, 16648.
6.40000, 17089.
6.41000, 16724.
6.42000, 16056.
6.43000, 15104.
6.44000, 13843.
6.45000, 12067.
6.46000, 10514.
6.47000, 8965.
6.48000, 7196.
6.49000, 5749.
6.50000, 4618.
6.51000, 3501.
6.52000, 2514.
6.53000, 1931.
6.54000, 1418.
6.55000, 1060.
6.56000, 623.
6.57000, 486.
6.58000, 312.
6.59000, 277.
6.60000, 175.
6.61000, 164.
6.62000, 110.
6.63000, 131.
6.64000, 119.
6.65000, 106.
6.66000, 111.
6.67000, 97.
6.68000, 99.
6.69000, 103.
6.70000, 106.
6.71000, 110.
6.72000, 121.
6.73000, 117.
6.74000, 101.
6.75000, 115.
6.76000, 124.
6.77000, 110.
6.78000, 119.
6.79000, 98.
6.80000, 126.
6.81000, 133.
6.82000, 141.
6.83000, 140.
6.84000, 179.
6.85000, 170.
6.86000, 173.
6.87000, 197.
6.88000, 223.
6.89000, 268.
6.90000, 346.
6.91000, 390.
6.92000, 503.
6.93000, 555.
6.94000, 720.
6.95000, 858.
6.96000, 1027.
6.97000, 1207.
6.98000, 1479.
6.99000, 1746.
7.00000, 1969.
7.01000, 2178.
7.02000, 2490.
7.03000, 2627.
7.04000, 2641.
7.05000, 2665.
7.06000, 2773.
7.07000, 2532.
7.08000, 2515.
7.09000, 2344.
7.10000, 2089.
7.11000, 1874.
7.12000, 1588.
7.13000, 1404.
7.14000, 1166.
7.15000, 956.
7.16000, 773.
7.17000, 591.
7.18000, 439.
7.19000, 367.
7.20000, 308.
7.21000, 211.
7.22000, 154.
7.23000, 139.
7.24000, 117.
7.25000, 110.
7.26000, 77.
7.27000, 75.
7.28000, 100.
7.29000, 75.
7.30000, 72.
7.31000, 79.
7.32000, 76.
7.33000, 82.
7.34000, 64.
7.35000, 75.
7.36000, 81.
7.37000, 78.
7.38000, 75.
7.39000, 98.
7.40000, 86.
7.41000, 88.
7.42000, 77.
7.43000, 84.
7.44000, 93.
7.45000, 97.
7.46000, 102.
7.47000, 105.
7.48000, 86.
7.49000, 84.
7.50000, 86.
7.51000, 91.
7.52000, 80.
7.53000, 89.
7.54000, 83.
7.55000, 69.
7.56000, 70.
7.57000, 62.
7.58000, 81.
7.59000, 84.
7.60000, 56.
7.61000, 71.
7.62000, 79.
7.63000, 64.
7.64000, 74.
7.65000, 71.
7.66000, 59.
7.67000, 58.
7.68000, 71.
7.69000, 76.
7.70000, 86.
7.71000, 67.
7.72000, 67.
7.73000, 79.
7.74000, 80.
7.75000, 86.
7.76000, 70.
7.77000, 80.
7.78000, 87.
7.79000, 79.
7.80000, 79.
7.81000, 85.
7.82000, 87.
7.83000, 106.
7.84000, 81.
7.85000, 98.
7.86000, 103.
7.87000, 91.
7.88000, 94.
7.89000, 104.
7.90000, 125.
7.91000, 100.
7.92000, 107.
7.93000, 127.
7.94000, 106.
7.95000, 126.
7.96000, 150.
7.97000, 129.
7.98000, 126.
7.99000, 127.
8.00000, 150.
8.01000, 139.
8.02000, 136.
8.03000, 152.
8.04000, 141.
8.05000, 173.
8.06000, 147.
8.07000, 140.
8.08000, 171.
8.09000, 150.
8.10000, 159.
8.11000, 147.
8.12000, 162.
8.13000, 164.
8.14000, 156.
8.15000, 160.
8.16000, 141.
8.17000, 147.
8.18000, 126.
8.19000, 131.
8.20000, 123.
8.21000, 116.
8.22000, 103.
8.23000, 139.
8.24000, 131.
8.25000, 96.
8.26000, 98.
8.27000, 100.
8.28000, 109.
8.29000, 106.
8.30000, 108.
8.31000, 93.
8.32000, 81.
8.33000, 105.
8.34000, 112.
8.35000, 83.
8.36000, 99.
8.37000, 88.
8.38000, 82.
8.39000, 89.
8.40000, 103.
8.41000, 94.
8.42000, 118.
8.43000, 113.
8.44000, 81.
8.45000, 101.
8.46000, 88.
8.47000, 107.
8.48000, 116.
8.49000, 129.
8.50000, 141.
8.51000, 143.
8.52000, 169.
8.53000, 151.
8.54000, 210.
8.55000, 205.
8.56000, 184.
8.57000, 197.
8.58000, 223.
8.59000, 268.
8.60000, 276.
8.61000, 295.
8.62000, 268.
8.63000, 253.
8.64000, 292.
8.65000, 292.
8.66000, 264.
8.67000, 240.
8.68000, 236.
8.69000, 218.
8.70000, 226.
8.71000, 200.
8.72000, 191.
8.73000, 169.
8.74000, 148.
8.75000, 150.
8.76000, 134.
8.77000, 122.
8.78000, 120.
8.79000, 115.
8.80000, 132.
8.81000, 110.
8.82000, 107.
8.83000, 97.
8.84000, 120.
8.85000, 105.
8.86000, 106.
8.87000, 109.
8.88000, 92.
8.89000, 115.
8.90000, 117.
8.91000, 118.
8.92000, 113.
8.93000, 80.
8.94000, 97.
8.95000, 101.
8.96000, 101.
8.97000, 102.
8.98000, 114.
8.99000, 105.
9.00000, 112.
9.01000, 105.
9.02000, 129.
9.03000, 106.
9.04000, 123.
9.05000, 120.
9.06000, 109.
9.07000, 120.
9.08000, 133.
9.09000, 111.
9.10000, 113.
9.11000, 101.
9.12000, 112.
9.13000, 121.
9.14000, 132.
9.15000, 96.
9.16000, 124.
9.17000, 140.
9.18000, 113.
9.19000, 136.
9.20000, 130.
9.21000, 122.
9.22000, 150.
9.23000, 137.
9.24000, 140.
9.25000, 120.
9.26000, 133.
9.27000, 109.
9.28000, 113.
9.29000, 116.
9.30000, 121.
9.31000, 114.
9.32000, 109.
9.33000, 139.
9.34000, 108.
9.35000, 104.
9.36000, 96.
9.37000, 122.
9.38000, 109.
9.39000, 106.
9.40000, 113.
9.41000, 111.
9.42000, 128.
9.43000, 107.
9.44000, 122.
9.45000, 125.
9.46000, 133.
9.47000, 116.
9.48000, 121.
9.49000, 132.
9.50000, 131.
9.51000, 119.
9.52000, 132.
9.53000, 145.
9.54000, 124.
9.55000, 125.
9.56000, 145.
9.57000, 134.
9.58000, 149.
9.59000, 153.
9.60000, 145.
9.61000, 147.
9.62000, 145.
9.63000, 131.
9.64000, 135.
9.65000, 142.
9.66000, 130.
9.67000, 157.
9.68000, 147.
9.69000, 127.
9.70000, 127.
9.71000, 125.
9.72000, 128.
9.73000, 123.
9.74000, 128.
9.75000, 100.
9.76000, 132.
9.77000, 97.
9.78000, 108.
9.79000, 108.
9.80000, 123.
9.81000, 118.
9.82000, 104.
9.83000, 133.
9.84000, 98.
9.85000, 127.
9.86000, 125.
9.87000, 112.
9.88000, 130.
9.89000, 102.
9.90000, 127.
9.91000, 130.
9.92000, 124.
9.93000, 135.
9.94000, 118.
9.95000, 116.
9.96000, 121.
9.97000, 137.
9.98000, 117.
9.99000, 129.
10.00000, 111.
10.01000, 122.
10.02000, 121.
10.03000, 129.
10.04000, 135.
10.05000, 133.
10.06000, 120.
10.07000, 120.
10.08000, 121.
10.09000, 107.
10.10000, 127.
10.11000, 130.
10.12000, 114.
10.13000, 119.
10.14000, 137.
10.15000, 121.
10.16000, 110.
10.17000, 122.
10.18000, 117.
10.19000, 127.
10.20000, 112.
10.21000, 132.
10.22000, 111.
10.23000, 131.
10.24000, 139.
10.25000, 112.
10.26000, 110.
10.27000, 113.
10.28000, 121.
10.29000, 117.
10.30000, 136.
10.31000, 145.
10.32000, 132.
10.33000, 140.
10.34000, 106.
10.35000, 125.
10.36000, 149.
10.37000, 133.
10.38000, 134.
10.39000, 165.
10.40000, 154.
10.41000, 154.
10.42000, 171.
10.43000, 174.
10.44000, 193.
10.45000, 186.
10.46000, 187.
10.47000, 225.
10.48000, 211.
10.49000, 219.
10.50000, 216.
10.51000, 230.
10.52000, 264.
10.53000, 282.
10.54000, 237.
10.55000, 265.
10.56000, 238.
10.57000, 255.
10.58000, 235.
10.59000, 250.
10.60000, 193.
10.61000, 216.
10.62000, 197.
10.63000, 199.
10.64000, 189.
10.65000, 156.
10.66000, 174.
10.67000, 149.
10.68000, 147.
10.69000, 143.
10.70000, 163.
10.71000, 138.
10.72000, 149.
10.73000, 133.
10.74000, 136.
10.75000, 124.
10.76000, 108.
10.77000, 118.
10.78000, 141.
10.79000, 126.
10.80000, 112.
10.81000, 111.
10.82000, 130.
10.83000, 119.
10.84000, 122.
10.85000, 133.
10.86000, 147.
10.87000, 115.
10.88000, 130.
10.89000, 129.
10.90000, 128.
10.91000, 128.
10.92000, 130.
10.93000, 138.
10.94000, 123.
10.95000, 149.
10.96000, 150.
10.97000, 130.
10.98000, 136.
10.99000, 121.
11.00000, 128.
11.01000, 114.
11.02000, 143.
11.03000, 136.
11.04000, 137.
11.05000, 111.
11.06000, 134.
11.07000, 114.
11.08000, 141.
11.09000, 137.
11.10000, 121.
11.11000, 135.
11.12000, 116.
11.13000, 147.
11.14000, 124.
11.15000, 126.
11.16000, 136.
11.17000, 108.
11.18000, 127.
11.19000, 140.
11.20000, 138.
11.21000, 134.
11.22000, 129.
11.23000, 127.
11.24000, 137.
11.25000, 123.
11.26000, 120.
11.27000, 117.
11.28000, 145.
11.29000, 153.
11.30000, 137.
11.31000, 117.
11.32000, 137.
11.33000, 119.
11.34000, 128.
11.35000, 130.
11.36000, 112.
11.37000, 127.
11.38000, 139.
11.39000, 117.
11.40000, 163.
11.41000, 129.
11.42000, 152.
11.43000, 133.
11.44000, 127.
11.45000, 143.
11.46000, 135.
11.47000, 147.
11.48000, 123.
11.49000, 145.
11.50000, 153.
11.51000, 131.
11.52000, 146.
11.53000, 116.
11.54000, 159.
11.55000, 127.
11.56000, 106.
11.57000, 110.
11.58000, 114.
11.59000, 144.
11.60000, 119.
11.61000, 131.
11.62000, 127.
11.63000, 126.
11.64000, 127.
11.65000, 124.
11.66000, 128.
11.67000, 140.
11.68000, 118.
11.69000, 125.
11.70000, 108.
11.71000, 133.
11.72000, 130.
11.73000, 126.
11.74000, 142.
11.75000, 138.
11.76000, 125.
11.77000, 137.
11.78000, 145.
11.79000, 130.
11.80000, 125.
11.81000, 130.
11.82000, 131.
11.83000, 141.
11.84000, 135.
11.85000, 147.
11.86000, 118.
11.87000, 162.
11.88000, 135.
11.89000, 147.
11.90000, 115.
11.91000, 149.
11.92000, 151.
11.93000, 145.
11.94000, 147.
11.95000, 118.
11.96000, 128.
11.97000, 136.
11.98000, 152.
11.99000, 141.
12.00000, 139.
12.01000, 123.
12.02000, 126.
12.03000, 134.
12.04000, 114.
12.05000, 128.
12.06000, 119.
12.07000, 155.
12.08000, 145.
12.09000, 114.
12.10000, 148.
12.11000, 137.
12.12000, 150.
12.13000, 138.
12.14000, 133.
12.15000, 136.
12.16000, 142.
12.17000, 149.
12.18000, 144.
12.19000, 119.
12.20000, 154.
12.21000, 145.
12.22000, 142.
12.23000, 149.
12.24000, 159.
12.25000, 144.
12.26000, 169.
12.27000, 126.
12.28000, 147.
12.29000, 144.
12.30000, 144.
12.31000, 158.
12.32000, 152.
12.33000, 141.
12.34000, 141.
12.35000, 138.
12.36000, 123.
12.37000, 143.
12.38000, 154.
12.39000, 139.
12.40000, 139.
12.41000, 130.
12.42000, 151.
12.43000, 152.
12.44000, 146.
12.45000, 164.
12.46000, 169.
12.47000, 190.
12.48000, 162.
12.49000, 182.
12.50000, 195.
12.51000, 181.
12.52000, 219.
12.53000, 223.
12.54000, 254.
12.55000, 234.
12.56000, 272.
12.57000, 254.
12.58000, 230.
12.59000, 235.
12.60000, 247.
12.61000, 271.
12.62000, 276.
12.63000, 263.
12.64000, 246.
12.65000, 276.
12.66000, 284.
12.67000, 240.
12.68000, 237.
12.69000, 226.
12.70000, 251.
12.71000, 200.
12.72000, 211.
12.73000, 216.
12.74000, 244.
12.75000, 205.
12.76000, 203.
12.77000, 204.
12.78000, 221.
12.79000, 191.
12.80000, 181.
12.81000, 212.
12.82000, 183.
12.83000, 192.
12.84000, 170.
12.85000, 174.
12.86000, 197.
12.87000, 155.
12.88000, 176.
12.89000, 156.
12.90000, 146.
12.91000, 169.
12.92000, 176.
12.93000, 155.
12.94000, 170.
12.95000, 166.
12.96000, 145.
12.97000, 154.
12.98000, 148.
12.99000, 150.
13.00000, 146.
13.01000, 182.
13.02000, 142.
13.03000, 130.
13.04000, 151.
13.05000, 168.
13.06000, 142.
13.07000, 168.
13.08000, 131.
13.09000, 162.
13.10000, 144.
13.11000, 157.
13.12000, 159.
13.13000, 145.
13.14000, 119.
13.15000, 163.
13.16000, 142.
13.17000, 153.
13.18000, 154.
13.19000, 154.
13.20000, 149.
13.21000, 146.
13.22000, 155.
13.23000, 164.
13.24000, 177.
13.25000, 165.
13.26000, 150.
13.27000, 177.
13.28000, 185.
13.29000, 200.
13.30000, 188.
13.31000, 187.
13.32000, 164.
13.33000, 214.
13.34000, 210.
13.35000, 172.
13.36000, 184.
13.37000, 179.
13.38000, 211.
13.39000, 185.
13.40000, 228.
13.41000, 184.
13.42000, 199.
13.43000, 188.
13.44000, 187.
13.45000, 208.
13.46000, 179.
13.47000, 154.
13.48000, 153.
13.49000, 191.
13.50000, 162.
13.51000, 148.
13.52000, 165.
13.53000, 162.
13.54000, 165.
13.55000, 158.
13.56000, 158.
13.57000, 164.
13.58000, 144.
13.59000, 159.
13.60000, 161.
13.61000, 152.
13.62000, 161.
13.63000, 136.
13.64000, 138.
13.65000, 161.
13.66000, 138.
13.67000, 113.
13.68000, 137.
13.69000, 130.
13.70000, 121.
13.71000, 135.
13.72000, 129.
13.73000, 108.
13.74000, 142.
13.75000, 148.
13.76000, 137.
13.77000, 139.
13.78000, 145.
13.79000, 137.
13.80000, 161.
13.81000, 126.
13.82000, 128.
13.83000, 157.
13.84000, 132.
13.85000, 163.
13.86000, 138.
13.87000, 136.
13.88000, 133.
13.89000, 184.
13.90000, 154.
13.91000, 134.
13.92000, 150.
13.93000, 144.
13.94000, 173.
13.95000, 162.
13.96000, 143.
13.97000, 157.
13.98000, 161.
13.99000, 171.
14.00000, 170.
14.01000, 195.
14.02000, 205.
14.03000, 186.
14.04000, 172.
14.05000, 213.
14.06000, 208.
14.07000, 205.
14.08000, 198.
14.09000, 198.
14.10000, 216.
14.11000, 191.
14.12000, 235.
14.13000, 232.
14.14000, 202.
14.15000, 225.
14.16000, 202.
14.17000, 182.
14.18000, 232.
14.19000, 225.
14.20000, 202.
14.21000, 200.
14.22000, 171.
14.23000, 222.
14.24000, 187.
14.25000, 176.
14.26000, 161.
14.27000, 166.
14.28000, 156.
14.29000, 166.
14.30000, 154.
14.31000, 158.
14.32000, 135.
14.33000, 161.
14.34000, 172.
14.35000, 143.
14.36000, 144.
14.37000, 125.
14.38000, 154.
14.39000, 123.
14.40000, 132.
14.41000, 129.
14.42000, 132.
14.43000, 165.
14.44000, 134.
14.45000, 129.
14.46000, 138.
14.47000, 125.
14.48000, 143.
14.49000, 115.
14.50000, 145.
14.51000, 134.
14.52000, 125.
14.53000, 130.
14.54000, 128.
14.55000, 154.
14.56000, 164.
14.57000, 148.
14.58000, 155.
14.59000, 148.
14.60000, 136.
14.61000, 155.
14.62000, 144.
14.63000, 161.
14.64000, 140.
14.65000, 146.
14.66000, 164.
14.67000, 136.
14.68000, 147.
14.69000, 168.
14.70000, 182.
14.71000, 163.
14.72000, 178.
14.73000, 174.
14.74000, 154.
14.75000, 163.
14.76000, 153.
14.77000, 172.
14.78000, 147.
14.79000, 167.
14.80000, 191.
14.81000, 163.
14.82000, 170.
14.83000, 183.
14.84000, 168.
14.85000, 191.
14.86000, 160.
14.87000, 171.
14.88000, 193.
14.89000, 184.
14.90000, 174.
14.91000, 176.
14.92000, 185.
14.93000, 176.
14.94000, 169.
14.95000, 175.
14.96000, 178.
14.97000, 167.
14.98000, 155.
14.99000, 191.
15.00000, 163.
15.01000, 159.
15.02000, 150.
15.03000, 144.
15.04000, 184.
15.05000, 132.
15.06000, 173.
15.07000, 140.
15.08000, 166.
15.09000, 165.
15.10000, 147.
15.11000, 131.
15.12000, 150.
15.13000, 154.
15.14000, 139.
15.15000, 149.
15.16000, 159.
15.17000, 153.
15.18000, 144.
15.19000, 138.
15.20000, 142.
15.21000, 164.
15.22000, 145.
15.23000, 146.
15.24000, 128.
15.25000, 131.
15.26000, 149.
15.27000, 141.
15.28000, 148.
15.29000, 134.
15.30000, 107.
15.31000, 138.
15.32000, 151.
15.33000, 157.
15.34000, 137.
15.35000, 127.
15.36000, 135.
15.37000, 118.
15.38000, 136.
15.39000, 140.
15.40000, 137.
15.41000, 164.
15.42000, 162.
15.43000, 140.
15.44000, 146.
15.45000, 139.
15.46000, 141.
15.47000, 151.
15.48000, 164.
15.49000, 139.
15.50000, 152.
15.51000, 176.
15.52000, 157.
15.53000, 182.
15.54000, 183.
15.55000, 196.
15.56000, 200.
15.57000, 206.
15.58000, 229.
15.59000, 230.
15.60000, 258.
15.61000, 260.
15.62000, 293.
15.63000, 276.
15.64000, 286.
15.65000, 319.
15.66000, 336.
15.67000, 352.
15.68000, 345.
15.69000, 404.
15.70000, 363.
15.71000, 416.
15.72000, 431.
15.73000, 432.
15.74000, 405.
15.75000, 405.
15.76000, 379.
15.77000, 378.
15.78000, 372.
15.79000, 344.
15.80000, 329.
15.81000, 316.
15.82000, 309.
15.83000, 301.
15.84000, 256.
15.85000, 286.
15.86000, 234.
15.87000, 212.
15.88000, 223.
15.89000, 210.
15.90000, 215.
15.91000, 212.
15.92000, 198.
15.93000, 179.
15.94000, 153.
15.95000, 171.
15.96000, 156.
15.97000, 144.
15.98000, 156.
15.99000, 143.
16.00000, 135.
16.01000, 132.
16.02000, 147.
16.03000, 132.
16.04000, 146.
16.05000, 158.
16.06000, 158.
16.07000, 131.
16.08000, 140.
16.09000, 164.
16.10000, 161.
16.11000, 136.
16.12000, 139.
16.13000, 128.
16.14000, 162.
16.15000, 125.
16.16000, 124.
16.17000, 129.
16.18000, 146.
16.19000, 148.
16.20000, 148.
16.21000, 129.
16.22000, 122.
16.23000, 129.
16.24000, 130.
16.25000, 143.
16.26000, 151.
16.27000, 128.
16.28000, 149.
16.29000, 142.
16.30000, 137.
16.31000, 146.
16.32000, 134.
16.33000, 144.
16.34000, 130.
16.35000, 154.
16.36000, 130.
16.37000, 148.
16.38000, 125.
16.39000, 147.
16.40000, 129.
16.41000, 117.
16.42000, 142.
16.43000, 146.
16.44000, 140.
16.45000, 122.
16.46000, 162.
16.47000, 144.
16.48000, 145.
16.49000, 150.
16.50000, 145.
16.51000, 145.
16.52000, 134.
16.53000, 148.
16.54000, 175.
16.55000, 145.
16.56000, 154.
16.57000, 139.
16.58000, 135.
16.59000, 157.
16.60000, 149.
16.61000, 153.
16.62000, 147.
16.63000, 145.
16.64000, 168.
16.65000, 150.
16.66000, 148.
16.67000, 154.
16.68000, 141.
16.69000, 145.
16.70000, 130.
16.71000, 160.
16.72000, 160.
16.73000, 134.
16.74000, 167.
16.75000, 155.
16.76000, 128.
16.77000, 149.
16.78000, 157.
16.79000, 144.
16.80000, 158.
16.81000, 144.
16.82000, 162.
16.83000, 123.
16.84000, 147.
16.85000, 143.
16.86000, 143.
16.87000, 140.
16.88000, 132.
16.89000, 147.
16.90000, 126.
16.91000, 121.
16.92000, 145.
16.93000, 160.
16.94000, 128.
16.95000, 155.
16.96000, 143.
16.97000, 112.
16.98000, 139.
16.99000, 141.
17.00000, 146.
17.01000, 134.
17.02000, 133.
17.03000, 146.
17.04000, 159.
17.05000, 146.
17.06000, 157.
17.07000, 146.
17.08000, 153.
17.09000, 156.
17.10000, 134.
17.11000, 157.
17.12000, 121.
17.13000, 155.
17.14000, 148.
17.15000, 141.
17.16000, 138.
17.17000, 139.
17.18000, 148.
17.19000, 150.
17.20000, 130.
17.21000, 141.
17.22000, 158.
17.23000, 146.
17.24000, 160.
17.25000, 148.
17.26000, 164.
17.27000, 128.
17.28000, 132.
17.29000, 145.
17.30000, 172.
17.31000, 154.
17.32000, 140.
17.33000, 158.
17.34000, 144.
17.35000, 157.
17.36000, 133.
17.37000, 166.
17.38000, 150.
17.39000, 164.
17.40000, 168.
17.41000, 156.
17.42000, 142.
17.43000, 156.
17.44000, 176.
17.45000, 167.
17.46000, 181.
17.47000, 162.
17.48000, 185.
17.49000, 171.
17.50000, 169.
17.51000, 167.
17.52000, 176.
17.53000, 158.
17.54000, 181.
17.55000, 186.
17.56000, 180.
17.57000, 193.
17.58000, 207.
17.59000, 197.
17.60000, 190.
17.61000, 246.
17.62000, 211.
17.63000, 200.
17.64000, 209.
17.65000, 205.
17.66000, 202.
17.67000, 197.
17.68000, 199.
17.69000, 203.
17.70000, 215.
17.71000, 226.
17.72000, 205.
17.73000, 184.
17.74000, 184.
17.75000, 202.
17.76000, 199.
17.77000, 198.
17.78000, 189.
17.79000, 188.
17.80000, 193.
17.81000, 179.
17.82000, 210.
17.83000, 176.
17.84000, 223.
17.85000, 165.
17.86000, 211.
17.87000, 182.
17.88000, 216.
17.89000, 172.
17.90000, 215.
17.91000, 228.
17.92000, 200.
17.93000, 198.
17.94000, 198.
17.95000, 202.
17.96000, 221.
17.97000, 192.
17.98000, 184.
17.99000, 213.
18.00000, 216.
18.01000, 221.
18.02000, 212.
18.03000, 230.
18.04000, 219.
18.05000, 212.
18.06000, 215.
18.07000, 223.
18.08000, 236.
18.09000, 203.
18.10000, 255.
18.11000, 224.
18.12000, 234.
18.13000, 235.
18.14000, 237.
18.15000, 260.
18.16000, 247.
18.17000, 269.
18.18000, 265.
18.19000, 248.
18.20000, 247.
18.21000, 251.
18.22000, 300.
18.23000, 273.
18.24000, 294.
18.25000, 286.
18.26000, 271.
18.27000, 299.
18.28000, 312.
18.29000, 308.
18.30000, 348.
18.31000, 317.
18.32000, 317.
18.33000, 391.
18.34000, 385.
18.35000, 325.
18.36000, 367.
18.37000, 382.
18.38000, 390.
18.39000, 418.
18.40000, 429.
18.41000, 417.
18.42000, 452.
18.43000, 448.
18.44000, 394.
18.45000, 444.
18.46000, 483.
18.47000, 502.
18.48000, 542.
18.49000, 558.
18.50000, 577.
18.51000, 620.
18.52000, 549.
18.53000, 594.
18.54000, 627.
18.55000, 591.
18.56000, 634.
18.57000, 654.
18.58000, 635.
18.59000, 636.
18.60000, 706.
18.61000, 688.
18.62000, 724.
18.63000, 722.
18.64000, 734.
18.65000, 760.
18.66000, 780.
18.67000, 795.
18.68000, 792.
18.69000, 789.
18.70000, 775.
18.71000, 772.
18.72000, 838.
18.73000, 882.
18.74000, 817.
18.75000, 869.
18.76000, 849.
18.77000, 841.
18.78000, 826.
18.79000, 808.
18.80000, 836.
18.81000, 850.
18.82000, 875.
18.83000, 888.
18.84000, 844.
18.85000, 853.
18.86000, 811.
18.87000, 791.
18.88000, 860.
18.89000, 754.
18.90000, 748.
18.91000, 833.
18.92000, 753.
18.93000, 754.
18.94000, 731.
18.95000, 723.
18.96000, 729.
18.97000, 712.
18.98000, 693.
18.99000, 701.
19.00000, 642.
19.01000, 602.
19.02000, 642.
19.03000, 641.
19.04000, 557.
19.05000, 598.
19.06000, 570.
19.07000, 590.
19.08000, 533.
19.09000, 555.
19.10000, 533.
19.11000, 546.
19.12000, 465.
19.13000, 485.
19.14000, 493.
19.15000, 472.
19.16000, 411.
19.17000, 441.
19.18000, 410.
19.19000, 392.
19.20000, 376.
19.21000, 379.
19.22000, 345.
19.23000, 350.
19.24000, 330.
19.25000, 377.
19.26000, 385.
19.27000, 334.
19.28000, 343.
19.29000, 303.
19.30000, 288.
19.31000, 339.
19.32000, 316.
19.33000, 302.
19.34000, 284.
19.35000, 292.
19.36000, 294.
19.37000, 258.
19.38000, 261.
19.39000, 286.
19.40000, 259.
19.41000, 240.
19.42000, 244.
19.43000, 260.
19.44000, 245.
19.45000, 213.
19.46000, 227.
19.47000, 218.
19.48000, 216.
19.49000, 231.
19.50000, 207.
19.51000, 207.
19.52000, 205.
19.53000, 180.
19.54000, 198.
19.55000, 227.
19.56000, 181.
19.57000, 181.
19.58000, 177.
19.59000, 185.
19.60000, 176.
19.61000, 164.
19.62000, 171.
19.63000, 170.
19.64000, 162.
19.65000, 162.
19.66000, 156.
19.67000, 203.
19.68000, 161.
19.69000, 166.
19.70000, 173.
19.71000, 159.
19.72000, 151.
19.73000, 169.
19.74000, 163.
19.75000, 174.
19.76000, 161.
19.77000, 183.
19.78000, 165.
19.79000, 156.
19.80000, 162.
19.81000, 171.
19.82000, 171.
19.83000, 183.
19.84000, 172.
19.85000, 174.
19.86000, 178.
19.87000, 172.
19.88000, 202.
19.89000, 217.
19.90000, 210.
19.91000, 246.
19.92000, 277.
19.93000, 249.
19.94000, 259.
19.95000, 269.
19.96000, 283.
19.97000, 320.
19.98000, 325.
19.99000, 317.
20.00000, 325.
20.01000, 351.
20.02000, 385.
20.03000, 382.
20.04000, 402.
20.05000, 417.
20.06000, 422.
20.07000, 478.
20.08000, 507.
20.09000, 505.
20.10000, 487.
20.11000, 522.
20.12000, 503.
20.13000, 499.
20.14000, 518.
20.15000, 543.
20.16000, 539.
20.17000, 546.
20.18000, 533.
20.19000, 506.
20.20000, 508.
20.21000, 494.
20.22000, 442.
20.23000, 428.
20.24000, 419.
20.25000, 419.
20.26000, 396.
20.27000, 328.
20.28000, 323.
20.29000, 332.
20.30000, 323.
20.31000, 303.
20.32000, 277.
20.33000, 252.
20.34000, 247.
20.35000, 219.
20.36000, 219.
20.37000, 206.
20.38000, 197.
20.39000, 203.
20.40000, 183.
20.41000, 158.
20.42000, 165.
20.43000, 142.
20.44000, 168.
20.45000, 128.
20.46000, 129.
20.47000, 165.
20.48000, 174.
20.49000, 144.
20.50000, 147.
20.51000, 133.
20.52000, 124.
20.53000, 156.
20.54000, 142.
20.55000, 165.
20.56000, 150.
20.57000, 157.
20.58000, 163.
20.59000, 170.
20.60000, 160.
20.61000, 185.
20.62000, 169.
20.63000, 176.
20.64000, 167.
20.65000, 184.
20.66000, 157.
20.67000, 169.
20.68000, 198.
20.69000, 181.
20.70000, 181.
20.71000, 187.
20.72000, 188.
20.73000, 184.
20.74000, 184.
20.75000, 202.
20.76000, 215.
20.77000, 199.
20.78000, 204.
20.79000, 204.
20.80000, 212.
20.81000, 190.
20.82000, 197.
20.83000, 230.
20.84000, 206.
20.85000, 214.
20.86000, 211.
20.87000, 228.
20.88000, 235.
20.89000, 237.
20.90000, 236.
20.91000, 207.
20.92000, 224.
20.93000, 239.
20.94000, 237.
20.95000, 225.
20.96000, 263.
20.97000, 261.
20.98000, 224.
20.99000, 234.
21.00000, 212.
21.01000, 251.
21.02000, 240.
21.03000, 224.
21.04000, 242.
21.05000, 218.
21.06000, 223.
21.07000, 222.
21.08000, 243.
21.09000, 242.
21.10000, 204.
21.11000, 228.
21.12000, 225.
21.13000, 197.
21.14000, 237.
21.15000, 206.
21.16000, 206.
21.17000, 209.
21.18000, 210.
21.19000, 213.
21.20000, 225.
21.21000, 191.
21.22000, 185.
21.23000, 178.
21.24000, 192.
21.25000, 223.
21.26000, 198.
21.27000, 175.
21.28000, 186.
21.29000, 201.
21.30000, 195.
21.31000, 175.
21.32000, 181.
21.33000, 161.
21.34000, 184.
21.35000, 166.
21.36000, 164.
21.37000, 165.
21.38000, 141.
21.39000, 149.
21.40000, 177.
21.41000, 152.
21.42000, 148.
21.43000, 166.
21.44000, 149.
21.45000, 170.
21.46000, 130.
21.47000, 148.
21.48000, 148.
21.49000, 164.
21.50000, 132.
21.51000, 137.
21.52000, 117.
21.53000, 144.
21.54000, 145.
21.55000, 123.
21.56000, 132.
21.57000, 122.
21.58000, 139.
21.59000, 110.
21.60000, 110.
21.61000, 127.
21.62000, 124.
21.63000, 128.
21.64000, 134.
21.65000, 107.
21.66000, 123.
21.67000, 106.
21.68000, 118.
21.69000, 121.
21.70000, 113.
21.71000, 102.
21.72000, 130.
21.73000, 97.
21.74000, 112.
21.75000, 100.
21.76000, 110.
21.77000, 124.
21.78000, 101.
21.79000, 88.
21.80000, 101.
21.81000, 87.
21.82000, 105.
21.83000, 109.
21.84000, 113.
21.85000, 97.
21.86000, 88.
21.87000, 96.
21.88000, 124.
21.89000, 83.
21.90000, 96.
21.91000, 77.
21.92000, 81.
21.93000, 82.
21.94000, 108.
21.95000, 102.
21.96000, 103.
21.97000, 100.
21.98000, 84.
21.99000, 90.
22.00000, 96.
22.01000, 100.
22.02000, 104.
22.03000, 104.
22.04000, 69.
22.05000, 79.
22.06000, 99.
22.07000, 106.
22.08000, 94.
22.09000, 72.
22.10000, 82.
22.11000, 87.
22.12000, 64.
22.13000, 98.
22.14000, 76.
22.15000, 77.
22.16000, 87.
22.17000, 88.
22.18000, 72.
22.19000, 94.
22.20000, 99.
22.21000, 79.
22.22000, 84.
22.23000, 87.
22.24000, 105.
22.25000, 79.
22.26000, 63.
22.27000, 80.
22.28000, 93.
22.29000, 71.
22.30000, 84.
22.31000, 88.
22.32000, 76.
22.33000, 75.
22.34000, 74.
22.35000, 68.
22.36000, 79.
22.37000, 72.
22.38000, 81.
22.39000, 88.
22.40000, 88.
22.41000, 66.
22.42000, 84.
22.43000, 62.
22.44000, 91.
22.45000, 82.
22.46000, 91.
22.47000, 98.
22.48000, 76.
22.49000, 86.
22.50000, 78.
22.51000, 84.
22.52000, 109.
22.53000, 92.
22.54000, 101.
22.55000, 107.
22.56000, 111.
22.57000, 118.
22.58000, 110.
22.59000, 119.
22.60000, 127.
22.61000, 118.
22.62000, 121.
22.63000, 133.
22.64000, 134.
22.65000, 115.
22.66000, 154.
22.67000, 141.
22.68000, 143.
22.69000, 134.
22.70000, 140.
22.71000, 147.
22.72000, 124.
22.73000, 128.
22.74000, 139.
22.75000, 127.
22.76000, 119.
22.77000, 119.
22.78000, 109.
22.79000, 121.
22.80000, 111.
22.81000, 106.
22.82000, 87.
22.83000, 80.
22.84000, 96.
22.85000, 91.
22.86000, 85.
22.87000, 91.
22.88000, 74.
22.89000, 96.
22.90000, 91.
22.91000, 74.
22.92000, 89.
22.93000, 82.
22.94000, 73.
22.95000, 92.
22.96000, 66.
22.97000, 80.
22.98000, 87.
22.99000, 72.
23.00000, 64.
23.01000, 72.
23.02000, 77.
23.03000, 88.
23.04000, 89.
23.05000, 76.
23.06000, 82.
23.07000, 81.
23.08000, 62.
23.09000, 71.
23.10000, 75.
23.11000, 76.
23.12000, 73.
23.13000, 77.
23.14000, 77.
23.15000, 80.
23.16000, 83.
23.17000, 100.
23.18000, 74.
23.19000, 62.
23.20000, 72.
23.21000, 78.
23.22000, 76.
23.23000, 84.
23.24000, 83.
23.25000, 68.
23.26000, 81.
23.27000, 64.
23.28000, 69.
23.29000, 72.
23.30000, 80.
23.31000, 70.
23.32000, 65.
23.33000, 67.
23.34000, 51.
23.35000, 68.
23.36000, 64.
23.37000, 71.
23.38000, 59.
23.39000, 82.
23.40000, 74.
23.41000, 56.
23.42000, 64.
23.43000, 63.
23.44000, 55.
23.45000, 68.
23.46000, 59.
23.47000, 85.
23.48000, 66.
23.49000, 60.
23.50000, 62.
23.51000, 64.
23.52000, 48.
23.53000, 45.
23.54000, 70.
23.55000, 62.
23.56000, 87.
23.57000, 67.
23.58000, 67.
23.59000, 73.
23.60000, 56.
23.61000, 79.
23.62000, 63.
23.63000, 72.
23.64000, 71.
23.65000, 50.
23.66000, 65.
23.67000, 67.
23.68000, 65.
23.69000, 60.
23.70000, 65.
23.71000, 79.
23.72000, 61.
23.73000, 62.
23.74000, 68.
23.75000, 65.
23.76000, 59.
23.77000, 68.
23.78000, 67.
23.79000, 57.
23.80000, 74.
23.81000, 53.
23.82000, 59.
23.83000, 64.
23.84000, 61.
23.85000, 78.
23.86000, 70.
23.87000, 57.
23.88000, 56.
23.89000, 59.
23.90000, 65.
23.91000, 68.
23.92000, 79.
23.93000, 49.
23.94000, 70.
23.95000, 60.
23.96000, 59.
23.97000, 61.
23.98000, 49.
23.99000, 70.
24.00000, 54.
24.01000, 72.
24.02000, 46.
24.03000, 62.
24.04000, 60.
24.05000, 66.
24.06000, 68.
24.07000, 71.
24.08000, 75.
24.09000, 57.
24.10000, 74.
24.11000, 67.
24.12000, 71.
24.13000, 51.
24.14000, 53.
24.15000, 54.
24.16000, 70.
24.17000, 55.
24.18000, 46.
24.19000, 60.
24.20000, 67.
24.21000, 74.
24.22000, 61.
24.23000, 71.
24.24000, 67.
24.25000, 56.
24.26000, 56.
24.27000, 58.
24.28000, 58.
24.29000, 59.
24.30000, 57.
24.31000, 63.
24.32000, 64.
24.33000, 54.
24.34000, 62.
24.35000, 66.
24.36000, 51.
24.37000, 62.
24.38000, 55.
24.39000, 65.
24.40000, 56.
24.41000, 67.
24.42000, 64.
24.43000, 60.
24.44000, 64.
24.45000, 51.
24.46000, 67.
24.47000, 67.
24.48000, 50.
24.49000, 73.
24.50000, 58.
24.51000, 54.
24.52000, 65.
24.53000, 47.
24.54000, 72.
24.55000, 69.
24.56000, 64.
24.57000, 69.
24.58000, 62.
24.59000, 74.
24.60000, 60.
24.61000, 64.
24.62000, 60.
24.63000, 53.
24.64000, 65.
24.65000, 51.
24.66000, 56.
24.67000, 78.
24.68000, 61.
24.69000, 65.
24.70000, 61.
24.71000, 70.
24.72000, 58.
24.73000, 52.
24.74000, 65.
24.75000, 73.
24.76000, 64.
24.77000, 66.
24.78000, 60.
24.79000, 50.
24.80000, 47.
24.81000, 53.
24.82000, 65.
24.83000, 66.
24.84000, 71.
24.85000, 61.
24.86000, 64.
24.87000, 70.
24.88000, 57.
24.89000, 67.
24.90000, 49.
24.91000, 67.
24.92000, 85.
24.93000, 68.
24.94000, 63.
24.95000, 64.
24.96000, 72.
24.97000, 73.
24.98000, 61.
24.99000, 55.
25.00000, 59.
25.01000, 66.
25.02000, 62.
25.03000, 65.
25.04000, 62.
25.05000, 63.
25.06000, 53.
25.07000, 75.
25.08000, 60.
25.09000, 73.
25.10000, 64.
25.11000, 57.
25.12000, 72.
25.13000, 73.
25.14000, 65.
25.15000, 77.
25.16000, 60.
25.17000, 67.
25.18000, 67.
25.19000, 82.
25.20000, 69.
25.21000, 78.
25.22000, 59.
25.23000, 61.
25.24000, 62.
25.25000, 73.
25.26000, 58.
25.27000, 74.
25.28000, 72.
25.29000, 76.
25.30000, 72.
25.31000, 60.
25.32000, 65.
25.33000, 73.
25.34000, 59.
25.35000, 53.
25.36000, 53.
25.37000, 62.
25.38000, 53.
25.39000, 62.
25.40000, 60.
25.41000, 53.
25.42000, 69.
25.43000, 58.
25.44000, 61.
25.45000, 60.
25.46000, 54.
25.47000, 59.
25.48000, 54.
25.49000, 45.
25.50000, 66.
25.51000, 67.
25.52000, 58.
25.53000, 56.
25.54000, 64.
25.55000, 51.
25.56000, 52.
25.57000, 56.
25.58000, 48.
25.59000, 70.
25.60000, 51.
25.61000, 67.
25.62000, 42.
25.63000, 44.
25.64000, 42.
25.65000, 56.
25.66000, 52.
25.67000, 50.
25.68000, 53.
25.69000, 47.
25.70000, 58.
25.71000, 57.
25.72000, 70.
25.73000, 68.
25.74000, 48.
25.75000, 52.
25.76000, 56.
25.77000, 59.
25.78000, 53.
25.79000, 58.
25.80000, 55.
25.81000, 47.
25.82000, 69.
25.83000, 54.
25.84000, 63.
25.85000, 49.
25.86000, 57.
25.87000, 42.
25.88000, 46.
25.89000, 59.
25.90000, 68.
25.91000, 50.
25.92000, 68.
25.93000, 52.
25.94000, 53.
25.95000, 51.
25.96000, 59.
25.97000, 52.
25.98000, 58.
25.99000, 59.
26.00000, 58.
26.01000, 61.
26.02000, 54.
26.03000, 50.
26.04000, 49.
26.05000, 57.
26.06000, 53.
26.07000, 45.
26.08000, 50.
26.09000, 61.
26.10000, 53.
26.11000, 68.
26.12000, 51.
26.13000, 48.
26.14000, 57.
26.15000, 56.
26.16000, 51.
26.17000, 47.
26.18000, 45.
26.19000, 45.
26.20000, 48.
26.21000, 69.
26.22000, 50.
26.23000, 47.
26.24000, 53.
26.25000, 63.
26.26000, 48.
26.27000, 51.
26.28000, 42.
26.29000, 61.
26.30000, 50.
26.31000, 45.
26.32000, 52.
26.33000, 51.
26.34000, 52.
26.35000, 69.
26.36000, 66.
26.37000, 57.
26.38000, 53.
26.39000, 63.
26.40000, 55.
26.41000, 43.
26.42000, 58.
26.43000, 59.
26.44000, 58.
26.45000, 56.
26.46000, 43.
26.47000, 57.
26.48000, 58.
26.49000, 68.
26.50000, 53.
26.51000, 54.
26.52000, 58.
26.53000, 56.
26.54000, 48.
26.55000, 57.
26.56000, 57.
26.57000, 50.
26.58000, 53.
26.59000, 45.
26.60000, 66.
26.61000, 71.
26.62000, 45.
26.63000, 52.
26.64000, 57.
26.65000, 52.
26.66000, 56.
26.67000, 50.
26.68000, 53.
26.69000, 57.
26.70000, 52.
26.71000, 59.
26.72000, 39.
26.73000, 54.
26.74000, 67.
26.75000, 56.
26.76000, 46.
26.77000, 51.
26.78000, 47.
26.79000, 44.
26.80000, 56.
26.81000, 39.
26.82000, 41.
26.83000, 52.
26.84000, 51.
26.85000, 46.
26.86000, 50.
26.87000, 47.
26.88000, 59.
26.89000, 39.
26.90000, 51.
26.91000, 47.
26.92000, 57.
26.93000, 55.
26.94000, 37.
26.95000, 38.
26.96000, 47.
26.97000, 45.
26.98000, 55.
26.99000, 50.
27.00000, 53.
27.01000, 56.
27.02000, 48.
27.03000, 41.
27.04000, 41.
27.05000, 35.
27.06000, 52.
27.07000, 42.
27.08000, 41.
27.09000, 37.
27.10000, 46.
27.11000, 51.
27.12000, 54.
27.13000, 36.
27.14000, 50.
27.15000, 51.
27.16000, 54.
27.17000, 43.
27.18000, 57.
27.19000, 46.
27.20000, 43.
27.21000, 50.
27.22000, 57.
27.23000, 47.
27.24000, 46.
27.25000, 39.
27.26000, 61.
27.27000, 46.
27.28000, 39.
27.29000, 49.
27.30000, 56.
27.31000, 50.
27.32000, 43.
27.33000, 41.
27.34000, 56.
27.35000, 54.
27.36000, 52.
27.37000, 58.
27.38000, 54.
27.39000, 46.
27.40000, 45.
27.41000, 47.
27.42000, 40.
27.43000, 50.
27.44000, 48.
27.45000, 68.
27.46000, 46.
27.47000, 50.
27.48000, 51.
27.49000, 48.
27.50000, 39.
27.51000, 42.
27.52000, 55.
27.53000, 34.
27.54000, 41.
27.55000, 51.
27.56000, 43.
27.57000, 47.
27.58000, 47.
27.59000, 48.
27.60000, 42.
27.61000, 48.
27.62000, 48.
27.63000, 54.
27.64000, 40.
27.65000, 48.
27.66000, 36.
27.67000, 48.
27.68000, 49.
27.69000, 38.
27.70000, 39.
27.71000, 45.
27.72000, 40.
27.73000, 36.
27.74000, 30.
27.75000, 53.
27.76000, 42.
27.77000, 42.
27.78000, 34.
27.79000, 48.
27.80000, 45.
27.81000, 47.
27.82000, 50.
27.83000, 42.
27.84000, 37.
27.85000, 40.
27.86000, 53.
27.87000, 36.
27.88000, 41.
27.89000, 37.
27.90000, 35.
27.91000, 56.
27.92000, 44.
27.93000, 56.
27.94000, 46.
27.95000, 41.
27.96000, 43.
27.97000, 45.
27.98000, 47.
27.99000, 26.
28.00000, 41.
28.01000, 44.
28.02000, 34.
28.03000, 31.
28.04000, 44.
28.05000, 45.
28.06000, 49.
28.07000, 46.
28.08000, 39.
28.09000, 52.
28.10000, 43.
28.11000, 46.
28.12000, 44.
28.13000, 55.
28.14000, 39.
28.15000, 41.
28.16000, 43.
28.17000, 43.
28.18000, 52.
28.19000, 44.
28.20000, 31.
28.21000, 47.
28.22000, 53.
28.23000, 40.
28.24000, 39.
28.25000, 44.
28.26000, 43.
28.27000, 40.
28.28000, 47.
28.29000, 42.
28.30000, 35.
28.31000, 38.
28.32000, 43.
28.33000, 38.
28.34000, 44.
28.35000, 45.
28.36000, 43.
28.37000, 38.
28.38000, 47.
28.39000, 40.
28.40000, 42.
28.41000, 44.
28.42000, 57.
28.43000, 35.
28.44000, 39.
28.45000, 29.
28.46000, 50.
28.47000, 44.
28.48000, 43.
28.49000, 39.
28.50000, 31.
28.51000, 46.
28.52000, 34.
28.53000, 40.
28.54000, 42.
28.55000, 46.
28.56000, 40.
28.57000, 41.
28.58000, 30.
28.59000, 44.
28.60000, 47.
28.61000, 44.
28.62000, 43.
28.63000, 40.
28.64000, 33.
28.65000, 57.
28.66000, 47.
28.67000, 43.
28.68000, 38.
28.69000, 44.
28.70000, 41.
28.71000, 33.
28.72000, 44.
28.73000, 38.
28.74000, 33.
28.75000, 34.
28.76000, 35.
28.77000, 32.
28.78000, 33.
28.79000, 36.
28.80000, 37.
28.81000, 38.
28.82000, 43.
28.83000, 39.
28.84000, 32.
28.85000, 29.
28.86000, 39.
28.87000, 41.
28.88000, 34.
28.89000, 48.
28.90000, 41.
28.91000, 28.
28.92000, 37.
28.93000, 27.
28.94000, 42.
28.95000, 44.
28.96000, 38.
28.97000, 42.
28.98000, 36.
28.99000, 51.
29.00000, 29.
29.01000, 41.
29.02000, 40.
29.03000, 42.
29.04000, 50.
29.05000, 48.
29.06000, 36.
29.07000, 37.
29.08000, 34.
29.09000, 46.
29.10000, 28.
29.11000, 29.
29.12000, 36.
29.13000, 40.
29.14000, 45.
29.15000, 39.
29.16000, 31.
29.17000, 37.
29.18000, 46.
29.19000, 36.
29.20000, 38.
29.21000, 39.
29.22000, 24.
29.23000, 37.
29.24000, 31.
29.25000, 31.
29.26000, 36.
29.27000, 40.
29.28000, 37.
29.29000, 38.
29.30000, 37.
29.31000, 25.
29.32000, 45.
29.33000, 37.
29.34000, 53.
29.35000, 31.
29.36000, 47.
29.37000, 38.
29.38000, 38.
29.39000, 26.
29.40000, 37.
29.41000, 33.
29.42000, 47.
29.43000, 37.
29.44000, 28.
29.45000, 41.
29.46000, 35.
29.47000, 43.
29.48000, 39.
29.49000, 40.
29.50000, 43.
29.51000, 35.
29.52000, 37.
29.53000, 47.
29.54000, 33.
29.55000, 36.
29.56000, 34.
29.57000, 51.
29.58000, 39.
29.59000, 44.
29.60000, 31.
29.61000, 36.
29.62000, 38.
29.63000, 40.
29.64000, 40.
29.65000, 31.
29.66000, 34.
29.67000, 44.
29.68000, 38.
29.69000, 32.
29.70000, 46.
29.71000, 37.
29.72000, 27.
29.73000, 42.
29.74000, 28.
29.75000, 34.
29.76000, 42.
29.77000, 37.
29.78000, 45.
29.79000, 31.
29.80000, 40.
29.81000, 37.
29.82000, 28.
29.83000, 31.
29.84000, 38.
29.85000, 34.
29.86000, 28.
29.87000, 35.
29.88000, 41.
29.89000, 35.
29.90000, 22.
29.91000, 30.
29.92000, 24.
29.93000, 22.
29.94000, 39.
29.95000, 38.
29.96000, 29.
29.97000, 46.
29.98000, 31.
29.99000, 27.
30.00000, 44.
30.01000, 29.
30.02000, 43.
30.03000, 33.
30.04000, 25.
30.05000, 46.
30.06000, 34.
30.07000, 37.
30.08000, 39.
30.09000, 51.
30.10000, 44.
30.11000, 35.
30.12000, 29.
30.13000, 37.
30.14000, 43.
30.15000, 31.
30.16000, 42.
30.17000, 31.
30.18000, 33.
30.19000, 37.
30.20000, 33.
30.21000, 44.
30.22000, 30.
30.23000, 22.
30.24000, 29.
30.25000, 31.
30.26000, 34.
30.27000, 32.
30.28000, 35.
30.29000, 29.
30.30000, 29.
30.31000, 31.
30.32000, 25.
30.33000, 37.
30.34000, 48.
30.35000, 25.
30.36000, 35.
30.37000, 26.
30.38000, 32.
30.39000, 38.
30.40000, 33.
30.41000, 33.
30.42000, 27.
30.43000, 26.
30.44000, 36.
30.45000, 29.
30.46000, 25.
30.47000, 31.
30.48000, 31.
30.49000, 23.
30.50000, 36.
30.51000, 33.
30.52000, 33.
30.53000, 38.
30.54000, 34.
30.55000, 27.
30.56000, 35.
30.57000, 25.
30.58000, 15.
30.59000, 34.
30.60000, 29.
30.61000, 35.
30.62000, 30.
30.63000, 32.
30.64000, 38.
30.65000, 30.
30.66000, 32.
30.67000, 25.
30.68000, 28.
30.69000, 27.
30.70000, 28.
30.71000, 18.
30.72000, 26.
30.73000, 31.
30.74000, 28.
30.75000, 32.
30.76000, 42.
30.77000, 28.
30.78000, 31.
30.79000, 31.
30.80000, 29.
30.81000, 32.
30.82000, 27.
30.83000, 28.
30.84000, 28.
30.85000, 40.
30.86000, 30.
30.87000, 41.
30.88000, 29.
30.89000, 26.
30.90000, 35.
30.91000, 33.
30.92000, 25.
30.93000, 29.
30.94000, 30.
30.95000, 27.
30.96000, 34.
30.97000, 38.
30.98000, 26.
30.99000, 29.
31.00000, 24.
31.01000, 28.
31.02000, 34.
31.03000, 39.
31.04000, 31.
31.05000, 25.
31.06000, 41.
31.07000, 27.
31.08000, 36.
31.09000, 32.
31.10000, 25.
31.11000, 28.
31.12000, 19.
31.13000, 27.
31.14000, 25.
31.15000, 22.
31.16000, 31.
31.17000, 29.
31.18000, 28.
31.19000, 26.
31.20000, 23.
31.21000, 37.
31.22000, 35.
31.23000, 35.
31.24000, 24.
31.25000, 18.
31.26000, 34.
31.27000, 26.
31.28000, 32.
31.29000, 26.
31.30000, 32.
31.31000, 24.
31.32000, 29.
31.33000, 33.
31.34000, 20.
31.35000, 22.
31.36000, 30.
31.37000, 31.
31.38000, 33.
31.39000, 35.
31.40000, 24.
31.41000, 31.
31.42000, 34.
31.43000, 27.
31.44000, 33.
31.45000, 26.
31.46000, 26.
31.47000, 21.
31.48000, 27.
31.49000, 27.
31.50000, 29.
31.51000, 34.
31.52000, 24.
31.53000, 25.
31.54000, 28.
31.55000, 23.
31.56000, 24.
31.57000, 26.
31.58000, 29.
31.59000, 29.
31.60000, 25.
31.61000, 33.
31.62000, 24.
31.63000, 29.
31.64000, 27.
31.65000, 23.
31.66000, 21.
31.67000, 25.
31.68000, 29.
31.69000, 32.
31.70000, 27.
31.71000, 27.
31.72000, 32.
31.73000, 34.
31.74000, 37.
31.75000, 33.
31.76000, 19.
31.77000, 32.
31.78000, 32.
31.79000, 17.
31.80000, 27.
31.81000, 34.
31.82000, 37.
31.83000, 31.
31.84000, 30.
31.85000, 21.
31.86000, 25.
31.87000, 27.
31.88000, 27.
31.89000, 28.
31.90000, 19.
31.91000, 34.
31.92000, 36.
31.93000, 20.
31.94000, 24.
31.95000, 29.
31.96000, 28.
31.97000, 34.
31.98000, 23.
31.99000, 33.
32.00000, 24.
32.01000, 31.
32.02000, 35.
32.03000, 26.
32.04000, 27.
32.05000, 33.
32.06000, 32.
32.07000, 26.
32.08000, 25.
32.09000, 19.
32.10000, 36.
32.11000, 34.
32.12000, 30.
32.13000, 20.
32.14000, 29.
32.15000, 23.
32.16000, 33.
32.17000, 28.
32.18000, 31.
32.19000, 20.
32.20000, 34.
32.21000, 31.
32.22000, 28.
32.23000, 33.
32.24000, 23.
32.25000, 22.
32.26000, 30.
32.27000, 27.
32.28000, 32.
32.29000, 24.
32.30000, 29.
32.31000, 22.
32.32000, 27.
32.33000, 27.
32.34000, 23.
32.35000, 25.
32.36000, 15.
32.37000, 20.
32.38000, 22.
32.39000, 29.
32.40000, 25.
32.41000, 24.
32.42000, 14.
32.43000, 23.
32.44000, 25.
32.45000, 24.
32.46000, 24.
32.47000, 31.
32.48000, 23.
32.49000, 25.
32.50000, 26.
32.51000, 33.
32.52000, 27.
32.53000, 17.
32.54000, 31.
32.55000, 29.
32.56000, 18.
32.57000, 16.
32.58000, 18.
32.59000, 36.
32.60000, 21.
32.61000, 28.
32.62000, 17.
32.63000, 32.
32.64000, 26.
32.65000, 26.
32.66000, 23.
32.67000, 25.
32.68000, 29.
32.69000, 27.
32.70000, 20.
32.71000, 23.
32.72000, 18.
32.73000, 30.
32.74000, 25.
32.75000, 23.
32.76000, 20.
32.77000, 33.
32.78000, 29.
32.79000, 28.
32.80000, 18.
32.81000, 23.
32.82000, 34.
32.83000, 25.
32.84000, 25.
32.85000, 22.
32.86000, 21.
32.87000, 20.
32.88000, 21.
32.89000, 22.
32.90000, 19.
32.91000, 22.
32.92000, 19.
32.93000, 21.
32.94000, 16.
32.95000, 21.
32.96000, 18.
32.97000, 20.
32.98000, 29.
32.99000, 19.
33.00000, 20.
33.01000, 17.
33.02000, 31.
33.03000, 23.
33.04000, 18.
33.05000, 26.
33.06000, 15.
33.07000, 18.
33.08000, 25.
33.09000, 34.
33.10000, 23.
33.11000, 12.
33.12000, 18.
33.13000, 23.
33.14000, 22.
33.15000, 20.
33.16000, 27.
33.17000, 19.
33.18000, 17.
33.19000, 20.
33.20000, 28.
33.21000, 23.
33.22000, 25.
33.23000, 15.
33.24000, 16.
33.25000, 20.
33.26000, 21.
33.27000, 20.
33.28000, 14.
33.29000, 21.
33.30000, 26.
33.31000, 27.
33.32000, 27.
33.33000, 18.
33.34000, 19.
33.35000, 28.
33.36000, 15.
33.37000, 23.
33.38000, 25.
33.39000, 16.
33.40000, 19.
33.41000, 21.
33.42000, 26.
33.43000, 17.
33.44000, 27.
33.45000, 17.
33.46000, 23.
33.47000, 24.
33.48000, 15.
33.49000, 14.
33.50000, 22.
33.51000, 18.
33.52000, 14.
33.53000, 24.
33.54000, 20.
33.55000, 17.
33.56000, 24.
33.57000, 19.
33.58000, 20.
33.59000, 24.
33.60000, 24.
33.61000, 18.
33.62000, 26.
33.63000, 17.
33.64000, 16.
33.65000, 22.
33.66000, 18.
33.67000, 17.
33.68000, 21.
33.69000, 17.
33.70000, 12.
33.71000, 24.
33.72000, 24.
33.73000, 25.
33.74000, 13.
33.75000, 16.
33.76000, 18.
33.77000, 17.
33.78000, 21.
33.79000, 15.
33.80000, 21.
33.81000, 24.
33.82000, 19.
33.83000, 13.
33.84000, 15.
33.85000, 19.
33.86000, 18.
33.87000, 16.
33.88000, 22.
33.89000, 25.
33.90000, 14.
33.91000, 23.
33.92000, 23.
33.93000, 16.
33.94000, 20.
33.95000, 19.
33.96000, 20.
33.97000, 27.
33.98000, 17.
33.99000, 21.
34.00000, 20.
34.01000, 15.
34.02000, 21.
34.03000, 18.
34.04000, 18.
34.05000, 19.
34.06000, 21.
34.07000, 26.
34.08000, 21.
34.09000, 12.
34.10000, 25.
34.11000, 13.
34.12000, 25.
34.13000, 21.
34.14000, 18.
34.15000, 23.
34.16000, 11.
34.17000, 22.
34.18000, 21.
34.19000, 22.
34.20000, 20.
34.21000, 24.
34.22000, 16.
34.23000, 20.
34.24000, 15.
34.25000, 16.
34.26000, 16.
34.27000, 17.
34.28000, 24.
34.29000, 18.
34.30000, 19.
34.31000, 9.
34.32000, 20.
34.33000, 15.
34.34000, 19.
34.35000, 28.
34.36000, 10.
34.37000, 31.
34.38000, 19.
34.39000, 17.
34.40000, 12.
34.41000, 23.
34.42000, 16.
34.43000, 16.
34.44000, 18.
34.45000, 23.
34.46000, 20.
34.47000, 13.
34.48000, 17.
34.49000, 22.
34.50000, 18.
34.51000, 18.
34.52000, 27.
34.53000, 30.
34.54000, 19.
34.55000, 13.
34.56000, 20.
34.57000, 18.
34.58000, 17.
34.59000, 13.
34.60000, 13.
34.61000, 18.
34.62000, 16.
34.63000, 15.
34.64000, 20.
34.65000, 19.
34.66000, 20.
34.67000, 20.
34.68000, 9.
34.69000, 28.
34.70000, 17.
34.71000, 19.
34.72000, 21.
34.73000, 19.
34.74000, 16.
34.75000, 11.
34.76000, 21.
34.77000, 18.
34.78000, 15.
34.79000, 10.
34.80000, 19.
34.81000, 20.
34.82000, 20.
34.83000, 15.
34.84000, 20.
34.85000, 18.
34.86000, 16.
34.87000, 19.
34.88000, 19.
34.89000, 13.
34.90000, 23.
34.91000, 15.
34.92000, 16.
34.93000, 19.
34.94000, 10.
34.95000, 10.
34.96000, 10.
34.97000, 25.
34.98000, 13.
34.99000, 18.
35.00000, 13.
35.01000, 17.
35.02000, 27.
35.03000, 16.
35.04000, 19.
35.05000, 15.
35.06000, 10.
35.07000, 13.
35.08000, 18.
35.09000, 14.
35.10000, 18.
35.11000, 16.
35.12000, 18.
35.13000, 23.
35.14000, 22.
35.15000, 11.
35.16000, 20.
35.17000, 14.
35.18000, 9.
35.19000, 13.
35.20000, 13.
35.21000, 14.
35.22000, 17.
35.23000, 12.
35.24000, 18.
35.25000, 21.
35.26000, 17.
35.27000, 9.
35.28000, 13.
35.29000, 15.
35.30000, 16.
35.31000, 13.
35.32000, 26.
35.33000, 16.
35.34000, 13.
35.35000, 12.
35.36000, 16.
35.37000, 16.
35.38000, 14.
35.39000, 18.
35.40000, 13.
35.41000, 18.
35.42000, 13.
35.43000, 19.
35.44000, 11.
35.45000, 21.
35.46000, 11.
35.47000, 12.
35.48000, 13.
35.49000, 10.
35.50000, 10.
35.51000, 21.
35.52000, 16.
35.53000, 11.
35.54000, 14.
35.55000, 15.
35.56000, 10.
35.57000, 20.
35.58000, 18.
35.59000, 11.
35.60000, 14.
35.61000, 17.
35.62000, 14.
35.63000, 14.
35.64000, 17.
35.65000, 13.
35.66000, 11.
35.67000, 17.
35.68000, 17.
35.69000, 13.
35.70000, 8.
35.71000, 13.
35.72000, 14.
35.73000, 13.
35.74000, 12.
35.75000, 13.
35.76000, 12.
35.77000, 11.
35.78000, 12.
35.79000, 18.
35.80000, 21.
35.81000, 4.
35.82000, 9.
35.83000, 18.
35.84000, 15.
35.85000, 18.
35.86000, 10.
35.87000, 10.
35.88000, 16.
35.89000, 14.
35.90000, 11.
35.91000, 12.
35.92000, 19.
35.93000, 20.
35.94000, 22.
35.95000, 18.
35.96000, 11.
35.97000, 12.
35.98000, 11.
35.99000, 12.
36.00000, 13.
36.01000, 14.
36.02000, 15.
36.03000, 8.
36.04000, 10.
36.05000, 17.
36.06000, 11.
36.07000, 12.
36.08000, 15.
36.09000, 10.
36.10000, 8.
36.11000, 12.
36.12000, 21.
36.13000, 13.
36.14000, 12.
36.15000, 14.
36.16000, 9.
36.17000, 12.
36.18000, 9.
36.19000, 16.
36.20000, 16.
36.21000, 10.
36.22000, 16.
36.23000, 12.
36.24000, 15.
36.25000, 11.
36.26000, 18.
36.27000, 12.
36.28000, 18.
36.29000, 11.
36.30000, 14.
36.31000, 12.
36.32000, 13.
36.33000, 13.
36.34000, 13.
36.35000, 9.
36.36000, 16.
36.37000, 12.
36.38000, 14.
36.39000, 18.
36.40000, 18.
36.41000, 17.
36.42000, 26.
36.43000, 8.
36.44000, 16.
36.45000, 12.
36.46000, 14.
36.47000, 13.
36.48000, 10.
36.49000, 15.
36.50000, 12.
36.51000, 13.
36.52000, 15.
36.53000, 15.
36.54000, 19.
36.55000, 18.
36.56000, 10.
36.57000, 13.
36.58000, 13.
36.59000, 5.
36.60000, 10.
36.61000, 11.
36.62000, 12.
36.63000, 10.
36.64000, 14.
36.65000, 13.
36.66000, 15.
36.67000, 10.
36.68000, 12.
36.69000, 15.
36.70000, 9.
36.71000, 11.
36.72000, 9.
36.73000, 7.
36.74000, 10.
36.75000, 14.
36.76000, 9.
36.77000, 6.
36.78000, 11.
36.79000, 19.
36.80000, 9.
36.81000, 8.
36.82000, 10.
36.83000, 11.
36.84000, 14.
36.85000, 12.
36.86000, 9.
36.87000, 13.
36.88000, 12.
36.89000, 12.
36.90000, 13.
36.91000, 9.
36.92000, 14.
36.93000, 9.
36.94000, 14.
36.95000, 13.
36.96000, 9.
36.97000, 12.
36.98000, 12.
36.99000, 9.
37.00000, 9.
37.01000, 16.
37.02000, 13.
37.03000, 9.
37.04000, 16.
37.05000, 8.
37.06000, 11.
37.07000, 13.
37.08000, 8.
37.09000, 14.
37.10000, 11.
37.11000, 10.
37.12000, 7.
37.13000, 2.
37.14000, 7.
37.15000, 10.
37.16000, 12.
37.17000, 9.
37.18000, 7.
37.19000, 7.
37.20000, 9.
37.21000, 6.
37.22000, 13.
37.23000, 16.
37.24000, 8.
37.25000, 21.
37.26000, 18.
37.27000, 12.
37.28000, 12.
37.29000, 11.
37.30000, 8.
37.31000, 5.
37.32000, 14.
37.33000, 13.
37.34000, 14.
37.35000, 10.
37.36000, 12.
37.37000, 21.
37.38000, 11.
37.39000, 6.
37.40000, 11.
37.41000, 5.
37.42000, 11.
37.43000, 13.
37.44000, 15.
37.45000, 11.
37.46000, 9.
37.47000, 11.
37.48000, 8.
37.49000, 10.
37.50000, 17.
37.51000, 9.
37.52000, 10.
37.53000, 14.
37.54000, 10.
37.55000, 4.
37.56000, 15.
37.57000, 8.
37.58000, 5.
37.59000, 8.
37.60000, 8.
37.61000, 11.
37.62000, 5.
37.63000, 12.
37.64000, 8.
37.65000, 13.
37.66000, 9.
37.67000, 8.
37.68000, 13.
37.69000, 4.
37.70000, 11.
37.71000, 15.
37.72000, 8.
37.73000, 7.
37.74000, 7.
37.75000, 9.
37.76000, 11.
37.77000, 7.
37.78000, 11.
37.79000, 12.
37.80000, 6.
37.81000, 7.
37.82000, 10.
37.83000, 11.
37.84000, 5.
37.85000, 7.
37.86000, 12.
37.87000, 10.
37.88000, 4.
37.89000, 10.
37.90000, 12.
37.91000, 7.
37.92000, 12.
37.93000, 8.
37.94000, 8.
37.95000, 6.
37.96000, 16.
37.97000, 6.
37.98000, 8.
37.99000, 8.
38.00000, 16.
38.01000, 11.
38.02000, 10.
38.03000, 8.
38.04000, 4.
38.05000, 10.
38.06000, 7.
38.07000, 4.
38.08000, 12.
38.09000, 7.
38.10000, 7.
38.11000, 11.
38.12000, 9.
38.13000, 14.
38.14000, 6.
38.15000, 9.
38.16000, 7.
38.17000, 14.
38.18000, 3.
38.19000, 12.
38.20000, 12.
38.21000, 8.
38.22000, 16.
38.23000, 13.
38.24000, 5.
38.25000, 8.
38.26000, 7.
38.27000, 5.
38.28000, 8.
38.29000, 8.
38.30000, 5.
38.31000, 7.
38.32000, 7.
38.33000, 9.
38.34000, 9.
38.35000, 7.
38.36000, 8.
38.37000, 9.
38.38000, 14.
38.39000, 9.
38.40000, 5.
38.41000, 1.
38.42000, 9.
38.43000, 7.
38.44000, 7.
38.45000, 8.
38.46000, 10.
38.47000, 7.
38.48000, 7.
38.49000, 8.
38.50000, 7.
38.51000, 5.
38.52000, 6.
38.53000, 9.
38.54000, 10.
38.55000, 7.
38.56000, 7.
38.57000, 7.
38.58000, 7.
38.59000, 6.
38.60000, 6.
38.61000, 11.
38.62000, 6.
38.63000, 11.
38.64000, 6.
38.65000, 12.
38.66000, 4.
38.67000, 3.
38.68000, 8.
38.69000, 4.
38.70000, 9.
38.71000, 4.
38.72000, 3.
38.73000, 5.
38.74000, 7.
38.75000, 3.
38.76000, 6.
38.77000, 10.
38.78000, 11.
38.79000, 10.
38.80000, 9.
38.81000, 5.
38.82000, 6.
38.83000, 9.
38.84000, 6.
38.85000, 9.
38.86000, 6.
38.87000, 5.
38.88000, 12.
38.89000, 10.
38.90000, 5.
38.91000, 6.
38.92000, 6.
38.93000, 4.
38.94000, 8.
38.95000, 7.
38.96000, 6.
38.97000, 4.
38.98000, 13.
38.99000, 9.
39.00000, 8.
39.01000, 10.
39.02000, 9.
39.03000, 7.
39.04000, 9.
39.05000, 10.
39.06000, 5.
39.07000, 3.
39.08000, 8.
39.09000, 6.
39.10000, 16.
39.11000, 8.
39.12000, 12.
39.13000, 7.
39.14000, 4.
39.15000, 5.
39.16000, 6.
39.17000, 3.
39.18000, 6.
39.19000, 7.
39.20000, 5.
39.21000, 12.
39.22000, 7.
39.23000, 5.
39.24000, 8.
39.25000, 4.
39.26000, 8.
39.27000, 7.
39.28000, 5.
39.29000, 4.
39.30000, 8.
39.31000, 4.
39.32000, 6.
39.33000, 6.
39.34000, 6.
39.35000, 9.
39.36000, 6.
39.37000, 4.
39.38000, 9.
39.39000, 10.
39.40000, 7.
39.41000, 4.
39.42000, 6.
39.43000, 7.
39.44000, 3.
39.45000, 5.
39.46000, 6.
39.47000, 4.
39.48000, 6.
39.49000, 10.
39.50000, 10.
39.51000, 5.
39.52000, 7.
39.53000, 8.
39.54000, 7.
39.55000, 5.
39.56000, 7.
39.57000, 5.
39.58000, 4.
39.59000, 11.
39.60000, 6.
39.61000, 4.
39.62000, 5.
39.63000, 7.
39.64000, 2.
39.65000, 11.
39.66000, 8.
39.67000, 10.
39.68000, 5.
39.69000, 5.
39.70000, 9.
39.71000, 9.
39.72000, 5.
39.73000, 4.
39.74000, 9.
39.75000, 4.
39.76000, 7.
39.77000, 3.
39.78000, 2.
39.79000, 5.
39.80000, 2.
39.81000, 6.
39.82000, 3.
39.83000, 4.
39.84000, 3.
39.85000, 5.
39.86000, 4.
39.87000, 7.
39.88000, 4.
39.89000, 4.
39.90000, 6.
39.91000, 6.
39.92000, 3.
39.93000, 9.
39.94000, 1.
39.95000, 6.
39.96000, 6.
39.97000, 3.
39.98000, 3.
39.99000, 9.
40.00000, 2.
40.01000, 4.
40.02000, 4.
40.03000, 3.
40.04000, 6.
40.05000, 5.
40.06000, 3.
40.07000, 1.
40.08000, 4.
40.09000, 2.
40.10000, 3.
40.11000, 6.
40.12000, 5.
40.13000, 7.
40.14000, 3.
40.15000, 4.
40.16000, 6.
40.17000, 2.
40.18000, 5.
40.19000, 4.
40.20000, 4.
40.21000, 1.
40.22000, 3.
40.23000, 5.
40.24000, 3.
40.25000, 2.
40.26000, 7.
40.27000, 4.
40.28000, 5.
40.29000, 3.
40.30000, 4.
40.31000, 8.
40.32000, 2.
40.33000, 3.
40.34000, 6.
40.35000, 4.
40.36000, 6.
40.37000, 2.
40.38000, 2.
40.39000, 8.
40.40000, 4.
40.41000, 5.
40.42000, 5.
40.43000, 4.
40.44000, 4.
40.45000, 3.
40.46000, 6.
40.47000, 4.
40.48000, 4.
40.49000, 5.
40.50000, 4.
40.51000, 3.
40.52000, 4.
40.53000, 4.
40.54000, 2.
40.55000, 0.
#ENDOFDATA   : 
