#FORMAT      : EMSA/MAS Spectral Data File
#VERSION     : 1.0
#TITLE       : Spectrum 30
#DATE        : 21-AUG-2025
#TIME        : 15:34
#OWNER       : XGT7200
#NPOINTS     : 4096.
#NCOLUMNS    : 1.
#XUNITS      : keV
#YUNITS      : counts
#DATATYPE    : XY
#XPERCHAN    : 0.0100000
#OFFSET      : -0.400000
#SIGNALTYPE  : EDS
#CHOFFSET    : 40.0000
#LIVETIME    : 30.000000
#REALTIME    : 39.833348
#BEAMKV      : 50.0000
#PROBECUR    : 680000.
#MAGCAM      : 100.000
#XTILTSTGE   : 0.0
#AZIMANGLE   : 0.0
#ELEVANGLE   : 45.0
#XPOSITION mm: 0.0000
#YPOSITION mm: 0.0000
#ZPOSITION mm: 0.0000
##OXINSTPT   : 4
##OXINSTSTROB: 71.88
#SPECTRUM    : Spectral Data Starts Here
-0.40000, 0.
-0.39000, 0.
-0.38000, 0.
-0.37000, 0.
-0.36000, 0.
-0.35000, 0.
-0.34000, 0.
-0.33000, 0.
-0.32000, 0.
-0.31000, 0.
-0.30000, 0.
-0.29000, 0.
-0.28000, 0.
-0.27000, 0.
-0.26000, 0.
-0.25000, 0.
-0.24000, 0.
-0.23000, 0.
-0.22000, 0.
-0.21000, 0.
-0.20000, 0.
-0.19000, 0.
-0.18000, 0.
-0.17000, 0.
-0.16000, 0.
-0.15000, 0.
-0.14000, 0.
-0.13000, 0.
-0.12000, 0.
-0.11000, 0.
-0.10000, 0.
-0.09000, 0.
-0.08000, 0.
-0.07000, 0.
-0.06000, 0.
-0.05000, 0.
-0.04000, 0.
-0.03000, 0.
-0.02000, 0.
-0.01000, 0.
0.00000, 0.
0.01000, 0.
0.02000, 0.
0.03000, 0.
0.04000, 0.
0.05000, 0.
0.06000, 0.
0.07000, 0.
0.08000, 0.
0.09000, 0.
0.10000, 0.
0.11000, 0.
0.12000, 0.
0.13000, 0.
0.14000, 0.
0.15000, 0.
0.16000, 0.
0.17000, 0.
0.18000, 0.
0.19000, 0.
0.20000, 0.
0.21000, 0.
0.22000, 0.
0.23000, 0.
0.24000, 0.
0.25000, 0.
0.26000, 0.
0.27000, 0.
0.28000, 0.
0.29000, 0.
0.30000, 0.
0.31000, 1.
0.32000, 0.
0.33000, 0.
0.34000, 0.
0.35000, 1.
0.36000, 5.
0.37000, 4.
0.38000, 11.
0.39000, 22.
0.40000, 20.
0.41000, 29.
0.42000, 27.
0.43000, 41.
0.44000, 28.
0.45000, 46.
0.46000, 38.
0.47000, 40.
0.48000, 44.
0.49000, 28.
0.50000, 43.
0.51000, 46.
0.52000, 48.
0.53000, 47.
0.54000, 46.
0.55000, 37.
0.56000, 34.
0.57000, 46.
0.58000, 32.
0.59000, 42.
0.60000, 43.
0.61000, 42.
0.62000, 37.
0.63000, 39.
0.64000, 43.
0.65000, 39.
0.66000, 45.
0.67000, 41.
0.68000, 37.
0.69000, 36.
0.70000, 32.
0.71000, 43.
0.72000, 31.
0.73000, 33.
0.74000, 34.
0.75000, 41.
0.76000, 34.
0.77000, 38.
0.78000, 34.
0.79000, 40.
0.80000, 32.
0.81000, 31.
0.82000, 36.
0.83000, 37.
0.84000, 37.
0.85000, 33.
0.86000, 43.
0.87000, 31.
0.88000, 43.
0.89000, 39.
0.90000, 34.
0.91000, 51.
0.92000, 37.
0.93000, 41.
0.94000, 41.
0.95000, 50.
0.96000, 33.
0.97000, 50.
0.98000, 50.
0.99000, 53.
1.00000, 45.
1.01000, 53.
1.02000, 42.
1.03000, 52.
1.04000, 47.
1.05000, 35.
1.06000, 49.
1.07000, 40.
1.08000, 42.
1.09000, 35.
1.10000, 28.
1.11000, 37.
1.12000, 43.
1.13000, 36.
1.14000, 45.
1.15000, 35.
1.16000, 37.
1.17000, 52.
1.18000, 40.
1.19000, 50.
1.20000, 46.
1.21000, 55.
1.22000, 62.
1.23000, 86.
1.24000, 89.
1.25000, 83.
1.26000, 90.
1.27000, 78.
1.28000, 83.
1.29000, 81.
1.30000, 57.
1.31000, 51.
1.32000, 65.
1.33000, 42.
1.34000, 39.
1.35000, 43.
1.36000, 34.
1.37000, 35.
1.38000, 56.
1.39000, 74.
1.40000, 90.
1.41000, 130.
1.42000, 209.
1.43000, 250.
1.44000, 354.
1.45000, 458.
1.46000, 571.
1.47000, 635.
1.48000, 756.
1.49000, 781.
1.50000, 793.
1.51000, 707.
1.52000, 610.
1.53000, 533.
1.54000, 417.
1.55000, 332.
1.56000, 282.
1.57000, 190.
1.58000, 136.
1.59000, 106.
1.60000, 121.
1.61000, 118.
1.62000, 150.
1.63000, 198.
1.64000, 301.
1.65000, 535.
1.66000, 838.
1.67000, 1259.
1.68000, 1925.
1.69000, 2561.
1.70000, 3548.
1.71000, 4487.
1.72000, 5069.
1.73000, 5892.
1.74000, 6167.
1.75000, 6306.
1.76000, 6014.
1.77000, 5465.
1.78000, 4632.
1.79000, 3729.
1.80000, 2878.
1.81000, 2238.
1.82000, 1684.
1.83000, 1112.
1.84000, 777.
1.85000, 561.
1.86000, 407.
1.87000, 312.
1.88000, 253.
1.89000, 173.
1.90000, 145.
1.91000, 121.
1.92000, 89.
1.93000, 69.
1.94000, 72.
1.95000, 77.
1.96000, 66.
1.97000, 62.
1.98000, 73.
1.99000, 79.
2.00000, 74.
2.01000, 78.
2.02000, 85.
2.03000, 71.
2.04000, 66.
2.05000, 58.
2.06000, 43.
2.07000, 44.
2.08000, 43.
2.09000, 41.
2.10000, 40.
2.11000, 37.
2.12000, 28.
2.13000, 25.
2.14000, 31.
2.15000, 24.
2.16000, 39.
2.17000, 29.
2.18000, 25.
2.19000, 29.
2.20000, 38.
2.21000, 33.
2.22000, 26.
2.23000, 37.
2.24000, 53.
2.25000, 50.
2.26000, 50.
2.27000, 57.
2.28000, 54.
2.29000, 85.
2.30000, 78.
2.31000, 87.
2.32000, 86.
2.33000, 91.
2.34000, 80.
2.35000, 89.
2.36000, 79.
2.37000, 68.
2.38000, 56.
2.39000, 49.
2.40000, 55.
2.41000, 47.
2.42000, 46.
2.43000, 38.
2.44000, 52.
2.45000, 47.
2.46000, 38.
2.47000, 33.
2.48000, 43.
2.49000, 32.
2.50000, 39.
2.51000, 38.
2.52000, 44.
2.53000, 35.
2.54000, 51.
2.55000, 47.
2.56000, 47.
2.57000, 57.
2.58000, 75.
2.59000, 94.
2.60000, 88.
2.61000, 123.
2.62000, 187.
2.63000, 184.
2.64000, 233.
2.65000, 290.
2.66000, 354.
2.67000, 454.
2.68000, 456.
2.69000, 495.
2.70000, 515.
2.71000, 484.
2.72000, 487.
2.73000, 464.
2.74000, 394.
2.75000, 351.
2.76000, 322.
2.77000, 275.
2.78000, 251.
2.79000, 267.
2.80000, 259.
2.81000, 275.
2.82000, 279.
2.83000, 295.
2.84000, 319.
2.85000, 319.
2.86000, 277.
2.87000, 287.
2.88000, 250.
2.89000, 246.
2.90000, 200.
2.91000, 153.
2.92000, 170.
2.93000, 146.
2.94000, 116.
2.95000, 98.
2.96000, 80.
2.97000, 104.
2.98000, 78.
2.99000, 72.
3.00000, 79.
3.01000, 72.
3.02000, 51.
3.03000, 43.
3.04000, 61.
3.05000, 46.
3.06000, 35.
3.07000, 27.
3.08000, 33.
3.09000, 25.
3.10000, 31.
3.11000, 31.
3.12000, 28.
3.13000, 24.
3.14000, 34.
3.15000, 30.
3.16000, 35.
3.17000, 38.
3.18000, 37.
3.19000, 36.
3.20000, 42.
3.21000, 79.
3.22000, 100.
3.23000, 119.
3.24000, 137.
3.25000, 206.
3.26000, 239.
3.27000, 277.
3.28000, 373.
3.29000, 354.
3.30000, 435.
3.31000, 420.
3.32000, 470.
3.33000, 403.
3.34000, 444.
3.35000, 395.
3.36000, 338.
3.37000, 289.
3.38000, 227.
3.39000, 187.
3.40000, 139.
3.41000, 93.
3.42000, 95.
3.43000, 62.
3.44000, 55.
3.45000, 37.
3.46000, 55.
3.47000, 42.
3.48000, 30.
3.49000, 49.
3.50000, 42.
3.51000, 48.
3.52000, 60.
3.53000, 63.
3.54000, 96.
3.55000, 102.
3.56000, 133.
3.57000, 153.
3.58000, 213.
3.59000, 267.
3.60000, 326.
3.61000, 465.
3.62000, 558.
3.63000, 655.
3.64000, 822.
3.65000, 931.
3.66000, 1093.
3.67000, 1312.
3.68000, 1397.
3.69000, 1420.
3.70000, 1452.
3.71000, 1397.
3.72000, 1254.
3.73000, 1096.
3.74000, 960.
3.75000, 783.
3.76000, 647.
3.77000, 451.
3.78000, 377.
3.79000, 300.
3.80000, 202.
3.81000, 137.
3.82000, 112.
3.83000, 66.
3.84000, 51.
3.85000, 46.
3.86000, 47.
3.87000, 35.
3.88000, 36.
3.89000, 43.
3.90000, 46.
3.91000, 55.
3.92000, 83.
3.93000, 82.
3.94000, 109.
3.95000, 138.
3.96000, 122.
3.97000, 143.
3.98000, 181.
3.99000, 173.
4.00000, 212.
4.01000, 230.
4.02000, 220.
4.03000, 236.
4.04000, 218.
4.05000, 190.
4.06000, 179.
4.07000, 162.
4.08000, 126.
4.09000, 112.
4.10000, 91.
4.11000, 60.
4.12000, 52.
4.13000, 53.
4.14000, 34.
4.15000, 35.
4.16000, 37.
4.17000, 38.
4.18000, 30.
4.19000, 30.
4.20000, 34.
4.21000, 37.
4.22000, 34.
4.23000, 34.
4.24000, 30.
4.25000, 27.
4.26000, 40.
4.27000, 42.
4.28000, 29.
4.29000, 34.
4.30000, 38.
4.31000, 37.
4.32000, 33.
4.33000, 42.
4.34000, 40.
4.35000, 44.
4.36000, 47.
4.37000, 64.
4.38000, 54.
4.39000, 116.
4.40000, 121.
4.41000, 172.
4.42000, 193.
4.43000, 265.
4.44000, 329.
4.45000, 410.
4.46000, 461.
4.47000, 563.
4.48000, 667.
4.49000, 687.
4.50000, 707.
4.51000, 725.
4.52000, 773.
4.53000, 715.
4.54000, 694.
4.55000, 585.
4.56000, 527.
4.57000, 484.
4.58000, 384.
4.59000, 287.
4.60000, 259.
4.61000, 210.
4.62000, 212.
4.63000, 148.
4.64000, 150.
4.65000, 138.
4.66000, 128.
4.67000, 111.
4.68000, 98.
4.69000, 107.
4.70000, 104.
4.71000, 74.
4.72000, 82.
4.73000, 83.
4.74000, 83.
4.75000, 66.
4.76000, 61.
4.77000, 76.
4.78000, 77.
4.79000, 70.
4.80000, 71.
4.81000, 75.
4.82000, 81.
4.83000, 102.
4.84000, 97.
4.85000, 102.
4.86000, 119.
4.87000, 116.
4.88000, 154.
4.89000, 149.
4.90000, 165.
4.91000, 168.
4.92000, 181.
4.93000, 199.
4.94000, 199.
4.95000, 183.
4.96000, 156.
4.97000, 162.
4.98000, 161.
4.99000, 135.
5.00000, 116.
5.01000, 92.
5.02000, 98.
5.03000, 75.
5.04000, 68.
5.05000, 63.
5.06000, 50.
5.07000, 49.
5.08000, 37.
5.09000, 43.
5.10000, 54.
5.11000, 53.
5.12000, 39.
5.13000, 43.
5.14000, 40.
5.15000, 51.
5.16000, 47.
5.17000, 60.
5.18000, 65.
5.19000, 59.
5.20000, 60.
5.21000, 59.
5.22000, 48.
5.23000, 63.
5.24000, 46.
5.25000, 68.
5.26000, 52.
5.27000, 67.
5.28000, 65.
5.29000, 61.
5.30000, 58.
5.31000, 84.
5.32000, 88.
5.33000, 96.
5.34000, 93.
5.35000, 103.
5.36000, 103.
5.37000, 92.
5.38000, 141.
5.39000, 122.
5.40000, 134.
5.41000, 132.
5.42000, 139.
5.43000, 131.
5.44000, 112.
5.45000, 123.
5.46000, 120.
5.47000, 92.
5.48000, 89.
5.49000, 91.
5.50000, 91.
5.51000, 86.
5.52000, 72.
5.53000, 67.
5.54000, 73.
5.55000, 65.
5.56000, 63.
5.57000, 62.
5.58000, 67.
5.59000, 74.
5.60000, 59.
5.61000, 54.
5.62000, 53.
5.63000, 46.
5.64000, 53.
5.65000, 48.
5.66000, 53.
5.67000, 59.
5.68000, 41.
5.69000, 45.
5.70000, 71.
5.71000, 51.
5.72000, 54.
5.73000, 55.
5.74000, 54.
5.75000, 67.
5.76000, 65.
5.77000, 72.
5.78000, 96.
5.79000, 108.
5.80000, 101.
5.81000, 135.
5.82000, 161.
5.83000, 177.
5.84000, 209.
5.85000, 234.
5.86000, 251.
5.87000, 294.
5.88000, 281.
5.89000, 296.
5.90000, 329.
5.91000, 274.
5.92000, 287.
5.93000, 271.
5.94000, 234.
5.95000, 244.
5.96000, 200.
5.97000, 208.
5.98000, 166.
5.99000, 150.
6.00000, 143.
6.01000, 98.
6.02000, 109.
6.03000, 98.
6.04000, 87.
6.05000, 73.
6.06000, 92.
6.07000, 82.
6.08000, 90.
6.09000, 75.
6.10000, 92.
6.11000, 93.
6.12000, 133.
6.13000, 101.
6.14000, 111.
6.15000, 123.
6.16000, 118.
6.17000, 134.
6.18000, 165.
6.19000, 187.
6.20000, 224.
6.21000, 290.
6.22000, 379.
6.23000, 521.
6.24000, 700.
6.25000, 954.
6.26000, 1481.
6.27000, 1982.
6.28000, 2578.
6.29000, 3659.
6.30000, 4642.
6.31000, 5803.
6.32000, 7375.
6.33000, 8947.
6.34000, 10730.
6.35000, 12120.
6.36000, 13621.
6.37000, 15407.
6.38000, 16341.
6.39000, 16743.
6.40000, 16929.
6.41000, 16520.
6.42000, 16107.
6.43000, 15043.
6.44000, 13730.
6.45000, 12130.
6.46000, 10449.
6.47000, 8795.
6.48000, 7236.
6.49000, 5888.
6.50000, 4577.
6.51000, 3644.
6.52000, 2579.
6.53000, 1850.
6.54000, 1425.
6.55000, 950.
6.56000, 656.
6.57000, 490.
6.58000, 351.
6.59000, 219.
6.60000, 201.
6.61000, 188.
6.62000, 156.
6.63000, 131.
6.64000, 102.
6.65000, 129.
6.66000, 107.
6.67000, 114.
6.68000, 110.
6.69000, 110.
6.70000, 104.
6.71000, 103.
6.72000, 120.
6.73000, 113.
6.74000, 109.
6.75000, 114.
6.76000, 130.
6.77000, 122.
6.78000, 110.
6.79000, 128.
6.80000, 121.
6.81000, 110.
6.82000, 117.
6.83000, 143.
6.84000, 146.
6.85000, 160.
6.86000, 170.
6.87000, 209.
6.88000, 236.
6.89000, 295.
6.90000, 318.
6.91000, 386.
6.92000, 466.
6.93000, 571.
6.94000, 693.
6.95000, 830.
6.96000, 1098.
6.97000, 1260.
6.98000, 1496.
6.99000, 1698.
7.00000, 1991.
7.01000, 2185.
7.02000, 2391.
7.03000, 2638.
7.04000, 2692.
7.05000, 2749.
7.06000, 2783.
7.07000, 2656.
7.08000, 2521.
7.09000, 2334.
7.10000, 2095.
7.11000, 1902.
7.12000, 1671.
7.13000, 1333.
7.14000, 1231.
7.15000, 1022.
7.16000, 771.
7.17000, 571.
7.18000, 468.
7.19000, 393.
7.20000, 265.
7.21000, 248.
7.22000, 166.
7.23000, 136.
7.24000, 116.
7.25000, 111.
7.26000, 94.
7.27000, 81.
7.28000, 73.
7.29000, 66.
7.30000, 71.
7.31000, 58.
7.32000, 56.
7.33000, 93.
7.34000, 76.
7.35000, 70.
7.36000, 83.
7.37000, 80.
7.38000, 80.
7.39000, 75.
7.40000, 86.
7.41000, 89.
7.42000, 103.
7.43000, 96.
7.44000, 101.
7.45000, 114.
7.46000, 106.
7.47000, 80.
7.48000, 94.
7.49000, 98.
7.50000, 102.
7.51000, 86.
7.52000, 87.
7.53000, 90.
7.54000, 72.
7.55000, 78.
7.56000, 72.
7.57000, 72.
7.58000, 65.
7.59000, 88.
7.60000, 78.
7.61000, 95.
7.62000, 77.
7.63000, 87.
7.64000, 77.
7.65000, 64.
7.66000, 84.
7.67000, 69.
7.68000, 86.
7.69000, 102.
7.70000, 75.
7.71000, 87.
7.72000, 73.
7.73000, 63.
7.74000, 88.
7.75000, 77.
7.76000, 78.
7.77000, 82.
7.78000, 81.
7.79000, 78.
7.80000, 90.
7.81000, 79.
7.82000, 82.
7.83000, 109.
7.84000, 95.
7.85000, 101.
7.86000, 128.
7.87000, 98.
7.88000, 98.
7.89000, 103.
7.90000, 118.
7.91000, 109.
7.92000, 110.
7.93000, 126.
7.94000, 108.
7.95000, 114.
7.96000, 122.
7.97000, 142.
7.98000, 149.
7.99000, 152.
8.00000, 155.
8.01000, 139.
8.02000, 162.
8.03000, 127.
8.04000, 186.
8.05000, 153.
8.06000, 164.
8.07000, 157.
8.08000, 180.
8.09000, 186.
8.10000, 159.
8.11000, 148.
8.12000, 160.
8.13000, 166.
8.14000, 148.
8.15000, 159.
8.16000, 139.
8.17000, 157.
8.18000, 136.
8.19000, 124.
8.20000, 120.
8.21000, 120.
8.22000, 116.
8.23000, 104.
8.24000, 106.
8.25000, 95.
8.26000, 117.
8.27000, 88.
8.28000, 89.
8.29000, 110.
8.30000, 91.
8.31000, 93.
8.32000, 102.
8.33000, 101.
8.34000, 99.
8.35000, 127.
8.36000, 114.
8.37000, 82.
8.38000, 89.
8.39000, 116.
8.40000, 98.
8.41000, 124.
8.42000, 102.
8.43000, 107.
8.44000, 122.
8.45000, 122.
8.46000, 127.
8.47000, 104.
8.48000, 115.
8.49000, 111.
8.50000, 140.
8.51000, 121.
8.52000, 145.
8.53000, 161.
8.54000, 183.
8.55000, 201.
8.56000, 199.
8.57000, 229.
8.58000, 263.
8.59000, 244.
8.60000, 277.
8.61000, 291.
8.62000, 304.
8.63000, 326.
8.64000, 328.
8.65000, 283.
8.66000, 304.
8.67000, 271.
8.68000, 241.
8.69000, 232.
8.70000, 191.
8.71000, 222.
8.72000, 186.
8.73000, 163.
8.74000, 151.
8.75000, 148.
8.76000, 153.
8.77000, 122.
8.78000, 135.
8.79000, 118.
8.80000, 110.
8.81000, 122.
8.82000, 116.
8.83000, 135.
8.84000, 121.
8.85000, 108.
8.86000, 110.
8.87000, 112.
8.88000, 119.
8.89000, 118.
8.90000, 131.
8.91000, 119.
8.92000, 119.
8.93000, 112.
8.94000, 117.
8.95000, 103.
8.96000, 119.
8.97000, 113.
8.98000, 105.
8.99000, 120.
9.00000, 116.
9.01000, 120.
9.02000, 104.
9.03000, 106.
9.04000, 120.
9.05000, 122.
9.06000, 97.
9.07000, 103.
9.08000, 124.
9.09000, 104.
9.10000, 103.
9.11000, 109.
9.12000, 111.
9.13000, 117.
9.14000, 124.
9.15000, 131.
9.16000, 126.
9.17000, 120.
9.18000, 123.
9.19000, 131.
9.20000, 123.
9.21000, 139.
9.22000, 145.
9.23000, 128.
9.24000, 129.
9.25000, 120.
9.26000, 124.
9.27000, 144.
9.28000, 119.
9.29000, 128.
9.30000, 108.
9.31000, 122.
9.32000, 103.
9.33000, 108.
9.34000, 135.
9.35000, 136.
9.36000, 111.
9.37000, 144.
9.38000, 102.
9.39000, 115.
9.40000, 110.
9.41000, 128.
9.42000, 125.
9.43000, 115.
9.44000, 111.
9.45000, 131.
9.46000, 149.
9.47000, 135.
9.48000, 136.
9.49000, 145.
9.50000, 127.
9.51000, 138.
9.52000, 151.
9.53000, 126.
9.54000, 143.
9.55000, 153.
9.56000, 151.
9.57000, 145.
9.58000, 149.
9.59000, 135.
9.60000, 152.
9.61000, 128.
9.62000, 157.
9.63000, 142.
9.64000, 145.
9.65000, 146.
9.66000, 140.
9.67000, 133.
9.68000, 118.
9.69000, 118.
9.70000, 137.
9.71000, 140.
9.72000, 114.
9.73000, 135.
9.74000, 139.
9.75000, 119.
9.76000, 119.
9.77000, 122.
9.78000, 103.
9.79000, 118.
9.80000, 134.
9.81000, 116.
9.82000, 134.
9.83000, 119.
9.84000, 136.
9.85000, 132.
9.86000, 130.
9.87000, 137.
9.88000, 106.
9.89000, 120.
9.90000, 127.
9.91000, 120.
9.92000, 133.
9.93000, 137.
9.94000, 118.
9.95000, 111.
9.96000, 130.
9.97000, 109.
9.98000, 139.
9.99000, 127.
10.00000, 112.
10.01000, 123.
10.02000, 125.
10.03000, 122.
10.04000, 128.
10.05000, 137.
10.06000, 121.
10.07000, 113.
10.08000, 128.
10.09000, 130.
10.10000, 120.
10.11000, 129.
10.12000, 135.
10.13000, 115.
10.14000, 132.
10.15000, 120.
10.16000, 102.
10.17000, 123.
10.18000, 135.
10.19000, 131.
10.20000, 133.
10.21000, 114.
10.22000, 90.
10.23000, 109.
10.24000, 111.
10.25000, 134.
10.26000, 114.
10.27000, 131.
10.28000, 115.
10.29000, 124.
10.30000, 145.
10.31000, 133.
10.32000, 140.
10.33000, 134.
10.34000, 125.
10.35000, 130.
10.36000, 147.
10.37000, 162.
10.38000, 151.
10.39000, 145.
10.40000, 151.
10.41000, 153.
10.42000, 141.
10.43000, 185.
10.44000, 180.
10.45000, 191.
10.46000, 240.
10.47000, 194.
10.48000, 219.
10.49000, 246.
10.50000, 229.
10.51000, 244.
10.52000, 269.
10.53000, 271.
10.54000, 288.
10.55000, 247.
10.56000, 285.
10.57000, 260.
10.58000, 231.
10.59000, 244.
10.60000, 199.
10.61000, 191.
10.62000, 212.
10.63000, 207.
10.64000, 175.
10.65000, 169.
10.66000, 195.
10.67000, 164.
10.68000, 141.
10.69000, 139.
10.70000, 144.
10.71000, 144.
10.72000, 147.
10.73000, 127.
10.74000, 126.
10.75000, 122.
10.76000, 143.
10.77000, 136.
10.78000, 110.
10.79000, 119.
10.80000, 121.
10.81000, 124.
10.82000, 125.
10.83000, 144.
10.84000, 122.
10.85000, 141.
10.86000, 126.
10.87000, 136.
10.88000, 139.
10.89000, 126.
10.90000, 144.
10.91000, 122.
10.92000, 129.
10.93000, 123.
10.94000, 129.
10.95000, 133.
10.96000, 139.
10.97000, 132.
10.98000, 112.
10.99000, 120.
11.00000, 141.
11.01000, 159.
11.02000, 134.
11.03000, 137.
11.04000, 119.
11.05000, 143.
11.06000, 145.
11.07000, 132.
11.08000, 133.
11.09000, 125.
11.10000, 150.
11.11000, 140.
11.12000, 129.
11.13000, 128.
11.14000, 144.
11.15000, 131.
11.16000, 142.
11.17000, 131.
11.18000, 154.
11.19000, 108.
11.20000, 146.
11.21000, 126.
11.22000, 135.
11.23000, 126.
11.24000, 147.
11.25000, 128.
11.26000, 125.
11.27000, 147.
11.28000, 134.
11.29000, 151.
11.30000, 142.
11.31000, 143.
11.32000, 142.
11.33000, 128.
11.34000, 126.
11.35000, 149.
11.36000, 134.
11.37000, 155.
11.38000, 132.
11.39000, 114.
11.40000, 144.
11.41000, 141.
11.42000, 141.
11.43000, 117.
11.44000, 147.
11.45000, 142.
11.46000, 140.
11.47000, 128.
11.48000, 139.
11.49000, 166.
11.50000, 140.
11.51000, 141.
11.52000, 128.
11.53000, 118.
11.54000, 144.
11.55000, 142.
11.56000, 153.
11.57000, 144.
11.58000, 122.
11.59000, 142.
11.60000, 142.
11.61000, 139.
11.62000, 149.
11.63000, 135.
11.64000, 126.
11.65000, 137.
11.66000, 152.
11.67000, 141.
11.68000, 132.
11.69000, 113.
11.70000, 132.
11.71000, 137.
11.72000, 127.
11.73000, 149.
11.74000, 123.
11.75000, 142.
11.76000, 160.
11.77000, 155.
11.78000, 158.
11.79000, 154.
11.80000, 133.
11.81000, 148.
11.82000, 130.
11.83000, 135.
11.84000, 159.
11.85000, 157.
11.86000, 131.
11.87000, 135.
11.88000, 148.
11.89000, 143.
11.90000, 134.
11.91000, 142.
11.92000, 140.
11.93000, 132.
11.94000, 134.
11.95000, 133.
11.96000, 143.
11.97000, 160.
11.98000, 139.
11.99000, 163.
12.00000, 128.
12.01000, 140.
12.02000, 138.
12.03000, 151.
12.04000, 125.
12.05000, 145.
12.06000, 128.
12.07000, 141.
12.08000, 151.
12.09000, 117.
12.10000, 132.
12.11000, 155.
12.12000, 148.
12.13000, 130.
12.14000, 158.
12.15000, 165.
12.16000, 172.
12.17000, 128.
12.18000, 149.
12.19000, 162.
12.20000, 122.
12.21000, 156.
12.22000, 156.
12.23000, 161.
12.24000, 143.
12.25000, 140.
12.26000, 137.
12.27000, 137.
12.28000, 166.
12.29000, 184.
12.30000, 129.
12.31000, 147.
12.32000, 154.
12.33000, 153.
12.34000, 140.
12.35000, 150.
12.36000, 155.
12.37000, 157.
12.38000, 128.
12.39000, 154.
12.40000, 154.
12.41000, 168.
12.42000, 170.
12.43000, 151.
12.44000, 179.
12.45000, 153.
12.46000, 160.
12.47000, 164.
12.48000, 175.
12.49000, 221.
12.50000, 213.
12.51000, 205.
12.52000, 225.
12.53000, 224.
12.54000, 227.
12.55000, 246.
12.56000, 213.
12.57000, 262.
12.58000, 274.
12.59000, 274.
12.60000, 235.
12.61000, 269.
12.62000, 294.
12.63000, 261.
12.64000, 262.
12.65000, 260.
12.66000, 256.
12.67000, 260.
12.68000, 228.
12.69000, 209.
12.70000, 221.
12.71000, 213.
12.72000, 234.
12.73000, 225.
12.74000, 218.
12.75000, 174.
12.76000, 253.
12.77000, 212.
12.78000, 209.
12.79000, 197.
12.80000, 189.
12.81000, 203.
12.82000, 169.
12.83000, 172.
12.84000, 208.
12.85000, 199.
12.86000, 170.
12.87000, 174.
12.88000, 164.
12.89000, 176.
12.90000, 179.
12.91000, 161.
12.92000, 147.
12.93000, 157.
12.94000, 171.
12.95000, 163.
12.96000, 156.
12.97000, 161.
12.98000, 158.
12.99000, 152.
13.00000, 151.
13.01000, 162.
13.02000, 158.
13.03000, 146.
13.04000, 180.
13.05000, 144.
13.06000, 147.
13.07000, 149.
13.08000, 143.
13.09000, 147.
13.10000, 160.
13.11000, 149.
13.12000, 161.
13.13000, 136.
13.14000, 150.
13.15000, 149.
13.16000, 147.
13.17000, 160.
13.18000, 148.
13.19000, 179.
13.20000, 154.
13.21000, 177.
13.22000, 152.
13.23000, 184.
13.24000, 158.
13.25000, 168.
13.26000, 165.
13.27000, 179.
13.28000, 194.
13.29000, 180.
13.30000, 188.
13.31000, 190.
13.32000, 201.
13.33000, 232.
13.34000, 228.
13.35000, 206.
13.36000, 178.
13.37000, 197.
13.38000, 207.
13.39000, 210.
13.40000, 197.
13.41000, 197.
13.42000, 178.
13.43000, 209.
13.44000, 210.
13.45000, 180.
13.46000, 188.
13.47000, 174.
13.48000, 167.
13.49000, 160.
13.50000, 173.
13.51000, 177.
13.52000, 140.
13.53000, 184.
13.54000, 191.
13.55000, 161.
13.56000, 133.
13.57000, 168.
13.58000, 178.
13.59000, 161.
13.60000, 162.
13.61000, 173.
13.62000, 144.
13.63000, 129.
13.64000, 162.
13.65000, 151.
13.66000, 150.
13.67000, 145.
13.68000, 148.
13.69000, 155.
13.70000, 142.
13.71000, 136.
13.72000, 127.
13.73000, 164.
13.74000, 144.
13.75000, 159.
13.76000, 122.
13.77000, 158.
13.78000, 147.
13.79000, 141.
13.80000, 140.
13.81000, 148.
13.82000, 137.
13.83000, 156.
13.84000, 165.
13.85000, 127.
13.86000, 159.
13.87000, 131.
13.88000, 119.
13.89000, 154.
13.90000, 157.
13.91000, 160.
13.92000, 138.
13.93000, 141.
13.94000, 133.
13.95000, 181.
13.96000, 169.
13.97000, 179.
13.98000, 167.
13.99000, 158.
14.00000, 185.
14.01000, 169.
14.02000, 177.
14.03000, 184.
14.04000, 192.
14.05000, 172.
14.06000, 213.
14.07000, 241.
14.08000, 230.
14.09000, 219.
14.10000, 204.
14.11000, 205.
14.12000, 223.
14.13000, 222.
14.14000, 200.
14.15000, 209.
14.16000, 227.
14.17000, 202.
14.18000, 198.
14.19000, 182.
14.20000, 235.
14.21000, 200.
14.22000, 191.
14.23000, 205.
14.24000, 180.
14.25000, 173.
14.26000, 175.
14.27000, 149.
14.28000, 165.
14.29000, 159.
14.30000, 157.
14.31000, 155.
14.32000, 133.
14.33000, 146.
14.34000, 136.
14.35000, 129.
14.36000, 152.
14.37000, 170.
14.38000, 145.
14.39000, 132.
14.40000, 148.
14.41000, 138.
14.42000, 152.
14.43000, 143.
14.44000, 139.
14.45000, 158.
14.46000, 136.
14.47000, 143.
14.48000, 143.
14.49000, 151.
14.50000, 165.
14.51000, 153.
14.52000, 156.
14.53000, 140.
14.54000, 141.
14.55000, 146.
14.56000, 150.
14.57000, 155.
14.58000, 145.
14.59000, 170.
14.60000, 147.
14.61000, 161.
14.62000, 173.
14.63000, 179.
14.64000, 143.
14.65000, 179.
14.66000, 176.
14.67000, 176.
14.68000, 153.
14.69000, 167.
14.70000, 190.
14.71000, 157.
14.72000, 148.
14.73000, 158.
14.74000, 185.
14.75000, 172.
14.76000, 194.
14.77000, 163.
14.78000, 160.
14.79000, 177.
14.80000, 166.
14.81000, 167.
14.82000, 190.
14.83000, 185.
14.84000, 183.
14.85000, 174.
14.86000, 165.
14.87000, 160.
14.88000, 173.
14.89000, 169.
14.90000, 162.
14.91000, 150.
14.92000, 169.
14.93000, 181.
14.94000, 186.
14.95000, 173.
14.96000, 159.
14.97000, 195.
14.98000, 162.
14.99000, 156.
15.00000, 171.
15.01000, 165.
15.02000, 167.
15.03000, 154.
15.04000, 159.
15.05000, 157.
15.06000, 170.
15.07000, 153.
15.08000, 153.
15.09000, 168.
15.10000, 148.
15.11000, 161.
15.12000, 161.
15.13000, 165.
15.14000, 169.
15.15000, 158.
15.16000, 134.
15.17000, 157.
15.18000, 162.
15.19000, 144.
15.20000, 149.
15.21000, 152.
15.22000, 185.
15.23000, 152.
15.24000, 164.
15.25000, 146.
15.26000, 146.
15.27000, 139.
15.28000, 150.
15.29000, 143.
15.30000, 133.
15.31000, 154.
15.32000, 133.
15.33000, 141.
15.34000, 150.
15.35000, 151.
15.36000, 152.
15.37000, 151.
15.38000, 130.
15.39000, 147.
15.40000, 128.
15.41000, 131.
15.42000, 135.
15.43000, 147.
15.44000, 148.
15.45000, 147.
15.46000, 155.
15.47000, 155.
15.48000, 161.
15.49000, 155.
15.50000, 170.
15.51000, 180.
15.52000, 219.
15.53000, 191.
15.54000, 187.
15.55000, 205.
15.56000, 228.
15.57000, 218.
15.58000, 240.
15.59000, 259.
15.60000, 275.
15.61000, 263.
15.62000, 303.
15.63000, 315.
15.64000, 337.
15.65000, 341.
15.66000, 374.
15.67000, 354.
15.68000, 412.
15.69000, 410.
15.70000, 429.
15.71000, 441.
15.72000, 424.
15.73000, 448.
15.74000, 437.
15.75000, 415.
15.76000, 429.
15.77000, 397.
15.78000, 423.
15.79000, 403.
15.80000, 350.
15.81000, 340.
15.82000, 318.
15.83000, 294.
15.84000, 318.
15.85000, 275.
15.86000, 253.
15.87000, 225.
15.88000, 212.
15.89000, 235.
15.90000, 199.
15.91000, 202.
15.92000, 183.
15.93000, 196.
15.94000, 170.
15.95000, 150.
15.96000, 167.
15.97000, 163.
15.98000, 178.
15.99000, 144.
16.00000, 159.
16.01000, 128.
16.02000, 150.
16.03000, 148.
16.04000, 142.
16.05000, 123.
16.06000, 145.
16.07000, 141.
16.08000, 142.
16.09000, 135.
16.10000, 140.
16.11000, 143.
16.12000, 153.
16.13000, 135.
16.14000, 128.
16.15000, 144.
16.16000, 145.
16.17000, 134.
16.18000, 143.
16.19000, 140.
16.20000, 126.
16.21000, 140.
16.22000, 141.
16.23000, 145.
16.24000, 140.
16.25000, 162.
16.26000, 119.
16.27000, 128.
16.28000, 114.
16.29000, 150.
16.30000, 153.
16.31000, 142.
16.32000, 135.
16.33000, 139.
16.34000, 163.
16.35000, 137.
16.36000, 135.
16.37000, 126.
16.38000, 145.
16.39000, 167.
16.40000, 159.
16.41000, 165.
16.42000, 133.
16.43000, 143.
16.44000, 153.
16.45000, 141.
16.46000, 155.
16.47000, 132.
16.48000, 131.
16.49000, 159.
16.50000, 139.
16.51000, 152.
16.52000, 155.
16.53000, 154.
16.54000, 172.
16.55000, 136.
16.56000, 144.
16.57000, 170.
16.58000, 164.
16.59000, 172.
16.60000, 155.
16.61000, 158.
16.62000, 167.
16.63000, 139.
16.64000, 162.
16.65000, 152.
16.66000, 157.
16.67000, 154.
16.68000, 159.
16.69000, 145.
16.70000, 162.
16.71000, 138.
16.72000, 142.
16.73000, 141.
16.74000, 137.
16.75000, 127.
16.76000, 149.
16.77000, 154.
16.78000, 150.
16.79000, 150.
16.80000, 146.
16.81000, 152.
16.82000, 151.
16.83000, 151.
16.84000, 154.
16.85000, 146.
16.86000, 158.
16.87000, 139.
16.88000, 143.
16.89000, 158.
16.90000, 129.
16.91000, 135.
16.92000, 159.
16.93000, 144.
16.94000, 134.
16.95000, 136.
16.96000, 138.
16.97000, 171.
16.98000, 146.
16.99000, 153.
17.00000, 151.
17.01000, 146.
17.02000, 132.
17.03000, 141.
17.04000, 153.
17.05000, 145.
17.06000, 164.
17.07000, 148.
17.08000, 153.
17.09000, 165.
17.10000, 147.
17.11000, 143.
17.12000, 150.
17.13000, 139.
17.14000, 154.
17.15000, 166.
17.16000, 152.
17.17000, 145.
17.18000, 142.
17.19000, 140.
17.20000, 170.
17.21000, 140.
17.22000, 155.
17.23000, 146.
17.24000, 171.
17.25000, 162.
17.26000, 148.
17.27000, 161.
17.28000, 173.
17.29000, 166.
17.30000, 150.
17.31000, 117.
17.32000, 143.
17.33000, 189.
17.34000, 142.
17.35000, 183.
17.36000, 190.
17.37000, 163.
17.38000, 151.
17.39000, 172.
17.40000, 150.
17.41000, 203.
17.42000, 166.
17.43000, 158.
17.44000, 154.
17.45000, 162.
17.46000, 185.
17.47000, 179.
17.48000, 165.
17.49000, 171.
17.50000, 177.
17.51000, 177.
17.52000, 192.
17.53000, 161.
17.54000, 216.
17.55000, 194.
17.56000, 206.
17.57000, 193.
17.58000, 204.
17.59000, 224.
17.60000, 190.
17.61000, 200.
17.62000, 231.
17.63000, 208.
17.64000, 198.
17.65000, 208.
17.66000, 214.
17.67000, 211.
17.68000, 208.
17.69000, 235.
17.70000, 209.
17.71000, 205.
17.72000, 214.
17.73000, 180.
17.74000, 209.
17.75000, 219.
17.76000, 201.
17.77000, 194.
17.78000, 205.
17.79000, 195.
17.80000, 184.
17.81000, 220.
17.82000, 199.
17.83000, 213.
17.84000, 177.
17.85000, 198.
17.86000, 176.
17.87000, 187.
17.88000, 214.
17.89000, 187.
17.90000, 191.
17.91000, 220.
17.92000, 198.
17.93000, 194.
17.94000, 201.
17.95000, 207.
17.96000, 236.
17.97000, 191.
17.98000, 207.
17.99000, 210.
18.00000, 221.
18.01000, 206.
18.02000, 221.
18.03000, 232.
18.04000, 210.
18.05000, 227.
18.06000, 237.
18.07000, 268.
18.08000, 244.
18.09000, 239.
18.10000, 229.
18.11000, 232.
18.12000, 245.
18.13000, 207.
18.14000, 290.
18.15000, 240.
18.16000, 249.
18.17000, 265.
18.18000, 262.
18.19000, 290.
18.20000, 246.
18.21000, 264.
18.22000, 280.
18.23000, 264.
18.24000, 297.
18.25000, 306.
18.26000, 297.
18.27000, 315.
18.28000, 326.
18.29000, 326.
18.30000, 316.
18.31000, 343.
18.32000, 314.
18.33000, 355.
18.34000, 339.
18.35000, 404.
18.36000, 365.
18.37000, 375.
18.38000, 371.
18.39000, 440.
18.40000, 397.
18.41000, 419.
18.42000, 433.
18.43000, 452.
18.44000, 472.
18.45000, 475.
18.46000, 520.
18.47000, 524.
18.48000, 495.
18.49000, 542.
18.50000, 534.
18.51000, 549.
18.52000, 556.
18.53000, 591.
18.54000, 669.
18.55000, 598.
18.56000, 630.
18.57000, 640.
18.58000, 698.
18.59000, 687.
18.60000, 715.
18.61000, 721.
18.62000, 689.
18.63000, 776.
18.64000, 720.
18.65000, 723.
18.66000, 794.
18.67000, 736.
18.68000, 839.
18.69000, 820.
18.70000, 870.
18.71000, 827.
18.72000, 887.
18.73000, 845.
18.74000, 900.
18.75000, 856.
18.76000, 871.
18.77000, 846.
18.78000, 890.
18.79000, 896.
18.80000, 933.
18.81000, 913.
18.82000, 844.
18.83000, 920.
18.84000, 837.
18.85000, 835.
18.86000, 878.
18.87000, 840.
18.88000, 824.
18.89000, 804.
18.90000, 794.
18.91000, 851.
18.92000, 772.
18.93000, 805.
18.94000, 773.
18.95000, 706.
18.96000, 767.
18.97000, 699.
18.98000, 724.
18.99000, 735.
19.00000, 701.
19.01000, 679.
19.02000, 660.
19.03000, 648.
19.04000, 621.
19.05000, 618.
19.06000, 590.
19.07000, 535.
19.08000, 522.
19.09000, 554.
19.10000, 528.
19.11000, 556.
19.12000, 491.
19.13000, 494.
19.14000, 527.
19.15000, 442.
19.16000, 448.
19.17000, 438.
19.18000, 421.
19.19000, 399.
19.20000, 434.
19.21000, 380.
19.22000, 413.
19.23000, 384.
19.24000, 413.
19.25000, 349.
19.26000, 353.
19.27000, 329.
19.28000, 312.
19.29000, 308.
19.30000, 322.
19.31000, 297.
19.32000, 298.
19.33000, 256.
19.34000, 271.
19.35000, 256.
19.36000, 281.
19.37000, 269.
19.38000, 312.
19.39000, 282.
19.40000, 269.
19.41000, 235.
19.42000, 232.
19.43000, 234.
19.44000, 271.
19.45000, 229.
19.46000, 220.
19.47000, 242.
19.48000, 207.
19.49000, 210.
19.50000, 238.
19.51000, 195.
19.52000, 216.
19.53000, 206.
19.54000, 193.
19.55000, 204.
19.56000, 239.
19.57000, 215.
19.58000, 182.
19.59000, 222.
19.60000, 187.
19.61000, 182.
19.62000, 173.
19.63000, 177.
19.64000, 191.
19.65000, 198.
19.66000, 193.
19.67000, 192.
19.68000, 180.
19.69000, 177.
19.70000, 171.
19.71000, 166.
19.72000, 147.
19.73000, 182.
19.74000, 171.
19.75000, 157.
19.76000, 155.
19.77000, 164.
19.78000, 164.
19.79000, 166.
19.80000, 150.
19.81000, 189.
19.82000, 163.
19.83000, 170.
19.84000, 179.
19.85000, 179.
19.86000, 207.
19.87000, 160.
19.88000, 194.
19.89000, 185.
19.90000, 205.
19.91000, 231.
19.92000, 234.
19.93000, 231.
19.94000, 285.
19.95000, 279.
19.96000, 273.
19.97000, 300.
19.98000, 304.
19.99000, 363.
20.00000, 327.
20.01000, 372.
20.02000, 365.
20.03000, 384.
20.04000, 432.
20.05000, 477.
20.06000, 482.
20.07000, 480.
20.08000, 461.
20.09000, 527.
20.10000, 512.
20.11000, 494.
20.12000, 559.
20.13000, 492.
20.14000, 539.
20.15000, 565.
20.16000, 583.
20.17000, 493.
20.18000, 536.
20.19000, 492.
20.20000, 494.
20.21000, 479.
20.22000, 497.
20.23000, 476.
20.24000, 461.
20.25000, 464.
20.26000, 392.
20.27000, 412.
20.28000, 315.
20.29000, 314.
20.30000, 281.
20.31000, 300.
20.32000, 294.
20.33000, 247.
20.34000, 233.
20.35000, 216.
20.36000, 194.
20.37000, 193.
20.38000, 203.
20.39000, 185.
20.40000, 171.
20.41000, 150.
20.42000, 162.
20.43000, 147.
20.44000, 166.
20.45000, 167.
20.46000, 160.
20.47000, 147.
20.48000, 163.
20.49000, 137.
20.50000, 150.
20.51000, 147.
20.52000, 144.
20.53000, 169.
20.54000, 151.
20.55000, 171.
20.56000, 161.
20.57000, 167.
20.58000, 163.
20.59000, 159.
20.60000, 161.
20.61000, 148.
20.62000, 151.
20.63000, 182.
20.64000, 177.
20.65000, 190.
20.66000, 182.
20.67000, 163.
20.68000, 178.
20.69000, 170.
20.70000, 182.
20.71000, 189.
20.72000, 199.
20.73000, 183.
20.74000, 231.
20.75000, 202.
20.76000, 218.
20.77000, 206.
20.78000, 233.
20.79000, 215.
20.80000, 199.
20.81000, 207.
20.82000, 202.
20.83000, 237.
20.84000, 204.
20.85000, 191.
20.86000, 232.
20.87000, 213.
20.88000, 228.
20.89000, 222.
20.90000, 218.
20.91000, 230.
20.92000, 228.
20.93000, 233.
20.94000, 242.
20.95000, 227.
20.96000, 195.
20.97000, 231.
20.98000, 224.
20.99000, 250.
21.00000, 235.
21.01000, 205.
21.02000, 233.
21.03000, 246.
21.04000, 240.
21.05000, 227.
21.06000, 249.
21.07000, 240.
21.08000, 240.
21.09000, 209.
21.10000, 193.
21.11000, 230.
21.12000, 244.
21.13000, 233.
21.14000, 224.
21.15000, 212.
21.16000, 240.
21.17000, 183.
21.18000, 219.
21.19000, 186.
21.20000, 230.
21.21000, 210.
21.22000, 202.
21.23000, 206.
21.24000, 211.
21.25000, 191.
21.26000, 194.
21.27000, 209.
21.28000, 182.
21.29000, 188.
21.30000, 161.
21.31000, 189.
21.32000, 187.
21.33000, 181.
21.34000, 170.
21.35000, 167.
21.36000, 173.
21.37000, 196.
21.38000, 167.
21.39000, 155.
21.40000, 155.
21.41000, 152.
21.42000, 160.
21.43000, 152.
21.44000, 152.
21.45000, 125.
21.46000, 155.
21.47000, 140.
21.48000, 140.
21.49000, 145.
21.50000, 169.
21.51000, 114.
21.52000, 145.
21.53000, 137.
21.54000, 122.
21.55000, 137.
21.56000, 129.
21.57000, 152.
21.58000, 110.
21.59000, 117.
21.60000, 125.
21.61000, 142.
21.62000, 130.
21.63000, 140.
21.64000, 120.
21.65000, 130.
21.66000, 122.
21.67000, 121.
21.68000, 117.
21.69000, 114.
21.70000, 111.
21.71000, 108.
21.72000, 98.
21.73000, 123.
21.74000, 106.
21.75000, 130.
21.76000, 109.
21.77000, 128.
21.78000, 97.
21.79000, 120.
21.80000, 112.
21.81000, 107.
21.82000, 94.
21.83000, 89.
21.84000, 91.
21.85000, 89.
21.86000, 89.
21.87000, 101.
21.88000, 102.
21.89000, 99.
21.90000, 110.
21.91000, 101.
21.92000, 98.
21.93000, 99.
21.94000, 108.
21.95000, 98.
21.96000, 82.
21.97000, 95.
21.98000, 99.
21.99000, 105.
22.00000, 101.
22.01000, 94.
22.02000, 101.
22.03000, 81.
22.04000, 74.
22.05000, 78.
22.06000, 84.
22.07000, 80.
22.08000, 93.
22.09000, 81.
22.10000, 118.
22.11000, 88.
22.12000, 85.
22.13000, 78.
22.14000, 100.
22.15000, 84.
22.16000, 96.
22.17000, 104.
22.18000, 85.
22.19000, 71.
22.20000, 81.
22.21000, 83.
22.22000, 85.
22.23000, 80.
22.24000, 86.
22.25000, 75.
22.26000, 78.
22.27000, 95.
22.28000, 75.
22.29000, 96.
22.30000, 77.
22.31000, 76.
22.32000, 94.
22.33000, 79.
22.34000, 68.
22.35000, 78.
22.36000, 84.
22.37000, 89.
22.38000, 93.
22.39000, 80.
22.40000, 94.
22.41000, 99.
22.42000, 73.
22.43000, 68.
22.44000, 69.
22.45000, 84.
22.46000, 74.
22.47000, 83.
22.48000, 99.
22.49000, 87.
22.50000, 99.
22.51000, 85.
22.52000, 106.
22.53000, 120.
22.54000, 110.
22.55000, 88.
22.56000, 109.
22.57000, 103.
22.58000, 121.
22.59000, 125.
22.60000, 121.
22.61000, 105.
22.62000, 122.
22.63000, 151.
22.64000, 123.
22.65000, 123.
22.66000, 158.
22.67000, 137.
22.68000, 139.
22.69000, 153.
22.70000, 129.
22.71000, 139.
22.72000, 127.
22.73000, 131.
22.74000, 139.
22.75000, 111.
22.76000, 144.
22.77000, 97.
22.78000, 121.
22.79000, 117.
22.80000, 120.
22.81000, 107.
22.82000, 119.
22.83000, 85.
22.84000, 106.
22.85000, 96.
22.86000, 82.
22.87000, 87.
22.88000, 89.
22.89000, 90.
22.90000, 88.
22.91000, 88.
22.92000, 70.
22.93000, 79.
22.94000, 80.
22.95000, 82.
22.96000, 90.
22.97000, 74.
22.98000, 75.
22.99000, 68.
23.00000, 76.
23.01000, 62.
23.02000, 86.
23.03000, 70.
23.04000, 77.
23.05000, 83.
23.06000, 74.
23.07000, 73.
23.08000, 81.
23.09000, 86.
23.10000, 72.
23.11000, 85.
23.12000, 73.
23.13000, 79.
23.14000, 90.
23.15000, 94.
23.16000, 80.
23.17000, 88.
23.18000, 81.
23.19000, 73.
23.20000, 93.
23.21000, 73.
23.22000, 89.
23.23000, 89.
23.24000, 65.
23.25000, 57.
23.26000, 58.
23.27000, 75.
23.28000, 63.
23.29000, 72.
23.30000, 71.
23.31000, 71.
23.32000, 58.
23.33000, 57.
23.34000, 64.
23.35000, 72.
23.36000, 76.
23.37000, 63.
23.38000, 59.
23.39000, 65.
23.40000, 57.
23.41000, 61.
23.42000, 63.
23.43000, 72.
23.44000, 60.
23.45000, 85.
23.46000, 59.
23.47000, 63.
23.48000, 64.
23.49000, 70.
23.50000, 76.
23.51000, 74.
23.52000, 68.
23.53000, 50.
23.54000, 58.
23.55000, 78.
23.56000, 62.
23.57000, 65.
23.58000, 63.
23.59000, 64.
23.60000, 64.
23.61000, 60.
23.62000, 46.
23.63000, 72.
23.64000, 68.
23.65000, 57.
23.66000, 78.
23.67000, 69.
23.68000, 59.
23.69000, 57.
23.70000, 56.
23.71000, 72.
23.72000, 60.
23.73000, 65.
23.74000, 63.
23.75000, 71.
23.76000, 57.
23.77000, 82.
23.78000, 61.
23.79000, 55.
23.80000, 47.
23.81000, 62.
23.82000, 57.
23.83000, 69.
23.84000, 61.
23.85000, 78.
23.86000, 70.
23.87000, 57.
23.88000, 68.
23.89000, 64.
23.90000, 71.
23.91000, 71.
23.92000, 57.
23.93000, 53.
23.94000, 71.
23.95000, 58.
23.96000, 64.
23.97000, 54.
23.98000, 66.
23.99000, 70.
24.00000, 63.
24.01000, 65.
24.02000, 56.
24.03000, 72.
24.04000, 53.
24.05000, 66.
24.06000, 74.
24.07000, 59.
24.08000, 56.
24.09000, 62.
24.10000, 64.
24.11000, 61.
24.12000, 72.
24.13000, 59.
24.14000, 65.
24.15000, 44.
24.16000, 68.
24.17000, 52.
24.18000, 62.
24.19000, 68.
24.20000, 62.
24.21000, 69.
24.22000, 59.
24.23000, 55.
24.24000, 66.
24.25000, 57.
24.26000, 62.
24.27000, 50.
24.28000, 60.
24.29000, 70.
24.30000, 58.
24.31000, 62.
24.32000, 61.
24.33000, 66.
24.34000, 62.
24.35000, 52.
24.36000, 52.
24.37000, 63.
24.38000, 53.
24.39000, 59.
24.40000, 67.
24.41000, 69.
24.42000, 66.
24.43000, 58.
24.44000, 68.
24.45000, 67.
24.46000, 67.
24.47000, 58.
24.48000, 69.
24.49000, 59.
24.50000, 64.
24.51000, 65.
24.52000, 58.
24.53000, 79.
24.54000, 57.
24.55000, 65.
24.56000, 61.
24.57000, 54.
24.58000, 62.
24.59000, 58.
24.60000, 56.
24.61000, 72.
24.62000, 57.
24.63000, 57.
24.64000, 51.
24.65000, 61.
24.66000, 58.
24.67000, 64.
24.68000, 64.
24.69000, 53.
24.70000, 77.
24.71000, 55.
24.72000, 51.
24.73000, 71.
24.74000, 60.
24.75000, 55.
24.76000, 69.
24.77000, 59.
24.78000, 62.
24.79000, 65.
24.80000, 71.
24.81000, 59.
24.82000, 55.
24.83000, 59.
24.84000, 74.
24.85000, 52.
24.86000, 68.
24.87000, 55.
24.88000, 53.
24.89000, 62.
24.90000, 64.
24.91000, 63.
24.92000, 76.
24.93000, 65.
24.94000, 75.
24.95000, 64.
24.96000, 61.
24.97000, 79.
24.98000, 64.
24.99000, 64.
25.00000, 75.
25.01000, 65.
25.02000, 56.
25.03000, 78.
25.04000, 56.
25.05000, 64.
25.06000, 72.
25.07000, 56.
25.08000, 63.
25.09000, 68.
25.10000, 58.
25.11000, 72.
25.12000, 50.
25.13000, 62.
25.14000, 66.
25.15000, 75.
25.16000, 78.
25.17000, 71.
25.18000, 80.
25.19000, 72.
25.20000, 59.
25.21000, 70.
25.22000, 66.
25.23000, 69.
25.24000, 74.
25.25000, 71.
25.26000, 67.
25.27000, 68.
25.28000, 76.
25.29000, 64.
25.30000, 71.
25.31000, 69.
25.32000, 59.
25.33000, 51.
25.34000, 58.
25.35000, 66.
25.36000, 57.
25.37000, 67.
25.38000, 58.
25.39000, 62.
25.40000, 50.
25.41000, 82.
25.42000, 62.
25.43000, 57.
25.44000, 59.
25.45000, 62.
25.46000, 69.
25.47000, 52.
25.48000, 57.
25.49000, 50.
25.50000, 63.
25.51000, 71.
25.52000, 52.
25.53000, 67.
25.54000, 62.
25.55000, 45.
25.56000, 59.
25.57000, 55.
25.58000, 73.
25.59000, 61.
25.60000, 66.
25.61000, 65.
25.62000, 48.
25.63000, 61.
25.64000, 71.
25.65000, 47.
25.66000, 50.
25.67000, 64.
25.68000, 57.
25.69000, 61.
25.70000, 49.
25.71000, 50.
25.72000, 53.
25.73000, 67.
25.74000, 55.
25.75000, 62.
25.76000, 49.
25.77000, 61.
25.78000, 53.
25.79000, 67.
25.80000, 48.
25.81000, 55.
25.82000, 55.
25.83000, 57.
25.84000, 55.
25.85000, 48.
25.86000, 53.
25.87000, 47.
25.88000, 68.
25.89000, 65.
25.90000, 54.
25.91000, 60.
25.92000, 53.
25.93000, 45.
25.94000, 59.
25.95000, 55.
25.96000, 52.
25.97000, 57.
25.98000, 64.
25.99000, 52.
26.00000, 54.
26.01000, 68.
26.02000, 60.
26.03000, 60.
26.04000, 48.
26.05000, 51.
26.06000, 65.
26.07000, 67.
26.08000, 56.
26.09000, 56.
26.10000, 57.
26.11000, 50.
26.12000, 57.
26.13000, 67.
26.14000, 58.
26.15000, 48.
26.16000, 44.
26.17000, 46.
26.18000, 57.
26.19000, 49.
26.20000, 54.
26.21000, 37.
26.22000, 37.
26.23000, 49.
26.24000, 52.
26.25000, 69.
26.26000, 46.
26.27000, 54.
26.28000, 55.
26.29000, 60.
26.30000, 60.
26.31000, 47.
26.32000, 50.
26.33000, 57.
26.34000, 61.
26.35000, 56.
26.36000, 53.
26.37000, 59.
26.38000, 63.
26.39000, 54.
26.40000, 57.
26.41000, 46.
26.42000, 54.
26.43000, 53.
26.44000, 44.
26.45000, 52.
26.46000, 61.
26.47000, 59.
26.48000, 49.
26.49000, 46.
26.50000, 52.
26.51000, 60.
26.52000, 60.
26.53000, 55.
26.54000, 66.
26.55000, 53.
26.56000, 59.
26.57000, 57.
26.58000, 56.
26.59000, 50.
26.60000, 49.
26.61000, 52.
26.62000, 60.
26.63000, 51.
26.64000, 45.
26.65000, 57.
26.66000, 66.
26.67000, 62.
26.68000, 59.
26.69000, 52.
26.70000, 56.
26.71000, 49.
26.72000, 47.
26.73000, 45.
26.74000, 48.
26.75000, 48.
26.76000, 59.
26.77000, 47.
26.78000, 49.
26.79000, 50.
26.80000, 44.
26.81000, 49.
26.82000, 54.
26.83000, 54.
26.84000, 46.
26.85000, 45.
26.86000, 50.
26.87000, 52.
26.88000, 55.
26.89000, 44.
26.90000, 51.
26.91000, 45.
26.92000, 64.
26.93000, 44.
26.94000, 44.
26.95000, 42.
26.96000, 40.
26.97000, 41.
26.98000, 58.
26.99000, 58.
27.00000, 51.
27.01000, 64.
27.02000, 55.
27.03000, 56.
27.04000, 55.
27.05000, 41.
27.06000, 55.
27.07000, 53.
27.08000, 51.
27.09000, 46.
27.10000, 52.
27.11000, 39.
27.12000, 45.
27.13000, 57.
27.14000, 55.
27.15000, 42.
27.16000, 41.
27.17000, 59.
27.18000, 45.
27.19000, 67.
27.20000, 40.
27.21000, 57.
27.22000, 56.
27.23000, 51.
27.24000, 58.
27.25000, 45.
27.26000, 54.
27.27000, 56.
27.28000, 47.
27.29000, 34.
27.30000, 48.
27.31000, 37.
27.32000, 53.
27.33000, 56.
27.34000, 54.
27.35000, 46.
27.36000, 39.
27.37000, 43.
27.38000, 42.
27.39000, 42.
27.40000, 45.
27.41000, 35.
27.42000, 42.
27.43000, 45.
27.44000, 55.
27.45000, 45.
27.46000, 40.
27.47000, 48.
27.48000, 46.
27.49000, 44.
27.50000, 61.
27.51000, 45.
27.52000, 54.
27.53000, 37.
27.54000, 46.
27.55000, 40.
27.56000, 46.
27.57000, 42.
27.58000, 49.
27.59000, 46.
27.60000, 33.
27.61000, 54.
27.62000, 64.
27.63000, 44.
27.64000, 47.
27.65000, 42.
27.66000, 36.
27.67000, 43.
27.68000, 51.
27.69000, 46.
27.70000, 48.
27.71000, 38.
27.72000, 58.
27.73000, 45.
27.74000, 59.
27.75000, 53.
27.76000, 49.
27.77000, 45.
27.78000, 47.
27.79000, 50.
27.80000, 53.
27.81000, 42.
27.82000, 40.
27.83000, 52.
27.84000, 38.
27.85000, 44.
27.86000, 48.
27.87000, 51.
27.88000, 58.
27.89000, 40.
27.90000, 44.
27.91000, 56.
27.92000, 38.
27.93000, 45.
27.94000, 50.
27.95000, 50.
27.96000, 45.
27.97000, 43.
27.98000, 48.
27.99000, 45.
28.00000, 52.
28.01000, 52.
28.02000, 49.
28.03000, 44.
28.04000, 46.
28.05000, 54.
28.06000, 40.
28.07000, 45.
28.08000, 33.
28.09000, 48.
28.10000, 37.
28.11000, 36.
28.12000, 41.
28.13000, 39.
28.14000, 47.
28.15000, 36.
28.16000, 43.
28.17000, 42.
28.18000, 38.
28.19000, 50.
28.20000, 43.
28.21000, 38.
28.22000, 50.
28.23000, 52.
28.24000, 44.
28.25000, 37.
28.26000, 53.
28.27000, 32.
28.28000, 24.
28.29000, 49.
28.30000, 46.
28.31000, 43.
28.32000, 41.
28.33000, 39.
28.34000, 41.
28.35000, 44.
28.36000, 41.
28.37000, 41.
28.38000, 45.
28.39000, 39.
28.40000, 31.
28.41000, 56.
28.42000, 36.
28.43000, 55.
28.44000, 34.
28.45000, 43.
28.46000, 45.
28.47000, 44.
28.48000, 51.
28.49000, 37.
28.50000, 39.
28.51000, 45.
28.52000, 29.
28.53000, 47.
28.54000, 29.
28.55000, 40.
28.56000, 41.
28.57000, 39.
28.58000, 46.
28.59000, 45.
28.60000, 38.
28.61000, 31.
28.62000, 38.
28.63000, 44.
28.64000, 37.
28.65000, 44.
28.66000, 45.
28.67000, 37.
28.68000, 31.
28.69000, 45.
28.70000, 42.
28.71000, 36.
28.72000, 45.
28.73000, 41.
28.74000, 43.
28.75000, 41.
28.76000, 35.
28.77000, 38.
28.78000, 43.
28.79000, 35.
28.80000, 46.
28.81000, 43.
28.82000, 34.
28.83000, 33.
28.84000, 40.
28.85000, 33.
28.86000, 35.
28.87000, 40.
28.88000, 36.
28.89000, 40.
28.90000, 52.
28.91000, 44.
28.92000, 46.
28.93000, 35.
28.94000, 41.
28.95000, 45.
28.96000, 51.
28.97000, 37.
28.98000, 41.
28.99000, 35.
29.00000, 25.
29.01000, 42.
29.02000, 51.
29.03000, 32.
29.04000, 38.
29.05000, 41.
29.06000, 44.
29.07000, 44.
29.08000, 48.
29.09000, 37.
29.10000, 42.
29.11000, 42.
29.12000, 44.
29.13000, 29.
29.14000, 43.
29.15000, 27.
29.16000, 54.
29.17000, 39.
29.18000, 36.
29.19000, 34.
29.20000, 31.
29.21000, 46.
29.22000, 37.
29.23000, 29.
29.24000, 40.
29.25000, 43.
29.26000, 39.
29.27000, 36.
29.28000, 37.
29.29000, 36.
29.30000, 34.
29.31000, 47.
29.32000, 39.
29.33000, 45.
29.34000, 41.
29.35000, 38.
29.36000, 41.
29.37000, 43.
29.38000, 31.
29.39000, 35.
29.40000, 30.
29.41000, 35.
29.42000, 42.
29.43000, 30.
29.44000, 41.
29.45000, 33.
29.46000, 38.
29.47000, 33.
29.48000, 37.
29.49000, 35.
29.50000, 27.
29.51000, 35.
29.52000, 44.
29.53000, 47.
29.54000, 37.
29.55000, 38.
29.56000, 36.
29.57000, 38.
29.58000, 41.
29.59000, 39.
29.60000, 36.
29.61000, 28.
29.62000, 52.
29.63000, 28.
29.64000, 43.
29.65000, 42.
29.66000, 39.
29.67000, 35.
29.68000, 52.
29.69000, 44.
29.70000, 46.
29.71000, 32.
29.72000, 32.
29.73000, 31.
29.74000, 37.
29.75000, 26.
29.76000, 30.
29.77000, 37.
29.78000, 44.
29.79000, 36.
29.80000, 26.
29.81000, 33.
29.82000, 35.
29.83000, 41.
29.84000, 42.
29.85000, 22.
29.86000, 39.
29.87000, 31.
29.88000, 33.
29.89000, 42.
29.90000, 40.
29.91000, 41.
29.92000, 41.
29.93000, 38.
29.94000, 28.
29.95000, 39.
29.96000, 27.
29.97000, 28.
29.98000, 45.
29.99000, 39.
30.00000, 23.
30.01000, 32.
30.02000, 26.
30.03000, 30.
30.04000, 41.
30.05000, 36.
30.06000, 36.
30.07000, 31.
30.08000, 39.
30.09000, 45.
30.10000, 38.
30.11000, 39.
30.12000, 28.
30.13000, 38.
30.14000, 42.
30.15000, 42.
30.16000, 40.
30.17000, 42.
30.18000, 25.
30.19000, 27.
30.20000, 30.
30.21000, 35.
30.22000, 34.
30.23000, 38.
30.24000, 25.
30.25000, 22.
30.26000, 28.
30.27000, 21.
30.28000, 42.
30.29000, 27.
30.30000, 31.
30.31000, 35.
30.32000, 35.
30.33000, 30.
30.34000, 47.
30.35000, 39.
30.36000, 36.
30.37000, 35.
30.38000, 35.
30.39000, 31.
30.40000, 30.
30.41000, 31.
30.42000, 38.
30.43000, 36.
30.44000, 43.
30.45000, 29.
30.46000, 38.
30.47000, 32.
30.48000, 37.
30.49000, 34.
30.50000, 38.
30.51000, 38.
30.52000, 26.
30.53000, 39.
30.54000, 27.
30.55000, 36.
30.56000, 33.
30.57000, 35.
30.58000, 26.
30.59000, 38.
30.60000, 26.
30.61000, 40.
30.62000, 24.
30.63000, 34.
30.64000, 31.
30.65000, 33.
30.66000, 35.
30.67000, 22.
30.68000, 27.
30.69000, 26.
30.70000, 36.
30.71000, 39.
30.72000, 31.
30.73000, 39.
30.74000, 38.
30.75000, 36.
30.76000, 39.
30.77000, 32.
30.78000, 32.
30.79000, 39.
30.80000, 21.
30.81000, 28.
30.82000, 33.
30.83000, 27.
30.84000, 36.
30.85000, 30.
30.86000, 24.
30.87000, 31.
30.88000, 33.
30.89000, 26.
30.90000, 35.
30.91000, 32.
30.92000, 41.
30.93000, 31.
30.94000, 36.
30.95000, 37.
30.96000, 23.
30.97000, 33.
30.98000, 29.
30.99000, 28.
31.00000, 33.
31.01000, 33.
31.02000, 27.
31.03000, 34.
31.04000, 29.
31.05000, 40.
31.06000, 30.
31.07000, 29.
31.08000, 28.
31.09000, 30.
31.10000, 35.
31.11000, 26.
31.12000, 31.
31.13000, 28.
31.14000, 27.
31.15000, 32.
31.16000, 25.
31.17000, 31.
31.18000, 33.
31.19000, 32.
31.20000, 39.
31.21000, 29.
31.22000, 22.
31.23000, 27.
31.24000, 30.
31.25000, 25.
31.26000, 28.
31.27000, 31.
31.28000, 25.
31.29000, 24.
31.30000, 23.
31.31000, 32.
31.32000, 32.
31.33000, 22.
31.34000, 30.
31.35000, 20.
31.36000, 30.
31.37000, 33.
31.38000, 34.
31.39000, 34.
31.40000, 32.
31.41000, 29.
31.42000, 32.
31.43000, 24.
31.44000, 36.
31.45000, 31.
31.46000, 31.
31.47000, 41.
31.48000, 34.
31.49000, 29.
31.50000, 31.
31.51000, 30.
31.52000, 31.
31.53000, 37.
31.54000, 30.
31.55000, 28.
31.56000, 36.
31.57000, 34.
31.58000, 31.
31.59000, 16.
31.60000, 33.
31.61000, 26.
31.62000, 24.
31.63000, 34.
31.64000, 37.
31.65000, 40.
31.66000, 31.
31.67000, 29.
31.68000, 31.
31.69000, 35.
31.70000, 20.
31.71000, 28.
31.72000, 28.
31.73000, 37.
31.74000, 26.
31.75000, 32.
31.76000, 28.
31.77000, 40.
31.78000, 36.
31.79000, 24.
31.80000, 37.
31.81000, 25.
31.82000, 27.
31.83000, 27.
31.84000, 16.
31.85000, 24.
31.86000, 21.
31.87000, 31.
31.88000, 24.
31.89000, 26.
31.90000, 27.
31.91000, 25.
31.92000, 36.
31.93000, 32.
31.94000, 25.
31.95000, 23.
31.96000, 30.
31.97000, 27.
31.98000, 24.
31.99000, 33.
32.00000, 27.
32.01000, 33.
32.02000, 28.
32.03000, 31.
32.04000, 29.
32.05000, 37.
32.06000, 26.
32.07000, 35.
32.08000, 18.
32.09000, 27.
32.10000, 39.
32.11000, 26.
32.12000, 24.
32.13000, 23.
32.14000, 36.
32.15000, 25.
32.16000, 32.
32.17000, 35.
32.18000, 32.
32.19000, 31.
32.20000, 37.
32.21000, 38.
32.22000, 25.
32.23000, 30.
32.24000, 30.
32.25000, 33.
32.26000, 23.
32.27000, 32.
32.28000, 21.
32.29000, 26.
32.30000, 28.
32.31000, 30.
32.32000, 29.
32.33000, 22.
32.34000, 20.
32.35000, 24.
32.36000, 36.
32.37000, 27.
32.38000, 28.
32.39000, 31.
32.40000, 31.
32.41000, 29.
32.42000, 25.
32.43000, 29.
32.44000, 31.
32.45000, 22.
32.46000, 23.
32.47000, 14.
32.48000, 14.
32.49000, 20.
32.50000, 21.
32.51000, 28.
32.52000, 30.
32.53000, 26.
32.54000, 17.
32.55000, 17.
32.56000, 23.
32.57000, 25.
32.58000, 17.
32.59000, 34.
32.60000, 26.
32.61000, 28.
32.62000, 24.
32.63000, 22.
32.64000, 17.
32.65000, 19.
32.66000, 25.
32.67000, 21.
32.68000, 18.
32.69000, 30.
32.70000, 24.
32.71000, 19.
32.72000, 17.
32.73000, 21.
32.74000, 17.
32.75000, 23.
32.76000, 22.
32.77000, 25.
32.78000, 25.
32.79000, 19.
32.80000, 28.
32.81000, 20.
32.82000, 23.
32.83000, 16.
32.84000, 33.
32.85000, 25.
32.86000, 28.
32.87000, 21.
32.88000, 26.
32.89000, 20.
32.90000, 22.
32.91000, 23.
32.92000, 21.
32.93000, 27.
32.94000, 24.
32.95000, 21.
32.96000, 22.
32.97000, 29.
32.98000, 19.
32.99000, 15.
33.00000, 23.
33.01000, 23.
33.02000, 26.
33.03000, 21.
33.04000, 19.
33.05000, 15.
33.06000, 18.
33.07000, 25.
33.08000, 24.
33.09000, 24.
33.10000, 27.
33.11000, 22.
33.12000, 18.
33.13000, 25.
33.14000, 28.
33.15000, 28.
33.16000, 24.
33.17000, 24.
33.18000, 19.
33.19000, 30.
33.20000, 23.
33.21000, 25.
33.22000, 23.
33.23000, 30.
33.24000, 21.
33.25000, 21.
33.26000, 28.
33.27000, 30.
33.28000, 18.
33.29000, 24.
33.30000, 25.
33.31000, 16.
33.32000, 22.
33.33000, 19.
33.34000, 20.
33.35000, 19.
33.36000, 33.
33.37000, 22.
33.38000, 26.
33.39000, 26.
33.40000, 14.
33.41000, 27.
33.42000, 14.
33.43000, 17.
33.44000, 25.
33.45000, 16.
33.46000, 24.
33.47000, 19.
33.48000, 14.
33.49000, 23.
33.50000, 15.
33.51000, 22.
33.52000, 26.
33.53000, 17.
33.54000, 22.
33.55000, 26.
33.56000, 22.
33.57000, 20.
33.58000, 10.
33.59000, 27.
33.60000, 22.
33.61000, 23.
33.62000, 18.
33.63000, 21.
33.64000, 23.
33.65000, 26.
33.66000, 18.
33.67000, 17.
33.68000, 18.
33.69000, 27.
33.70000, 23.
33.71000, 19.
33.72000, 23.
33.73000, 25.
33.74000, 24.
33.75000, 26.
33.76000, 25.
33.77000, 23.
33.78000, 20.
33.79000, 15.
33.80000, 23.
33.81000, 23.
33.82000, 24.
33.83000, 14.
33.84000, 15.
33.85000, 20.
33.86000, 18.
33.87000, 20.
33.88000, 12.
33.89000, 25.
33.90000, 24.
33.91000, 26.
33.92000, 20.
33.93000, 19.
33.94000, 22.
33.95000, 14.
33.96000, 23.
33.97000, 33.
33.98000, 22.
33.99000, 19.
34.00000, 12.
34.01000, 20.
34.02000, 25.
34.03000, 19.
34.04000, 19.
34.05000, 26.
34.06000, 19.
34.07000, 21.
34.08000, 18.
34.09000, 19.
34.10000, 21.
34.11000, 19.
34.12000, 20.
34.13000, 25.
34.14000, 20.
34.15000, 16.
34.16000, 27.
34.17000, 15.
34.18000, 22.
34.19000, 16.
34.20000, 20.
34.21000, 21.
34.22000, 22.
34.23000, 10.
34.24000, 18.
34.25000, 23.
34.26000, 23.
34.27000, 23.
34.28000, 25.
34.29000, 15.
34.30000, 20.
34.31000, 17.
34.32000, 14.
34.33000, 17.
34.34000, 19.
34.35000, 23.
34.36000, 21.
34.37000, 18.
34.38000, 16.
34.39000, 21.
34.40000, 14.
34.41000, 23.
34.42000, 16.
34.43000, 16.
34.44000, 20.
34.45000, 15.
34.46000, 14.
34.47000, 22.
34.48000, 21.
34.49000, 20.
34.50000, 14.
34.51000, 22.
34.52000, 19.
34.53000, 20.
34.54000, 17.
34.55000, 14.
34.56000, 21.
34.57000, 17.
34.58000, 15.
34.59000, 20.
34.60000, 13.
34.61000, 17.
34.62000, 15.
34.63000, 16.
34.64000, 18.
34.65000, 21.
34.66000, 15.
34.67000, 19.
34.68000, 26.
34.69000, 28.
34.70000, 19.
34.71000, 18.
34.72000, 13.
34.73000, 20.
34.74000, 19.
34.75000, 20.
34.76000, 17.
34.77000, 27.
34.78000, 10.
34.79000, 20.
34.80000, 17.
34.81000, 23.
34.82000, 10.
34.83000, 19.
34.84000, 14.
34.85000, 14.
34.86000, 14.
34.87000, 9.
34.88000, 17.
34.89000, 26.
34.90000, 23.
34.91000, 16.
34.92000, 16.
34.93000, 12.
34.94000, 17.
34.95000, 19.
34.96000, 17.
34.97000, 15.
34.98000, 20.
34.99000, 27.
35.00000, 14.
35.01000, 22.
35.02000, 19.
35.03000, 17.
35.04000, 18.
35.05000, 13.
35.06000, 14.
35.07000, 15.
35.08000, 10.
35.09000, 12.
35.10000, 26.
35.11000, 20.
35.12000, 16.
35.13000, 24.
35.14000, 14.
35.15000, 22.
35.16000, 16.
35.17000, 20.
35.18000, 14.
35.19000, 14.
35.20000, 19.
35.21000, 18.
35.22000, 12.
35.23000, 19.
35.24000, 22.
35.25000, 9.
35.26000, 14.
35.27000, 18.
35.28000, 12.
35.29000, 15.
35.30000, 18.
35.31000, 12.
35.32000, 7.
35.33000, 17.
35.34000, 16.
35.35000, 19.
35.36000, 14.
35.37000, 14.
35.38000, 15.
35.39000, 18.
35.40000, 14.
35.41000, 13.
35.42000, 22.
35.43000, 28.
35.44000, 15.
35.45000, 13.
35.46000, 12.
35.47000, 12.
35.48000, 19.
35.49000, 19.
35.50000, 17.
35.51000, 21.
35.52000, 22.
35.53000, 10.
35.54000, 11.
35.55000, 16.
35.56000, 14.
35.57000, 13.
35.58000, 16.
35.59000, 17.
35.60000, 16.
35.61000, 12.
35.62000, 10.
35.63000, 12.
35.64000, 20.
35.65000, 18.
35.66000, 11.
35.67000, 15.
35.68000, 19.
35.69000, 7.
35.70000, 18.
35.71000, 16.
35.72000, 14.
35.73000, 19.
35.74000, 13.
35.75000, 9.
35.76000, 17.
35.77000, 14.
35.78000, 13.
35.79000, 20.
35.80000, 22.
35.81000, 19.
35.82000, 12.
35.83000, 18.
35.84000, 13.
35.85000, 13.
35.86000, 12.
35.87000, 17.
35.88000, 13.
35.89000, 12.
35.90000, 19.
35.91000, 18.
35.92000, 17.
35.93000, 11.
35.94000, 14.
35.95000, 18.
35.96000, 16.
35.97000, 14.
35.98000, 12.
35.99000, 13.
36.00000, 13.
36.01000, 16.
36.02000, 18.
36.03000, 27.
36.04000, 13.
36.05000, 15.
36.06000, 20.
36.07000, 20.
36.08000, 10.
36.09000, 9.
36.10000, 14.
36.11000, 10.
36.12000, 10.
36.13000, 18.
36.14000, 11.
36.15000, 11.
36.16000, 15.
36.17000, 21.
36.18000, 11.
36.19000, 11.
36.20000, 12.
36.21000, 10.
36.22000, 17.
36.23000, 14.
36.24000, 17.
36.25000, 7.
36.26000, 14.
36.27000, 15.
36.28000, 13.
36.29000, 10.
36.30000, 13.
36.31000, 19.
36.32000, 10.
36.33000, 16.
36.34000, 16.
36.35000, 18.
36.36000, 18.
36.37000, 17.
36.38000, 9.
36.39000, 11.
36.40000, 21.
36.41000, 13.
36.42000, 12.
36.43000, 16.
36.44000, 15.
36.45000, 13.
36.46000, 14.
36.47000, 10.
36.48000, 7.
36.49000, 18.
36.50000, 14.
36.51000, 15.
36.52000, 23.
36.53000, 13.
36.54000, 12.
36.55000, 17.
36.56000, 15.
36.57000, 15.
36.58000, 13.
36.59000, 12.
36.60000, 9.
36.61000, 14.
36.62000, 12.
36.63000, 10.
36.64000, 7.
36.65000, 19.
36.66000, 12.
36.67000, 17.
36.68000, 14.
36.69000, 14.
36.70000, 11.
36.71000, 13.
36.72000, 11.
36.73000, 14.
36.74000, 8.
36.75000, 9.
36.76000, 9.
36.77000, 15.
36.78000, 16.
36.79000, 10.
36.80000, 12.
36.81000, 12.
36.82000, 12.
36.83000, 14.
36.84000, 7.
36.85000, 16.
36.86000, 12.
36.87000, 9.
36.88000, 12.
36.89000, 9.
36.90000, 13.
36.91000, 8.
36.92000, 11.
36.93000, 17.
36.94000, 12.
36.95000, 14.
36.96000, 15.
36.97000, 13.
36.98000, 14.
36.99000, 13.
37.00000, 10.
37.01000, 11.
37.02000, 15.
37.03000, 17.
37.04000, 11.
37.05000, 6.
37.06000, 9.
37.07000, 12.
37.08000, 11.
37.09000, 10.
37.10000, 4.
37.11000, 13.
37.12000, 12.
37.13000, 7.
37.14000, 14.
37.15000, 18.
37.16000, 9.
37.17000, 12.
37.18000, 14.
37.19000, 10.
37.20000, 8.
37.21000, 10.
37.22000, 10.
37.23000, 11.
37.24000, 12.
37.25000, 13.
37.26000, 13.
37.27000, 11.
37.28000, 10.
37.29000, 8.
37.30000, 8.
37.31000, 11.
37.32000, 9.
37.33000, 12.
37.34000, 7.
37.35000, 10.
37.36000, 4.
37.37000, 7.
37.38000, 11.
37.39000, 20.
37.40000, 13.
37.41000, 9.
37.42000, 13.
37.43000, 11.
37.44000, 8.
37.45000, 6.
37.46000, 10.
37.47000, 7.
37.48000, 5.
37.49000, 13.
37.50000, 10.
37.51000, 9.
37.52000, 11.
37.53000, 7.
37.54000, 9.
37.55000, 10.
37.56000, 8.
37.57000, 10.
37.58000, 13.
37.59000, 4.
37.60000, 7.
37.61000, 10.
37.62000, 10.
37.63000, 10.
37.64000, 14.
37.65000, 15.
37.66000, 8.
37.67000, 13.
37.68000, 9.
37.69000, 11.
37.70000, 8.
37.71000, 14.
37.72000, 11.
37.73000, 10.
37.74000, 4.
37.75000, 12.
37.76000, 6.
37.77000, 10.
37.78000, 12.
37.79000, 9.
37.80000, 17.
37.81000, 10.
37.82000, 9.
37.83000, 15.
37.84000, 8.
37.85000, 12.
37.86000, 11.
37.87000, 15.
37.88000, 14.
37.89000, 15.
37.90000, 10.
37.91000, 10.
37.92000, 14.
37.93000, 9.
37.94000, 8.
37.95000, 6.
37.96000, 15.
37.97000, 5.
37.98000, 7.
37.99000, 9.
38.00000, 9.
38.01000, 8.
38.02000, 11.
38.03000, 12.
38.04000, 10.
38.05000, 8.
38.06000, 8.
38.07000, 4.
38.08000, 11.
38.09000, 10.
38.10000, 6.
38.11000, 2.
38.12000, 8.
38.13000, 11.
38.14000, 8.
38.15000, 12.
38.16000, 7.
38.17000, 7.
38.18000, 8.
38.19000, 3.
38.20000, 13.
38.21000, 7.
38.22000, 10.
38.23000, 7.
38.24000, 5.
38.25000, 4.
38.26000, 4.
38.27000, 7.
38.28000, 10.
38.29000, 8.
38.30000, 7.
38.31000, 6.
38.32000, 6.
38.33000, 9.
38.34000, 5.
38.35000, 13.
38.36000, 6.
38.37000, 7.
38.38000, 1.
38.39000, 12.
38.40000, 7.
38.41000, 15.
38.42000, 7.
38.43000, 15.
38.44000, 7.
38.45000, 9.
38.46000, 9.
38.47000, 10.
38.48000, 6.
38.49000, 8.
38.50000, 3.
38.51000, 8.
38.52000, 12.
38.53000, 8.
38.54000, 8.
38.55000, 7.
38.56000, 4.
38.57000, 4.
38.58000, 11.
38.59000, 6.
38.60000, 6.
38.61000, 10.
38.62000, 12.
38.63000, 8.
38.64000, 9.
38.65000, 8.
38.66000, 5.
38.67000, 8.
38.68000, 5.
38.69000, 11.
38.70000, 9.
38.71000, 9.
38.72000, 7.
38.73000, 8.
38.74000, 8.
38.75000, 5.
38.76000, 11.
38.77000, 9.
38.78000, 8.
38.79000, 5.
38.80000, 13.
38.81000, 14.
38.82000, 6.
38.83000, 7.
38.84000, 2.
38.85000, 8.
38.86000, 5.
38.87000, 8.
38.88000, 8.
38.89000, 7.
38.90000, 6.
38.91000, 8.
38.92000, 7.
38.93000, 7.
38.94000, 3.
38.95000, 3.
38.96000, 7.
38.97000, 8.
38.98000, 1.
38.99000, 4.
39.00000, 5.
39.01000, 10.
39.02000, 8.
39.03000, 3.
39.04000, 7.
39.05000, 5.
39.06000, 9.
39.07000, 3.
39.08000, 2.
39.09000, 7.
39.10000, 4.
39.11000, 4.
39.12000, 2.
39.13000, 5.
39.14000, 7.
39.15000, 6.
39.16000, 8.
39.17000, 5.
39.18000, 13.
39.19000, 4.
39.20000, 8.
39.21000, 3.
39.22000, 5.
39.23000, 9.
39.24000, 4.
39.25000, 6.
39.26000, 7.
39.27000, 6.
39.28000, 9.
39.29000, 4.
39.30000, 6.
39.31000, 4.
39.32000, 11.
39.33000, 9.
39.34000, 5.
39.35000, 6.
39.36000, 5.
39.37000, 4.
39.38000, 5.
39.39000, 7.
39.40000, 1.
39.41000, 4.
39.42000, 7.
39.43000, 6.
39.44000, 3.
39.45000, 2.
39.46000, 10.
39.47000, 5.
39.48000, 6.
39.49000, 7.
39.50000, 3.
39.51000, 11.
39.52000, 7.
39.53000, 7.
39.54000, 4.
39.55000, 4.
39.56000, 3.
39.57000, 4.
39.58000, 5.
39.59000, 10.
39.60000, 2.
39.61000, 4.
39.62000, 4.
39.63000, 10.
39.64000, 8.
39.65000, 8.
39.66000, 6.
39.67000, 6.
39.68000, 5.
39.69000, 6.
39.70000, 7.
39.71000, 5.
39.72000, 9.
39.73000, 5.
39.74000, 4.
39.75000, 5.
39.76000, 6.
39.77000, 7.
39.78000, 5.
39.79000, 9.
39.80000, 10.
39.81000, 3.
39.82000, 4.
39.83000, 8.
39.84000, 7.
39.85000, 4.
39.86000, 8.
39.87000, 8.
39.88000, 5.
39.89000, 4.
39.90000, 6.
39.91000, 2.
39.92000, 3.
39.93000, 1.
39.94000, 2.
39.95000, 6.
39.96000, 6.
39.97000, 4.
39.98000, 3.
39.99000, 2.
40.00000, 9.
40.01000, 1.
40.02000, 6.
40.03000, 7.
40.04000, 5.
40.05000, 9.
40.06000, 7.
40.07000, 8.
40.08000, 3.
40.09000, 7.
40.10000, 3.
40.11000, 6.
40.12000, 1.
40.13000, 5.
40.14000, 6.
40.15000, 3.
40.16000, 4.
40.17000, 7.
40.18000, 2.
40.19000, 4.
40.20000, 7.
40.21000, 6.
40.22000, 11.
40.23000, 7.
40.24000, 8.
40.25000, 5.
40.26000, 8.
40.27000, 4.
40.28000, 2.
40.29000, 5.
40.30000, 5.
40.31000, 2.
40.32000, 3.
40.33000, 5.
40.34000, 7.
40.35000, 1.
40.36000, 2.
40.37000, 5.
40.38000, 8.
40.39000, 5.
40.40000, 1.
40.41000, 5.
40.42000, 0.
40.43000, 6.
40.44000, 3.
40.45000, 3.
40.46000, 5.
40.47000, 1.
40.48000, 5.
40.49000, 4.
40.50000, 8.
40.51000, 2.
40.52000, 2.
40.53000, 4.
40.54000, 4.
40.55000, 0.
#ENDOFDATA   : 
