#FORMAT      : EMSA/MAS Spectral Data File
#VERSION     : 1.0
#TITLE       : Spectrum 28
#DATE        : 21-AUG-2025
#TIME        : 15:32
#OWNER       : XGT7200
#NPOINTS     : 4096.
#NCOLUMNS    : 1.
#XUNITS      : keV
#YUNITS      : counts
#DATATYPE    : XY
#XPERCHAN    : 0.0100000
#OFFSET      : -0.400000
#SIGNALTYPE  : EDS
#CHOFFSET    : 40.0000
#LIVETIME    : 30.000000
#REALTIME    : 39.735314
#BEAMKV      : 50.0000
#PROBECUR    : 691000.
#MAGCAM      : 100.000
#XTILTSTGE   : 0.0
#AZIMANGLE   : 0.0
#ELEVANGLE   : 45.0
#XPOSITION mm: 0.0000
#YPOSITION mm: 0.0000
#ZPOSITION mm: 0.0000
##OXINSTPT   : 4
##OXINSTSTROB: 72.09
#SPECTRUM    : Spectral Data Starts Here
-0.40000, 0.
-0.39000, 0.
-0.38000, 0.
-0.37000, 0.
-0.36000, 0.
-0.35000, 0.
-0.34000, 0.
-0.33000, 0.
-0.32000, 0.
-0.31000, 0.
-0.30000, 0.
-0.29000, 0.
-0.28000, 0.
-0.27000, 0.
-0.26000, 0.
-0.25000, 0.
-0.24000, 0.
-0.23000, 0.
-0.22000, 0.
-0.21000, 0.
-0.20000, 0.
-0.19000, 0.
-0.18000, 0.
-0.17000, 0.
-0.16000, 0.
-0.15000, 0.
-0.14000, 0.
-0.13000, 0.
-0.12000, 0.
-0.11000, 0.
-0.10000, 0.
-0.09000, 0.
-0.08000, 0.
-0.07000, 0.
-0.06000, 0.
-0.05000, 0.
-0.04000, 0.
-0.03000, 0.
-0.02000, 0.
-0.01000, 0.
0.00000, 0.
0.01000, 0.
0.02000, 0.
0.03000, 0.
0.04000, 0.
0.05000, 0.
0.06000, 0.
0.07000, 0.
0.08000, 0.
0.09000, 0.
0.10000, 0.
0.11000, 0.
0.12000, 0.
0.13000, 0.
0.14000, 0.
0.15000, 0.
0.16000, 0.
0.17000, 0.
0.18000, 0.
0.19000, 0.
0.20000, 0.
0.21000, 0.
0.22000, 0.
0.23000, 0.
0.24000, 0.
0.25000, 0.
0.26000, 0.
0.27000, 0.
0.28000, 0.
0.29000, 0.
0.30000, 0.
0.31000, 0.
0.32000, 0.
0.33000, 1.
0.34000, 1.
0.35000, 4.
0.36000, 4.
0.37000, 7.
0.38000, 9.
0.39000, 32.
0.40000, 21.
0.41000, 33.
0.42000, 33.
0.43000, 26.
0.44000, 37.
0.45000, 40.
0.46000, 44.
0.47000, 35.
0.48000, 41.
0.49000, 39.
0.50000, 45.
0.51000, 51.
0.52000, 47.
0.53000, 41.
0.54000, 43.
0.55000, 43.
0.56000, 50.
0.57000, 51.
0.58000, 49.
0.59000, 45.
0.60000, 44.
0.61000, 44.
0.62000, 46.
0.63000, 33.
0.64000, 37.
0.65000, 37.
0.66000, 32.
0.67000, 51.
0.68000, 31.
0.69000, 36.
0.70000, 30.
0.71000, 47.
0.72000, 33.
0.73000, 40.
0.74000, 27.
0.75000, 33.
0.76000, 27.
0.77000, 40.
0.78000, 50.
0.79000, 38.
0.80000, 32.
0.81000, 42.
0.82000, 39.
0.83000, 35.
0.84000, 32.
0.85000, 41.
0.86000, 31.
0.87000, 37.
0.88000, 35.
0.89000, 41.
0.90000, 35.
0.91000, 48.
0.92000, 35.
0.93000, 36.
0.94000, 51.
0.95000, 40.
0.96000, 48.
0.97000, 35.
0.98000, 43.
0.99000, 36.
1.00000, 39.
1.01000, 50.
1.02000, 39.
1.03000, 54.
1.04000, 39.
1.05000, 53.
1.06000, 38.
1.07000, 52.
1.08000, 45.
1.09000, 43.
1.10000, 37.
1.11000, 44.
1.12000, 39.
1.13000, 37.
1.14000, 31.
1.15000, 43.
1.16000, 38.
1.17000, 42.
1.18000, 44.
1.19000, 47.
1.20000, 42.
1.21000, 54.
1.22000, 81.
1.23000, 60.
1.24000, 76.
1.25000, 106.
1.26000, 90.
1.27000, 81.
1.28000, 71.
1.29000, 69.
1.30000, 60.
1.31000, 59.
1.32000, 50.
1.33000, 39.
1.34000, 40.
1.35000, 39.
1.36000, 47.
1.37000, 48.
1.38000, 38.
1.39000, 72.
1.40000, 78.
1.41000, 118.
1.42000, 186.
1.43000, 251.
1.44000, 328.
1.45000, 467.
1.46000, 538.
1.47000, 631.
1.48000, 726.
1.49000, 684.
1.50000, 766.
1.51000, 692.
1.52000, 621.
1.53000, 509.
1.54000, 374.
1.55000, 304.
1.56000, 238.
1.57000, 193.
1.58000, 148.
1.59000, 125.
1.60000, 117.
1.61000, 110.
1.62000, 123.
1.63000, 180.
1.64000, 280.
1.65000, 489.
1.66000, 769.
1.67000, 1219.
1.68000, 1812.
1.69000, 2482.
1.70000, 3310.
1.71000, 4141.
1.72000, 4882.
1.73000, 5517.
1.74000, 6010.
1.75000, 6006.
1.76000, 5697.
1.77000, 5086.
1.78000, 4493.
1.79000, 3555.
1.80000, 2818.
1.81000, 2085.
1.82000, 1546.
1.83000, 1037.
1.84000, 787.
1.85000, 516.
1.86000, 378.
1.87000, 312.
1.88000, 232.
1.89000, 152.
1.90000, 147.
1.91000, 107.
1.92000, 87.
1.93000, 70.
1.94000, 73.
1.95000, 64.
1.96000, 59.
1.97000, 54.
1.98000, 53.
1.99000, 76.
2.00000, 67.
2.01000, 60.
2.02000, 69.
2.03000, 73.
2.04000, 66.
2.05000, 67.
2.06000, 41.
2.07000, 56.
2.08000, 39.
2.09000, 38.
2.10000, 43.
2.11000, 38.
2.12000, 34.
2.13000, 33.
2.14000, 33.
2.15000, 35.
2.16000, 35.
2.17000, 22.
2.18000, 31.
2.19000, 21.
2.20000, 31.
2.21000, 39.
2.22000, 33.
2.23000, 29.
2.24000, 36.
2.25000, 46.
2.26000, 38.
2.27000, 46.
2.28000, 59.
2.29000, 61.
2.30000, 78.
2.31000, 80.
2.32000, 76.
2.33000, 82.
2.34000, 69.
2.35000, 60.
2.36000, 67.
2.37000, 48.
2.38000, 60.
2.39000, 44.
2.40000, 39.
2.41000, 46.
2.42000, 50.
2.43000, 51.
2.44000, 50.
2.45000, 32.
2.46000, 36.
2.47000, 32.
2.48000, 27.
2.49000, 40.
2.50000, 41.
2.51000, 27.
2.52000, 38.
2.53000, 29.
2.54000, 51.
2.55000, 46.
2.56000, 40.
2.57000, 52.
2.58000, 61.
2.59000, 81.
2.60000, 96.
2.61000, 133.
2.62000, 155.
2.63000, 213.
2.64000, 243.
2.65000, 283.
2.66000, 375.
2.67000, 397.
2.68000, 490.
2.69000, 498.
2.70000, 477.
2.71000, 531.
2.72000, 523.
2.73000, 441.
2.74000, 423.
2.75000, 356.
2.76000, 321.
2.77000, 329.
2.78000, 306.
2.79000, 298.
2.80000, 303.
2.81000, 348.
2.82000, 336.
2.83000, 378.
2.84000, 366.
2.85000, 388.
2.86000, 375.
2.87000, 330.
2.88000, 261.
2.89000, 281.
2.90000, 209.
2.91000, 213.
2.92000, 181.
2.93000, 162.
2.94000, 129.
2.95000, 126.
2.96000, 93.
2.97000, 99.
2.98000, 95.
2.99000, 66.
3.00000, 77.
3.01000, 64.
3.02000, 68.
3.03000, 60.
3.04000, 45.
3.05000, 39.
3.06000, 38.
3.07000, 42.
3.08000, 31.
3.09000, 30.
3.10000, 37.
3.11000, 24.
3.12000, 30.
3.13000, 36.
3.14000, 31.
3.15000, 34.
3.16000, 28.
3.17000, 40.
3.18000, 39.
3.19000, 49.
3.20000, 54.
3.21000, 70.
3.22000, 76.
3.23000, 104.
3.24000, 136.
3.25000, 186.
3.26000, 223.
3.27000, 303.
3.28000, 295.
3.29000, 347.
3.30000, 420.
3.31000, 411.
3.32000, 386.
3.33000, 410.
3.34000, 396.
3.35000, 352.
3.36000, 297.
3.37000, 259.
3.38000, 192.
3.39000, 172.
3.40000, 140.
3.41000, 95.
3.42000, 88.
3.43000, 51.
3.44000, 40.
3.45000, 52.
3.46000, 47.
3.47000, 47.
3.48000, 36.
3.49000, 44.
3.50000, 52.
3.51000, 48.
3.52000, 68.
3.53000, 72.
3.54000, 79.
3.55000, 90.
3.56000, 123.
3.57000, 151.
3.58000, 197.
3.59000, 206.
3.60000, 308.
3.61000, 437.
3.62000, 544.
3.63000, 635.
3.64000, 794.
3.65000, 988.
3.66000, 1033.
3.67000, 1176.
3.68000, 1313.
3.69000, 1326.
3.70000, 1375.
3.71000, 1259.
3.72000, 1208.
3.73000, 1073.
3.74000, 894.
3.75000, 788.
3.76000, 615.
3.77000, 445.
3.78000, 346.
3.79000, 253.
3.80000, 165.
3.81000, 105.
3.82000, 73.
3.83000, 71.
3.84000, 40.
3.85000, 51.
3.86000, 44.
3.87000, 29.
3.88000, 43.
3.89000, 42.
3.90000, 54.
3.91000, 62.
3.92000, 63.
3.93000, 88.
3.94000, 120.
3.95000, 111.
3.96000, 139.
3.97000, 141.
3.98000, 162.
3.99000, 190.
4.00000, 213.
4.01000, 235.
4.02000, 213.
4.03000, 227.
4.04000, 204.
4.05000, 201.
4.06000, 151.
4.07000, 162.
4.08000, 106.
4.09000, 114.
4.10000, 77.
4.11000, 61.
4.12000, 58.
4.13000, 49.
4.14000, 44.
4.15000, 28.
4.16000, 37.
4.17000, 34.
4.18000, 42.
4.19000, 26.
4.20000, 41.
4.21000, 37.
4.22000, 32.
4.23000, 28.
4.24000, 31.
4.25000, 38.
4.26000, 38.
4.27000, 43.
4.28000, 27.
4.29000, 33.
4.30000, 33.
4.31000, 43.
4.32000, 44.
4.33000, 49.
4.34000, 47.
4.35000, 38.
4.36000, 45.
4.37000, 74.
4.38000, 97.
4.39000, 100.
4.40000, 147.
4.41000, 165.
4.42000, 220.
4.43000, 310.
4.44000, 377.
4.45000, 463.
4.46000, 527.
4.47000, 631.
4.48000, 744.
4.49000, 755.
4.50000, 881.
4.51000, 810.
4.52000, 824.
4.53000, 778.
4.54000, 738.
4.55000, 623.
4.56000, 602.
4.57000, 490.
4.58000, 431.
4.59000, 338.
4.60000, 265.
4.61000, 243.
4.62000, 214.
4.63000, 163.
4.64000, 142.
4.65000, 133.
4.66000, 126.
4.67000, 108.
4.68000, 119.
4.69000, 90.
4.70000, 88.
4.71000, 104.
4.72000, 81.
4.73000, 82.
4.74000, 72.
4.75000, 69.
4.76000, 81.
4.77000, 82.
4.78000, 68.
4.79000, 60.
4.80000, 94.
4.81000, 80.
4.82000, 86.
4.83000, 85.
4.84000, 99.
4.85000, 112.
4.86000, 136.
4.87000, 123.
4.88000, 127.
4.89000, 162.
4.90000, 180.
4.91000, 187.
4.92000, 180.
4.93000, 193.
4.94000, 189.
4.95000, 178.
4.96000, 184.
4.97000, 157.
4.98000, 143.
4.99000, 118.
5.00000, 124.
5.01000, 110.
5.02000, 96.
5.03000, 80.
5.04000, 75.
5.05000, 59.
5.06000, 51.
5.07000, 52.
5.08000, 44.
5.09000, 46.
5.10000, 62.
5.11000, 60.
5.12000, 56.
5.13000, 47.
5.14000, 44.
5.15000, 44.
5.16000, 38.
5.17000, 46.
5.18000, 64.
5.19000, 60.
5.20000, 52.
5.21000, 64.
5.22000, 48.
5.23000, 60.
5.24000, 56.
5.25000, 70.
5.26000, 65.
5.27000, 67.
5.28000, 59.
5.29000, 62.
5.30000, 60.
5.31000, 73.
5.32000, 75.
5.33000, 87.
5.34000, 91.
5.35000, 104.
5.36000, 91.
5.37000, 87.
5.38000, 105.
5.39000, 132.
5.40000, 135.
5.41000, 133.
5.42000, 112.
5.43000, 135.
5.44000, 110.
5.45000, 121.
5.46000, 121.
5.47000, 88.
5.48000, 106.
5.49000, 87.
5.50000, 82.
5.51000, 79.
5.52000, 76.
5.53000, 70.
5.54000, 46.
5.55000, 59.
5.56000, 68.
5.57000, 62.
5.58000, 64.
5.59000, 68.
5.60000, 58.
5.61000, 59.
5.62000, 73.
5.63000, 67.
5.64000, 56.
5.65000, 53.
5.66000, 49.
5.67000, 59.
5.68000, 62.
5.69000, 61.
5.70000, 55.
5.71000, 54.
5.72000, 48.
5.73000, 64.
5.74000, 56.
5.75000, 73.
5.76000, 73.
5.77000, 87.
5.78000, 79.
5.79000, 98.
5.80000, 138.
5.81000, 136.
5.82000, 152.
5.83000, 192.
5.84000, 207.
5.85000, 230.
5.86000, 271.
5.87000, 297.
5.88000, 290.
5.89000, 284.
5.90000, 283.
5.91000, 267.
5.92000, 295.
5.93000, 301.
5.94000, 253.
5.95000, 242.
5.96000, 213.
5.97000, 194.
5.98000, 171.
5.99000, 143.
6.00000, 130.
6.01000, 97.
6.02000, 114.
6.03000, 95.
6.04000, 93.
6.05000, 80.
6.06000, 87.
6.07000, 79.
6.08000, 90.
6.09000, 74.
6.10000, 91.
6.11000, 94.
6.12000, 103.
6.13000, 101.
6.14000, 101.
6.15000, 94.
6.16000, 118.
6.17000, 149.
6.18000, 162.
6.19000, 186.
6.20000, 207.
6.21000, 316.
6.22000, 399.
6.23000, 523.
6.24000, 738.
6.25000, 1007.
6.26000, 1410.
6.27000, 1887.
6.28000, 2634.
6.29000, 3412.
6.30000, 4665.
6.31000, 5884.
6.32000, 7321.
6.33000, 8940.
6.34000, 10479.
6.35000, 12146.
6.36000, 13673.
6.37000, 15041.
6.38000, 16021.
6.39000, 16822.
6.40000, 16884.
6.41000, 16789.
6.42000, 16189.
6.43000, 14995.
6.44000, 13641.
6.45000, 11916.
6.46000, 10329.
6.47000, 8863.
6.48000, 7222.
6.49000, 5785.
6.50000, 4483.
6.51000, 3397.
6.52000, 2568.
6.53000, 1862.
6.54000, 1360.
6.55000, 900.
6.56000, 638.
6.57000, 465.
6.58000, 352.
6.59000, 253.
6.60000, 209.
6.61000, 162.
6.62000, 141.
6.63000, 125.
6.64000, 109.
6.65000, 114.
6.66000, 111.
6.67000, 109.
6.68000, 120.
6.69000, 108.
6.70000, 99.
6.71000, 79.
6.72000, 89.
6.73000, 114.
6.74000, 97.
6.75000, 104.
6.76000, 118.
6.77000, 114.
6.78000, 130.
6.79000, 118.
6.80000, 117.
6.81000, 146.
6.82000, 144.
6.83000, 126.
6.84000, 163.
6.85000, 148.
6.86000, 189.
6.87000, 195.
6.88000, 217.
6.89000, 284.
6.90000, 325.
6.91000, 370.
6.92000, 477.
6.93000, 561.
6.94000, 702.
6.95000, 880.
6.96000, 1029.
6.97000, 1206.
6.98000, 1579.
6.99000, 1709.
7.00000, 2005.
7.01000, 2147.
7.02000, 2381.
7.03000, 2553.
7.04000, 2779.
7.05000, 2752.
7.06000, 2674.
7.07000, 2663.
7.08000, 2471.
7.09000, 2435.
7.10000, 2154.
7.11000, 1909.
7.12000, 1668.
7.13000, 1385.
7.14000, 1213.
7.15000, 966.
7.16000, 747.
7.17000, 592.
7.18000, 474.
7.19000, 373.
7.20000, 273.
7.21000, 225.
7.22000, 197.
7.23000, 154.
7.24000, 112.
7.25000, 96.
7.26000, 99.
7.27000, 76.
7.28000, 78.
7.29000, 64.
7.30000, 82.
7.31000, 71.
7.32000, 68.
7.33000, 80.
7.34000, 75.
7.35000, 74.
7.36000, 62.
7.37000, 66.
7.38000, 65.
7.39000, 82.
7.40000, 83.
7.41000, 81.
7.42000, 100.
7.43000, 81.
7.44000, 94.
7.45000, 79.
7.46000, 103.
7.47000, 87.
7.48000, 92.
7.49000, 107.
7.50000, 111.
7.51000, 111.
7.52000, 92.
7.53000, 91.
7.54000, 95.
7.55000, 88.
7.56000, 78.
7.57000, 67.
7.58000, 63.
7.59000, 80.
7.60000, 80.
7.61000, 72.
7.62000, 69.
7.63000, 70.
7.64000, 83.
7.65000, 63.
7.66000, 67.
7.67000, 86.
7.68000, 70.
7.69000, 54.
7.70000, 98.
7.71000, 87.
7.72000, 76.
7.73000, 82.
7.74000, 85.
7.75000, 63.
7.76000, 80.
7.77000, 83.
7.78000, 97.
7.79000, 81.
7.80000, 97.
7.81000, 73.
7.82000, 87.
7.83000, 97.
7.84000, 109.
7.85000, 110.
7.86000, 79.
7.87000, 96.
7.88000, 103.
7.89000, 114.
7.90000, 123.
7.91000, 123.
7.92000, 133.
7.93000, 113.
7.94000, 120.
7.95000, 149.
7.96000, 129.
7.97000, 108.
7.98000, 142.
7.99000, 140.
8.00000, 142.
8.01000, 143.
8.02000, 150.
8.03000, 141.
8.04000, 153.
8.05000, 150.
8.06000, 153.
8.07000, 146.
8.08000, 161.
8.09000, 169.
8.10000, 163.
8.11000, 160.
8.12000, 164.
8.13000, 171.
8.14000, 129.
8.15000, 148.
8.16000, 124.
8.17000, 132.
8.18000, 144.
8.19000, 140.
8.20000, 135.
8.21000, 130.
8.22000, 113.
8.23000, 112.
8.24000, 103.
8.25000, 116.
8.26000, 116.
8.27000, 107.
8.28000, 110.
8.29000, 92.
8.30000, 108.
8.31000, 115.
8.32000, 104.
8.33000, 105.
8.34000, 85.
8.35000, 104.
8.36000, 103.
8.37000, 110.
8.38000, 108.
8.39000, 101.
8.40000, 94.
8.41000, 120.
8.42000, 123.
8.43000, 90.
8.44000, 119.
8.45000, 116.
8.46000, 116.
8.47000, 113.
8.48000, 133.
8.49000, 126.
8.50000, 139.
8.51000, 167.
8.52000, 146.
8.53000, 184.
8.54000, 183.
8.55000, 216.
8.56000, 191.
8.57000, 244.
8.58000, 232.
8.59000, 267.
8.60000, 279.
8.61000, 300.
8.62000, 265.
8.63000, 331.
8.64000, 308.
8.65000, 302.
8.66000, 284.
8.67000, 252.
8.68000, 231.
8.69000, 223.
8.70000, 240.
8.71000, 209.
8.72000, 204.
8.73000, 176.
8.74000, 159.
8.75000, 135.
8.76000, 136.
8.77000, 116.
8.78000, 129.
8.79000, 119.
8.80000, 122.
8.81000, 110.
8.82000, 117.
8.83000, 102.
8.84000, 119.
8.85000, 100.
8.86000, 106.
8.87000, 125.
8.88000, 115.
8.89000, 113.
8.90000, 108.
8.91000, 117.
8.92000, 115.
8.93000, 131.
8.94000, 106.
8.95000, 118.
8.96000, 108.
8.97000, 107.
8.98000, 119.
8.99000, 110.
9.00000, 113.
9.01000, 107.
9.02000, 118.
9.03000, 138.
9.04000, 111.
9.05000, 149.
9.06000, 129.
9.07000, 110.
9.08000, 110.
9.09000, 122.
9.10000, 115.
9.11000, 118.
9.12000, 117.
9.13000, 123.
9.14000, 129.
9.15000, 125.
9.16000, 119.
9.17000, 119.
9.18000, 118.
9.19000, 132.
9.20000, 120.
9.21000, 130.
9.22000, 124.
9.23000, 134.
9.24000, 136.
9.25000, 159.
9.26000, 123.
9.27000, 125.
9.28000, 119.
9.29000, 111.
9.30000, 124.
9.31000, 110.
9.32000, 134.
9.33000, 126.
9.34000, 111.
9.35000, 120.
9.36000, 123.
9.37000, 102.
9.38000, 113.
9.39000, 133.
9.40000, 131.
9.41000, 130.
9.42000, 109.
9.43000, 118.
9.44000, 112.
9.45000, 116.
9.46000, 134.
9.47000, 136.
9.48000, 130.
9.49000, 143.
9.50000, 165.
9.51000, 134.
9.52000, 147.
9.53000, 157.
9.54000, 134.
9.55000, 151.
9.56000, 150.
9.57000, 144.
9.58000, 135.
9.59000, 162.
9.60000, 144.
9.61000, 142.
9.62000, 137.
9.63000, 138.
9.64000, 167.
9.65000, 147.
9.66000, 142.
9.67000, 142.
9.68000, 118.
9.69000, 132.
9.70000, 122.
9.71000, 151.
9.72000, 135.
9.73000, 131.
9.74000, 126.
9.75000, 133.
9.76000, 116.
9.77000, 113.
9.78000, 101.
9.79000, 109.
9.80000, 110.
9.81000, 132.
9.82000, 126.
9.83000, 132.
9.84000, 120.
9.85000, 135.
9.86000, 119.
9.87000, 119.
9.88000, 142.
9.89000, 106.
9.90000, 119.
9.91000, 119.
9.92000, 121.
9.93000, 141.
9.94000, 145.
9.95000, 135.
9.96000, 123.
9.97000, 111.
9.98000, 130.
9.99000, 115.
10.00000, 124.
10.01000, 123.
10.02000, 114.
10.03000, 117.
10.04000, 131.
10.05000, 121.
10.06000, 117.
10.07000, 112.
10.08000, 128.
10.09000, 138.
10.10000, 123.
10.11000, 115.
10.12000, 134.
10.13000, 122.
10.14000, 121.
10.15000, 115.
10.16000, 133.
10.17000, 117.
10.18000, 113.
10.19000, 133.
10.20000, 119.
10.21000, 123.
10.22000, 127.
10.23000, 131.
10.24000, 126.
10.25000, 113.
10.26000, 132.
10.27000, 126.
10.28000, 147.
10.29000, 141.
10.30000, 137.
10.31000, 117.
10.32000, 117.
10.33000, 130.
10.34000, 126.
10.35000, 131.
10.36000, 137.
10.37000, 146.
10.38000, 155.
10.39000, 148.
10.40000, 138.
10.41000, 164.
10.42000, 172.
10.43000, 188.
10.44000, 202.
10.45000, 200.
10.46000, 222.
10.47000, 249.
10.48000, 229.
10.49000, 238.
10.50000, 234.
10.51000, 246.
10.52000, 256.
10.53000, 251.
10.54000, 269.
10.55000, 253.
10.56000, 271.
10.57000, 252.
10.58000, 247.
10.59000, 239.
10.60000, 218.
10.61000, 210.
10.62000, 213.
10.63000, 185.
10.64000, 198.
10.65000, 177.
10.66000, 171.
10.67000, 145.
10.68000, 141.
10.69000, 164.
10.70000, 153.
10.71000, 122.
10.72000, 151.
10.73000, 153.
10.74000, 133.
10.75000, 135.
10.76000, 137.
10.77000, 115.
10.78000, 123.
10.79000, 152.
10.80000, 137.
10.81000, 159.
10.82000, 127.
10.83000, 127.
10.84000, 114.
10.85000, 133.
10.86000, 132.
10.87000, 158.
10.88000, 152.
10.89000, 122.
10.90000, 128.
10.91000, 147.
10.92000, 147.
10.93000, 112.
10.94000, 144.
10.95000, 116.
10.96000, 147.
10.97000, 125.
10.98000, 134.
10.99000, 147.
11.00000, 150.
11.01000, 140.
11.02000, 146.
11.03000, 125.
11.04000, 152.
11.05000, 141.
11.06000, 123.
11.07000, 119.
11.08000, 133.
11.09000, 126.
11.10000, 139.
11.11000, 131.
11.12000, 118.
11.13000, 128.
11.14000, 132.
11.15000, 127.
11.16000, 135.
11.17000, 138.
11.18000, 119.
11.19000, 124.
11.20000, 142.
11.21000, 129.
11.22000, 120.
11.23000, 132.
11.24000, 131.
11.25000, 164.
11.26000, 127.
11.27000, 118.
11.28000, 134.
11.29000, 143.
11.30000, 127.
11.31000, 137.
11.32000, 131.
11.33000, 123.
11.34000, 146.
11.35000, 146.
11.36000, 134.
11.37000, 146.
11.38000, 138.
11.39000, 121.
11.40000, 148.
11.41000, 145.
11.42000, 146.
11.43000, 134.
11.44000, 130.
11.45000, 144.
11.46000, 156.
11.47000, 129.
11.48000, 139.
11.49000, 140.
11.50000, 137.
11.51000, 113.
11.52000, 144.
11.53000, 143.
11.54000, 128.
11.55000, 134.
11.56000, 137.
11.57000, 140.
11.58000, 148.
11.59000, 124.
11.60000, 132.
11.61000, 161.
11.62000, 130.
11.63000, 149.
11.64000, 132.
11.65000, 120.
11.66000, 133.
11.67000, 143.
11.68000, 128.
11.69000, 146.
11.70000, 131.
11.71000, 151.
11.72000, 133.
11.73000, 142.
11.74000, 127.
11.75000, 133.
11.76000, 156.
11.77000, 136.
11.78000, 115.
11.79000, 128.
11.80000, 126.
11.81000, 135.
11.82000, 178.
11.83000, 132.
11.84000, 157.
11.85000, 142.
11.86000, 163.
11.87000, 143.
11.88000, 141.
11.89000, 139.
11.90000, 155.
11.91000, 154.
11.92000, 130.
11.93000, 138.
11.94000, 133.
11.95000, 163.
11.96000, 156.
11.97000, 141.
11.98000, 149.
11.99000, 129.
12.00000, 154.
12.01000, 135.
12.02000, 147.
12.03000, 130.
12.04000, 136.
12.05000, 144.
12.06000, 141.
12.07000, 144.
12.08000, 165.
12.09000, 139.
12.10000, 147.
12.11000, 146.
12.12000, 148.
12.13000, 148.
12.14000, 147.
12.15000, 151.
12.16000, 136.
12.17000, 142.
12.18000, 144.
12.19000, 148.
12.20000, 127.
12.21000, 151.
12.22000, 136.
12.23000, 158.
12.24000, 152.
12.25000, 167.
12.26000, 149.
12.27000, 122.
12.28000, 160.
12.29000, 147.
12.30000, 169.
12.31000, 162.
12.32000, 164.
12.33000, 139.
12.34000, 136.
12.35000, 159.
12.36000, 156.
12.37000, 159.
12.38000, 142.
12.39000, 146.
12.40000, 152.
12.41000, 160.
12.42000, 156.
12.43000, 149.
12.44000, 176.
12.45000, 154.
12.46000, 170.
12.47000, 186.
12.48000, 186.
12.49000, 188.
12.50000, 202.
12.51000, 232.
12.52000, 205.
12.53000, 210.
12.54000, 233.
12.55000, 243.
12.56000, 257.
12.57000, 272.
12.58000, 256.
12.59000, 249.
12.60000, 254.
12.61000, 254.
12.62000, 289.
12.63000, 241.
12.64000, 254.
12.65000, 250.
12.66000, 257.
12.67000, 257.
12.68000, 252.
12.69000, 213.
12.70000, 230.
12.71000, 231.
12.72000, 227.
12.73000, 235.
12.74000, 228.
12.75000, 182.
12.76000, 200.
12.77000, 233.
12.78000, 183.
12.79000, 173.
12.80000, 193.
12.81000, 208.
12.82000, 188.
12.83000, 213.
12.84000, 189.
12.85000, 193.
12.86000, 165.
12.87000, 198.
12.88000, 198.
12.89000, 166.
12.90000, 147.
12.91000, 180.
12.92000, 183.
12.93000, 163.
12.94000, 190.
12.95000, 174.
12.96000, 170.
12.97000, 156.
12.98000, 149.
12.99000, 143.
13.00000, 144.
13.01000, 176.
13.02000, 153.
13.03000, 171.
13.04000, 145.
13.05000, 146.
13.06000, 159.
13.07000, 137.
13.08000, 122.
13.09000, 169.
13.10000, 152.
13.11000, 132.
13.12000, 135.
13.13000, 140.
13.14000, 174.
13.15000, 149.
13.16000, 135.
13.17000, 150.
13.18000, 170.
13.19000, 145.
13.20000, 152.
13.21000, 164.
13.22000, 171.
13.23000, 158.
13.24000, 145.
13.25000, 181.
13.26000, 170.
13.27000, 173.
13.28000, 171.
13.29000, 201.
13.30000, 185.
13.31000, 186.
13.32000, 187.
13.33000, 197.
13.34000, 202.
13.35000, 182.
13.36000, 175.
13.37000, 203.
13.38000, 192.
13.39000, 184.
13.40000, 199.
13.41000, 226.
13.42000, 207.
13.43000, 176.
13.44000, 180.
13.45000, 184.
13.46000, 171.
13.47000, 175.
13.48000, 163.
13.49000, 213.
13.50000, 179.
13.51000, 166.
13.52000, 157.
13.53000, 167.
13.54000, 164.
13.55000, 160.
13.56000, 158.
13.57000, 159.
13.58000, 144.
13.59000, 173.
13.60000, 158.
13.61000, 161.
13.62000, 150.
13.63000, 154.
13.64000, 151.
13.65000, 174.
13.66000, 147.
13.67000, 123.
13.68000, 143.
13.69000, 153.
13.70000, 136.
13.71000, 160.
13.72000, 146.
13.73000, 142.
13.74000, 131.
13.75000, 162.
13.76000, 158.
13.77000, 169.
13.78000, 174.
13.79000, 154.
13.80000, 128.
13.81000, 139.
13.82000, 154.
13.83000, 143.
13.84000, 155.
13.85000, 157.
13.86000, 127.
13.87000, 155.
13.88000, 138.
13.89000, 151.
13.90000, 142.
13.91000, 179.
13.92000, 154.
13.93000, 155.
13.94000, 157.
13.95000, 116.
13.96000, 156.
13.97000, 163.
13.98000, 164.
13.99000, 174.
14.00000, 196.
14.01000, 175.
14.02000, 193.
14.03000, 172.
14.04000, 186.
14.05000, 186.
14.06000, 203.
14.07000, 208.
14.08000, 232.
14.09000, 214.
14.10000, 234.
14.11000, 231.
14.12000, 227.
14.13000, 223.
14.14000, 234.
14.15000, 225.
14.16000, 221.
14.17000, 202.
14.18000, 193.
14.19000, 199.
14.20000, 216.
14.21000, 173.
14.22000, 200.
14.23000, 170.
14.24000, 169.
14.25000, 197.
14.26000, 157.
14.27000, 186.
14.28000, 160.
14.29000, 164.
14.30000, 146.
14.31000, 138.
14.32000, 149.
14.33000, 138.
14.34000, 137.
14.35000, 125.
14.36000, 142.
14.37000, 142.
14.38000, 134.
14.39000, 159.
14.40000, 161.
14.41000, 144.
14.42000, 122.
14.43000, 140.
14.44000, 117.
14.45000, 153.
14.46000, 148.
14.47000, 134.
14.48000, 138.
14.49000, 131.
14.50000, 160.
14.51000, 146.
14.52000, 136.
14.53000, 127.
14.54000, 130.
14.55000, 141.
14.56000, 155.
14.57000, 148.
14.58000, 162.
14.59000, 140.
14.60000, 153.
14.61000, 152.
14.62000, 163.
14.63000, 162.
14.64000, 144.
14.65000, 144.
14.66000, 165.
14.67000, 165.
14.68000, 168.
14.69000, 163.
14.70000, 144.
14.71000, 172.
14.72000, 156.
14.73000, 160.
14.74000, 170.
14.75000, 147.
14.76000, 169.
14.77000, 188.
14.78000, 199.
14.79000, 200.
14.80000, 183.
14.81000, 147.
14.82000, 175.
14.83000, 177.
14.84000, 186.
14.85000, 180.
14.86000, 153.
14.87000, 160.
14.88000, 176.
14.89000, 158.
14.90000, 172.
14.91000, 180.
14.92000, 180.
14.93000, 190.
14.94000, 180.
14.95000, 165.
14.96000, 158.
14.97000, 186.
14.98000, 161.
14.99000, 171.
15.00000, 172.
15.01000, 151.
15.02000, 166.
15.03000, 169.
15.04000, 165.
15.05000, 199.
15.06000, 145.
15.07000, 140.
15.08000, 136.
15.09000, 157.
15.10000, 150.
15.11000, 183.
15.12000, 141.
15.13000, 154.
15.14000, 148.
15.15000, 156.
15.16000, 142.
15.17000, 144.
15.18000, 173.
15.19000, 138.
15.20000, 144.
15.21000, 154.
15.22000, 136.
15.23000, 149.
15.24000, 157.
15.25000, 154.
15.26000, 145.
15.27000, 133.
15.28000, 152.
15.29000, 148.
15.30000, 134.
15.31000, 156.
15.32000, 145.
15.33000, 141.
15.34000, 158.
15.35000, 152.
15.36000, 162.
15.37000, 143.
15.38000, 138.
15.39000, 137.
15.40000, 138.
15.41000, 159.
15.42000, 156.
15.43000, 137.
15.44000, 147.
15.45000, 148.
15.46000, 168.
15.47000, 159.
15.48000, 149.
15.49000, 155.
15.50000, 158.
15.51000, 155.
15.52000, 176.
15.53000, 193.
15.54000, 201.
15.55000, 175.
15.56000, 218.
15.57000, 232.
15.58000, 223.
15.59000, 265.
15.60000, 253.
15.61000, 271.
15.62000, 298.
15.63000, 312.
15.64000, 332.
15.65000, 376.
15.66000, 375.
15.67000, 371.
15.68000, 390.
15.69000, 417.
15.70000, 415.
15.71000, 410.
15.72000, 388.
15.73000, 421.
15.74000, 380.
15.75000, 394.
15.76000, 417.
15.77000, 399.
15.78000, 369.
15.79000, 383.
15.80000, 398.
15.81000, 358.
15.82000, 333.
15.83000, 290.
15.84000, 274.
15.85000, 257.
15.86000, 248.
15.87000, 269.
15.88000, 238.
15.89000, 208.
15.90000, 216.
15.91000, 198.
15.92000, 152.
15.93000, 175.
15.94000, 168.
15.95000, 172.
15.96000, 162.
15.97000, 157.
15.98000, 154.
15.99000, 167.
16.00000, 167.
16.01000, 165.
16.02000, 143.
16.03000, 145.
16.04000, 144.
16.05000, 151.
16.06000, 119.
16.07000, 129.
16.08000, 128.
16.09000, 138.
16.10000, 150.
16.11000, 152.
16.12000, 134.
16.13000, 138.
16.14000, 149.
16.15000, 146.
16.16000, 165.
16.17000, 147.
16.18000, 143.
16.19000, 154.
16.20000, 140.
16.21000, 143.
16.22000, 137.
16.23000, 141.
16.24000, 161.
16.25000, 131.
16.26000, 160.
16.27000, 153.
16.28000, 138.
16.29000, 137.
16.30000, 146.
16.31000, 155.
16.32000, 149.
16.33000, 144.
16.34000, 135.
16.35000, 156.
16.36000, 159.
16.37000, 133.
16.38000, 165.
16.39000, 142.
16.40000, 144.
16.41000, 145.
16.42000, 142.
16.43000, 148.
16.44000, 147.
16.45000, 156.
16.46000, 158.
16.47000, 133.
16.48000, 142.
16.49000, 131.
16.50000, 153.
16.51000, 158.
16.52000, 152.
16.53000, 146.
16.54000, 146.
16.55000, 164.
16.56000, 155.
16.57000, 166.
16.58000, 160.
16.59000, 141.
16.60000, 154.
16.61000, 126.
16.62000, 153.
16.63000, 160.
16.64000, 133.
16.65000, 169.
16.66000, 161.
16.67000, 155.
16.68000, 160.
16.69000, 152.
16.70000, 149.
16.71000, 172.
16.72000, 144.
16.73000, 132.
16.74000, 144.
16.75000, 144.
16.76000, 145.
16.77000, 139.
16.78000, 147.
16.79000, 138.
16.80000, 148.
16.81000, 173.
16.82000, 138.
16.83000, 148.
16.84000, 164.
16.85000, 122.
16.86000, 133.
16.87000, 138.
16.88000, 152.
16.89000, 149.
16.90000, 161.
16.91000, 154.
16.92000, 138.
16.93000, 131.
16.94000, 132.
16.95000, 150.
16.96000, 121.
16.97000, 155.
16.98000, 134.
16.99000, 137.
17.00000, 158.
17.01000, 151.
17.02000, 157.
17.03000, 145.
17.04000, 165.
17.05000, 153.
17.06000, 142.
17.07000, 142.
17.08000, 161.
17.09000, 158.
17.10000, 156.
17.11000, 147.
17.12000, 155.
17.13000, 162.
17.14000, 161.
17.15000, 130.
17.16000, 143.
17.17000, 139.
17.18000, 139.
17.19000, 143.
17.20000, 137.
17.21000, 165.
17.22000, 140.
17.23000, 151.
17.24000, 143.
17.25000, 151.
17.26000, 144.
17.27000, 156.
17.28000, 143.
17.29000, 155.
17.30000, 157.
17.31000, 166.
17.32000, 194.
17.33000, 156.
17.34000, 151.
17.35000, 162.
17.36000, 151.
17.37000, 142.
17.38000, 182.
17.39000, 158.
17.40000, 146.
17.41000, 160.
17.42000, 152.
17.43000, 165.
17.44000, 153.
17.45000, 169.
17.46000, 146.
17.47000, 186.
17.48000, 172.
17.49000, 172.
17.50000, 193.
17.51000, 202.
17.52000, 197.
17.53000, 175.
17.54000, 194.
17.55000, 184.
17.56000, 182.
17.57000, 212.
17.58000, 208.
17.59000, 204.
17.60000, 212.
17.61000, 236.
17.62000, 216.
17.63000, 214.
17.64000, 218.
17.65000, 207.
17.66000, 207.
17.67000, 214.
17.68000, 219.
17.69000, 231.
17.70000, 213.
17.71000, 195.
17.72000, 187.
17.73000, 221.
17.74000, 207.
17.75000, 219.
17.76000, 201.
17.77000, 191.
17.78000, 205.
17.79000, 188.
17.80000, 225.
17.81000, 206.
17.82000, 196.
17.83000, 216.
17.84000, 199.
17.85000, 170.
17.86000, 197.
17.87000, 163.
17.88000, 187.
17.89000, 189.
17.90000, 206.
17.91000, 204.
17.92000, 209.
17.93000, 218.
17.94000, 222.
17.95000, 193.
17.96000, 224.
17.97000, 203.
17.98000, 184.
17.99000, 199.
18.00000, 174.
18.01000, 218.
18.02000, 213.
18.03000, 220.
18.04000, 254.
18.05000, 225.
18.06000, 210.
18.07000, 224.
18.08000, 220.
18.09000, 227.
18.10000, 241.
18.11000, 240.
18.12000, 237.
18.13000, 233.
18.14000, 249.
18.15000, 278.
18.16000, 277.
18.17000, 256.
18.18000, 261.
18.19000, 274.
18.20000, 245.
18.21000, 256.
18.22000, 241.
18.23000, 315.
18.24000, 276.
18.25000, 309.
18.26000, 291.
18.27000, 306.
18.28000, 325.
18.29000, 312.
18.30000, 309.
18.31000, 349.
18.32000, 338.
18.33000, 369.
18.34000, 397.
18.35000, 377.
18.36000, 387.
18.37000, 363.
18.38000, 387.
18.39000, 405.
18.40000, 424.
18.41000, 443.
18.42000, 441.
18.43000, 428.
18.44000, 477.
18.45000, 481.
18.46000, 473.
18.47000, 477.
18.48000, 522.
18.49000, 532.
18.50000, 505.
18.51000, 560.
18.52000, 593.
18.53000, 582.
18.54000, 655.
18.55000, 642.
18.56000, 666.
18.57000, 696.
18.58000, 664.
18.59000, 675.
18.60000, 713.
18.61000, 707.
18.62000, 721.
18.63000, 710.
18.64000, 732.
18.65000, 755.
18.66000, 833.
18.67000, 763.
18.68000, 813.
18.69000, 794.
18.70000, 829.
18.71000, 880.
18.72000, 803.
18.73000, 818.
18.74000, 862.
18.75000, 843.
18.76000, 883.
18.77000, 867.
18.78000, 873.
18.79000, 862.
18.80000, 867.
18.81000, 891.
18.82000, 820.
18.83000, 873.
18.84000, 841.
18.85000, 834.
18.86000, 866.
18.87000, 812.
18.88000, 795.
18.89000, 839.
18.90000, 816.
18.91000, 833.
18.92000, 794.
18.93000, 778.
18.94000, 812.
18.95000, 804.
18.96000, 740.
18.97000, 752.
18.98000, 685.
18.99000, 742.
19.00000, 683.
19.01000, 658.
19.02000, 699.
19.03000, 678.
19.04000, 626.
19.05000, 622.
19.06000, 602.
19.07000, 602.
19.08000, 558.
19.09000, 529.
19.10000, 520.
19.11000, 473.
19.12000, 528.
19.13000, 508.
19.14000, 499.
19.15000, 476.
19.16000, 469.
19.17000, 412.
19.18000, 437.
19.19000, 430.
19.20000, 414.
19.21000, 405.
19.22000, 381.
19.23000, 391.
19.24000, 372.
19.25000, 347.
19.26000, 372.
19.27000, 329.
19.28000, 337.
19.29000, 313.
19.30000, 305.
19.31000, 328.
19.32000, 309.
19.33000, 296.
19.34000, 299.
19.35000, 299.
19.36000, 281.
19.37000, 277.
19.38000, 240.
19.39000, 265.
19.40000, 265.
19.41000, 291.
19.42000, 269.
19.43000, 228.
19.44000, 242.
19.45000, 224.
19.46000, 237.
19.47000, 245.
19.48000, 218.
19.49000, 224.
19.50000, 236.
19.51000, 224.
19.52000, 201.
19.53000, 223.
19.54000, 213.
19.55000, 216.
19.56000, 184.
19.57000, 190.
19.58000, 169.
19.59000, 183.
19.60000, 209.
19.61000, 176.
19.62000, 194.
19.63000, 198.
19.64000, 187.
19.65000, 183.
19.66000, 181.
19.67000, 176.
19.68000, 189.
19.69000, 174.
19.70000, 180.
19.71000, 173.
19.72000, 168.
19.73000, 140.
19.74000, 175.
19.75000, 156.
19.76000, 159.
19.77000, 161.
19.78000, 196.
19.79000, 182.
19.80000, 208.
19.81000, 174.
19.82000, 179.
19.83000, 191.
19.84000, 163.
19.85000, 173.
19.86000, 189.
19.87000, 192.
19.88000, 187.
19.89000, 206.
19.90000, 228.
19.91000, 254.
19.92000, 216.
19.93000, 235.
19.94000, 264.
19.95000, 256.
19.96000, 294.
19.97000, 313.
19.98000, 332.
19.99000, 374.
20.00000, 363.
20.01000, 364.
20.02000, 397.
20.03000, 423.
20.04000, 442.
20.05000, 435.
20.06000, 508.
20.07000, 476.
20.08000, 489.
20.09000, 475.
20.10000, 488.
20.11000, 519.
20.12000, 514.
20.13000, 527.
20.14000, 530.
20.15000, 576.
20.16000, 514.
20.17000, 545.
20.18000, 526.
20.19000, 512.
20.20000, 489.
20.21000, 509.
20.22000, 475.
20.23000, 493.
20.24000, 478.
20.25000, 424.
20.26000, 408.
20.27000, 368.
20.28000, 325.
20.29000, 321.
20.30000, 290.
20.31000, 305.
20.32000, 275.
20.33000, 228.
20.34000, 233.
20.35000, 216.
20.36000, 208.
20.37000, 193.
20.38000, 160.
20.39000, 162.
20.40000, 192.
20.41000, 179.
20.42000, 167.
20.43000, 160.
20.44000, 150.
20.45000, 149.
20.46000, 149.
20.47000, 151.
20.48000, 148.
20.49000, 140.
20.50000, 148.
20.51000, 158.
20.52000, 166.
20.53000, 180.
20.54000, 166.
20.55000, 173.
20.56000, 147.
20.57000, 172.
20.58000, 162.
20.59000, 142.
20.60000, 173.
20.61000, 181.
20.62000, 157.
20.63000, 168.
20.64000, 169.
20.65000, 163.
20.66000, 195.
20.67000, 190.
20.68000, 188.
20.69000, 185.
20.70000, 202.
20.71000, 198.
20.72000, 193.
20.73000, 203.
20.74000, 215.
20.75000, 187.
20.76000, 208.
20.77000, 213.
20.78000, 205.
20.79000, 227.
20.80000, 224.
20.81000, 232.
20.82000, 224.
20.83000, 233.
20.84000, 240.
20.85000, 244.
20.86000, 217.
20.87000, 231.
20.88000, 217.
20.89000, 236.
20.90000, 217.
20.91000, 243.
20.92000, 240.
20.93000, 234.
20.94000, 223.
20.95000, 212.
20.96000, 274.
20.97000, 259.
20.98000, 247.
20.99000, 220.
21.00000, 233.
21.01000, 221.
21.02000, 205.
21.03000, 247.
21.04000, 248.
21.05000, 229.
21.06000, 206.
21.07000, 252.
21.08000, 235.
21.09000, 216.
21.10000, 234.
21.11000, 246.
21.12000, 242.
21.13000, 231.
21.14000, 223.
21.15000, 243.
21.16000, 213.
21.17000, 224.
21.18000, 191.
21.19000, 192.
21.20000, 238.
21.21000, 232.
21.22000, 196.
21.23000, 221.
21.24000, 187.
21.25000, 185.
21.26000, 188.
21.27000, 196.
21.28000, 178.
21.29000, 181.
21.30000, 191.
21.31000, 181.
21.32000, 185.
21.33000, 179.
21.34000, 170.
21.35000, 172.
21.36000, 183.
21.37000, 177.
21.38000, 157.
21.39000, 136.
21.40000, 177.
21.41000, 152.
21.42000, 156.
21.43000, 159.
21.44000, 143.
21.45000, 147.
21.46000, 142.
21.47000, 134.
21.48000, 156.
21.49000, 160.
21.50000, 130.
21.51000, 127.
21.52000, 137.
21.53000, 159.
21.54000, 127.
21.55000, 123.
21.56000, 120.
21.57000, 137.
21.58000, 132.
21.59000, 144.
21.60000, 116.
21.61000, 134.
21.62000, 122.
21.63000, 109.
21.64000, 125.
21.65000, 123.
21.66000, 137.
21.67000, 104.
21.68000, 120.
21.69000, 133.
21.70000, 140.
21.71000, 113.
21.72000, 105.
21.73000, 99.
21.74000, 108.
21.75000, 105.
21.76000, 110.
21.77000, 94.
21.78000, 101.
21.79000, 101.
21.80000, 115.
21.81000, 116.
21.82000, 99.
21.83000, 115.
21.84000, 103.
21.85000, 106.
21.86000, 116.
21.87000, 91.
21.88000, 94.
21.89000, 78.
21.90000, 107.
21.91000, 107.
21.92000, 80.
21.93000, 88.
21.94000, 87.
21.95000, 75.
21.96000, 99.
21.97000, 86.
21.98000, 89.
21.99000, 93.
22.00000, 91.
22.01000, 86.
22.02000, 98.
22.03000, 104.
22.04000, 97.
22.05000, 81.
22.06000, 84.
22.07000, 90.
22.08000, 96.
22.09000, 89.
22.10000, 92.
22.11000, 104.
22.12000, 90.
22.13000, 88.
22.14000, 102.
22.15000, 85.
22.16000, 85.
22.17000, 87.
22.18000, 90.
22.19000, 78.
22.20000, 87.
22.21000, 84.
22.22000, 90.
22.23000, 67.
22.24000, 80.
22.25000, 87.
22.26000, 84.
22.27000, 72.
22.28000, 80.
22.29000, 62.
22.30000, 81.
22.31000, 85.
22.32000, 92.
22.33000, 83.
22.34000, 75.
22.35000, 66.
22.36000, 76.
22.37000, 69.
22.38000, 63.
22.39000, 93.
22.40000, 77.
22.41000, 88.
22.42000, 86.
22.43000, 85.
22.44000, 98.
22.45000, 80.
22.46000, 82.
22.47000, 80.
22.48000, 101.
22.49000, 77.
22.50000, 97.
22.51000, 103.
22.52000, 95.
22.53000, 106.
22.54000, 117.
22.55000, 114.
22.56000, 107.
22.57000, 118.
22.58000, 116.
22.59000, 107.
22.60000, 132.
22.61000, 139.
22.62000, 132.
22.63000, 148.
22.64000, 138.
22.65000, 127.
22.66000, 124.
22.67000, 118.
22.68000, 149.
22.69000, 142.
22.70000, 140.
22.71000, 144.
22.72000, 130.
22.73000, 132.
22.74000, 138.
22.75000, 109.
22.76000, 121.
22.77000, 95.
22.78000, 126.
22.79000, 117.
22.80000, 111.
22.81000, 110.
22.82000, 87.
22.83000, 97.
22.84000, 90.
22.85000, 95.
22.86000, 97.
22.87000, 106.
22.88000, 69.
22.89000, 75.
22.90000, 76.
22.91000, 81.
22.92000, 69.
22.93000, 80.
22.94000, 89.
22.95000, 72.
22.96000, 93.
22.97000, 76.
22.98000, 79.
22.99000, 82.
23.00000, 70.
23.01000, 62.
23.02000, 66.
23.03000, 74.
23.04000, 72.
23.05000, 99.
23.06000, 81.
23.07000, 66.
23.08000, 77.
23.09000, 77.
23.10000, 74.
23.11000, 80.
23.12000, 91.
23.13000, 80.
23.14000, 88.
23.15000, 84.
23.16000, 72.
23.17000, 79.
23.18000, 70.
23.19000, 82.
23.20000, 80.
23.21000, 76.
23.22000, 72.
23.23000, 72.
23.24000, 77.
23.25000, 67.
23.26000, 68.
23.27000, 74.
23.28000, 64.
23.29000, 73.
23.30000, 61.
23.31000, 61.
23.32000, 70.
23.33000, 57.
23.34000, 69.
23.35000, 70.
23.36000, 66.
23.37000, 79.
23.38000, 73.
23.39000, 56.
23.40000, 53.
23.41000, 78.
23.42000, 68.
23.43000, 68.
23.44000, 62.
23.45000, 65.
23.46000, 60.
23.47000, 78.
23.48000, 71.
23.49000, 68.
23.50000, 59.
23.51000, 59.
23.52000, 60.
23.53000, 69.
23.54000, 76.
23.55000, 57.
23.56000, 67.
23.57000, 71.
23.58000, 57.
23.59000, 57.
23.60000, 68.
23.61000, 66.
23.62000, 65.
23.63000, 69.
23.64000, 62.
23.65000, 63.
23.66000, 68.
23.67000, 76.
23.68000, 68.
23.69000, 60.
23.70000, 72.
23.71000, 68.
23.72000, 57.
23.73000, 69.
23.74000, 79.
23.75000, 64.
23.76000, 73.
23.77000, 54.
23.78000, 60.
23.79000, 63.
23.80000, 58.
23.81000, 58.
23.82000, 63.
23.83000, 64.
23.84000, 73.
23.85000, 74.
23.86000, 54.
23.87000, 68.
23.88000, 63.
23.89000, 65.
23.90000, 59.
23.91000, 56.
23.92000, 66.
23.93000, 71.
23.94000, 48.
23.95000, 72.
23.96000, 63.
23.97000, 57.
23.98000, 61.
23.99000, 58.
24.00000, 83.
24.01000, 47.
24.02000, 61.
24.03000, 62.
24.04000, 63.
24.05000, 50.
24.06000, 62.
24.07000, 46.
24.08000, 59.
24.09000, 74.
24.10000, 60.
24.11000, 58.
24.12000, 61.
24.13000, 53.
24.14000, 73.
24.15000, 60.
24.16000, 64.
24.17000, 63.
24.18000, 71.
24.19000, 59.
24.20000, 61.
24.21000, 57.
24.22000, 59.
24.23000, 62.
24.24000, 66.
24.25000, 67.
24.26000, 54.
24.27000, 70.
24.28000, 54.
24.29000, 58.
24.30000, 79.
24.31000, 57.
24.32000, 56.
24.33000, 57.
24.34000, 71.
24.35000, 60.
24.36000, 55.
24.37000, 51.
24.38000, 64.
24.39000, 58.
24.40000, 72.
24.41000, 66.
24.42000, 60.
24.43000, 64.
24.44000, 74.
24.45000, 59.
24.46000, 68.
24.47000, 60.
24.48000, 59.
24.49000, 50.
24.50000, 64.
24.51000, 67.
24.52000, 61.
24.53000, 51.
24.54000, 49.
24.55000, 58.
24.56000, 63.
24.57000, 58.
24.58000, 72.
24.59000, 73.
24.60000, 72.
24.61000, 59.
24.62000, 65.
24.63000, 67.
24.64000, 74.
24.65000, 61.
24.66000, 64.
24.67000, 71.
24.68000, 88.
24.69000, 71.
24.70000, 62.
24.71000, 67.
24.72000, 69.
24.73000, 56.
24.74000, 51.
24.75000, 71.
24.76000, 73.
24.77000, 61.
24.78000, 48.
24.79000, 61.
24.80000, 61.
24.81000, 60.
24.82000, 64.
24.83000, 54.
24.84000, 72.
24.85000, 78.
24.86000, 66.
24.87000, 73.
24.88000, 66.
24.89000, 55.
24.90000, 70.
24.91000, 65.
24.92000, 89.
24.93000, 85.
24.94000, 56.
24.95000, 67.
24.96000, 54.
24.97000, 72.
24.98000, 67.
24.99000, 62.
25.00000, 63.
25.01000, 66.
25.02000, 79.
25.03000, 60.
25.04000, 54.
25.05000, 57.
25.06000, 63.
25.07000, 72.
25.08000, 75.
25.09000, 71.
25.10000, 70.
25.11000, 64.
25.12000, 81.
25.13000, 75.
25.14000, 59.
25.15000, 73.
25.16000, 52.
25.17000, 76.
25.18000, 83.
25.19000, 60.
25.20000, 61.
25.21000, 62.
25.22000, 67.
25.23000, 62.
25.24000, 62.
25.25000, 60.
25.26000, 66.
25.27000, 73.
25.28000, 69.
25.29000, 63.
25.30000, 70.
25.31000, 74.
25.32000, 57.
25.33000, 65.
25.34000, 60.
25.35000, 53.
25.36000, 52.
25.37000, 61.
25.38000, 69.
25.39000, 56.
25.40000, 62.
25.41000, 61.
25.42000, 67.
25.43000, 52.
25.44000, 59.
25.45000, 58.
25.46000, 61.
25.47000, 60.
25.48000, 51.
25.49000, 76.
25.50000, 56.
25.51000, 63.
25.52000, 49.
25.53000, 44.
25.54000, 57.
25.55000, 66.
25.56000, 63.
25.57000, 55.
25.58000, 72.
25.59000, 61.
25.60000, 53.
25.61000, 51.
25.62000, 74.
25.63000, 62.
25.64000, 55.
25.65000, 49.
25.66000, 64.
25.67000, 66.
25.68000, 73.
25.69000, 62.
25.70000, 60.
25.71000, 63.
25.72000, 59.
25.73000, 67.
25.74000, 60.
25.75000, 46.
25.76000, 52.
25.77000, 59.
25.78000, 59.
25.79000, 60.
25.80000, 48.
25.81000, 63.
25.82000, 57.
25.83000, 50.
25.84000, 65.
25.85000, 43.
25.86000, 66.
25.87000, 47.
25.88000, 44.
25.89000, 48.
25.90000, 44.
25.91000, 52.
25.92000, 59.
25.93000, 82.
25.94000, 39.
25.95000, 60.
25.96000, 53.
25.97000, 49.
25.98000, 48.
25.99000, 63.
26.00000, 46.
26.01000, 41.
26.02000, 54.
26.03000, 56.
26.04000, 48.
26.05000, 57.
26.06000, 53.
26.07000, 56.
26.08000, 49.
26.09000, 58.
26.10000, 64.
26.11000, 60.
26.12000, 44.
26.13000, 53.
26.14000, 49.
26.15000, 59.
26.16000, 58.
26.17000, 45.
26.18000, 53.
26.19000, 51.
26.20000, 55.
26.21000, 56.
26.22000, 54.
26.23000, 48.
26.24000, 62.
26.25000, 52.
26.26000, 63.
26.27000, 51.
26.28000, 62.
26.29000, 57.
26.30000, 46.
26.31000, 62.
26.32000, 49.
26.33000, 57.
26.34000, 54.
26.35000, 65.
26.36000, 57.
26.37000, 63.
26.38000, 63.
26.39000, 61.
26.40000, 62.
26.41000, 39.
26.42000, 66.
26.43000, 46.
26.44000, 59.
26.45000, 54.
26.46000, 44.
26.47000, 69.
26.48000, 62.
26.49000, 60.
26.50000, 50.
26.51000, 51.
26.52000, 53.
26.53000, 46.
26.54000, 50.
26.55000, 47.
26.56000, 56.
26.57000, 46.
26.58000, 62.
26.59000, 57.
26.60000, 35.
26.61000, 52.
26.62000, 42.
26.63000, 45.
26.64000, 47.
26.65000, 55.
26.66000, 35.
26.67000, 52.
26.68000, 47.
26.69000, 54.
26.70000, 51.
26.71000, 47.
26.72000, 55.
26.73000, 54.
26.74000, 48.
26.75000, 48.
26.76000, 57.
26.77000, 55.
26.78000, 48.
26.79000, 43.
26.80000, 51.
26.81000, 52.
26.82000, 57.
26.83000, 64.
26.84000, 48.
26.85000, 67.
26.86000, 53.
26.87000, 59.
26.88000, 56.
26.89000, 43.
26.90000, 46.
26.91000, 59.
26.92000, 50.
26.93000, 53.
26.94000, 52.
26.95000, 60.
26.96000, 39.
26.97000, 45.
26.98000, 47.
26.99000, 44.
27.00000, 44.
27.01000, 56.
27.02000, 45.
27.03000, 51.
27.04000, 52.
27.05000, 48.
27.06000, 58.
27.07000, 48.
27.08000, 50.
27.09000, 60.
27.10000, 47.
27.11000, 49.
27.12000, 43.
27.13000, 46.
27.14000, 43.
27.15000, 45.
27.16000, 52.
27.17000, 59.
27.18000, 61.
27.19000, 53.
27.20000, 47.
27.21000, 56.
27.22000, 54.
27.23000, 53.
27.24000, 47.
27.25000, 40.
27.26000, 59.
27.27000, 51.
27.28000, 63.
27.29000, 51.
27.30000, 51.
27.31000, 59.
27.32000, 51.
27.33000, 42.
27.34000, 46.
27.35000, 43.
27.36000, 54.
27.37000, 45.
27.38000, 45.
27.39000, 49.
27.40000, 50.
27.41000, 42.
27.42000, 48.
27.43000, 49.
27.44000, 48.
27.45000, 42.
27.46000, 51.
27.47000, 41.
27.48000, 47.
27.49000, 55.
27.50000, 46.
27.51000, 52.
27.52000, 31.
27.53000, 53.
27.54000, 40.
27.55000, 46.
27.56000, 52.
27.57000, 42.
27.58000, 47.
27.59000, 36.
27.60000, 52.
27.61000, 48.
27.62000, 42.
27.63000, 41.
27.64000, 52.
27.65000, 40.
27.66000, 41.
27.67000, 45.
27.68000, 43.
27.69000, 44.
27.70000, 59.
27.71000, 41.
27.72000, 38.
27.73000, 44.
27.74000, 44.
27.75000, 41.
27.76000, 45.
27.77000, 46.
27.78000, 41.
27.79000, 44.
27.80000, 56.
27.81000, 37.
27.82000, 46.
27.83000, 53.
27.84000, 63.
27.85000, 48.
27.86000, 37.
27.87000, 44.
27.88000, 38.
27.89000, 50.
27.90000, 53.
27.91000, 43.
27.92000, 35.
27.93000, 38.
27.94000, 45.
27.95000, 47.
27.96000, 52.
27.97000, 42.
27.98000, 29.
27.99000, 50.
28.00000, 33.
28.01000, 35.
28.02000, 43.
28.03000, 43.
28.04000, 51.
28.05000, 43.
28.06000, 39.
28.07000, 44.
28.08000, 44.
28.09000, 39.
28.10000, 43.
28.11000, 45.
28.12000, 44.
28.13000, 29.
28.14000, 52.
28.15000, 39.
28.16000, 35.
28.17000, 36.
28.18000, 45.
28.19000, 39.
28.20000, 42.
28.21000, 33.
28.22000, 53.
28.23000, 45.
28.24000, 55.
28.25000, 47.
28.26000, 43.
28.27000, 43.
28.28000, 40.
28.29000, 53.
28.30000, 37.
28.31000, 31.
28.32000, 57.
28.33000, 47.
28.34000, 45.
28.35000, 44.
28.36000, 40.
28.37000, 47.
28.38000, 47.
28.39000, 37.
28.40000, 55.
28.41000, 49.
28.42000, 47.
28.43000, 51.
28.44000, 54.
28.45000, 35.
28.46000, 34.
28.47000, 33.
28.48000, 58.
28.49000, 31.
28.50000, 39.
28.51000, 35.
28.52000, 41.
28.53000, 52.
28.54000, 42.
28.55000, 49.
28.56000, 34.
28.57000, 48.
28.58000, 39.
28.59000, 43.
28.60000, 48.
28.61000, 38.
28.62000, 50.
28.63000, 40.
28.64000, 41.
28.65000, 50.
28.66000, 32.
28.67000, 34.
28.68000, 41.
28.69000, 44.
28.70000, 37.
28.71000, 42.
28.72000, 43.
28.73000, 47.
28.74000, 45.
28.75000, 40.
28.76000, 44.
28.77000, 38.
28.78000, 37.
28.79000, 39.
28.80000, 46.
28.81000, 44.
28.82000, 49.
28.83000, 49.
28.84000, 41.
28.85000, 49.
28.86000, 37.
28.87000, 38.
28.88000, 34.
28.89000, 41.
28.90000, 45.
28.91000, 42.
28.92000, 35.
28.93000, 43.
28.94000, 33.
28.95000, 36.
28.96000, 51.
28.97000, 47.
28.98000, 31.
28.99000, 38.
29.00000, 34.
29.01000, 44.
29.02000, 41.
29.03000, 43.
29.04000, 46.
29.05000, 42.
29.06000, 35.
29.07000, 31.
29.08000, 40.
29.09000, 37.
29.10000, 30.
29.11000, 30.
29.12000, 40.
29.13000, 44.
29.14000, 39.
29.15000, 38.
29.16000, 43.
29.17000, 40.
29.18000, 36.
29.19000, 35.
29.20000, 39.
29.21000, 31.
29.22000, 48.
29.23000, 35.
29.24000, 35.
29.25000, 28.
29.26000, 40.
29.27000, 33.
29.28000, 29.
29.29000, 36.
29.30000, 40.
29.31000, 41.
29.32000, 36.
29.33000, 32.
29.34000, 39.
29.35000, 35.
29.36000, 41.
29.37000, 32.
29.38000, 37.
29.39000, 36.
29.40000, 39.
29.41000, 33.
29.42000, 45.
29.43000, 40.
29.44000, 32.
29.45000, 44.
29.46000, 37.
29.47000, 31.
29.48000, 44.
29.49000, 41.
29.50000, 36.
29.51000, 31.
29.52000, 42.
29.53000, 36.
29.54000, 56.
29.55000, 34.
29.56000, 34.
29.57000, 44.
29.58000, 33.
29.59000, 42.
29.60000, 30.
29.61000, 32.
29.62000, 31.
29.63000, 29.
29.64000, 41.
29.65000, 37.
29.66000, 27.
29.67000, 28.
29.68000, 46.
29.69000, 24.
29.70000, 25.
29.71000, 38.
29.72000, 36.
29.73000, 30.
29.74000, 30.
29.75000, 32.
29.76000, 37.
29.77000, 30.
29.78000, 43.
29.79000, 44.
29.80000, 27.
29.81000, 31.
29.82000, 28.
29.83000, 29.
29.84000, 29.
29.85000, 31.
29.86000, 30.
29.87000, 38.
29.88000, 30.
29.89000, 36.
29.90000, 41.
29.91000, 36.
29.92000, 27.
29.93000, 38.
29.94000, 33.
29.95000, 41.
29.96000, 41.
29.97000, 38.
29.98000, 28.
29.99000, 38.
30.00000, 31.
30.01000, 34.
30.02000, 37.
30.03000, 28.
30.04000, 31.
30.05000, 37.
30.06000, 32.
30.07000, 36.
30.08000, 27.
30.09000, 26.
30.10000, 32.
30.11000, 34.
30.12000, 34.
30.13000, 35.
30.14000, 31.
30.15000, 36.
30.16000, 27.
30.17000, 42.
30.18000, 27.
30.19000, 38.
30.20000, 34.
30.21000, 48.
30.22000, 34.
30.23000, 31.
30.24000, 26.
30.25000, 34.
30.26000, 35.
30.27000, 33.
30.28000, 45.
30.29000, 42.
30.30000, 43.
30.31000, 42.
30.32000, 30.
30.33000, 30.
30.34000, 33.
30.35000, 41.
30.36000, 31.
30.37000, 31.
30.38000, 37.
30.39000, 34.
30.40000, 30.
30.41000, 25.
30.42000, 33.
30.43000, 30.
30.44000, 23.
30.45000, 30.
30.46000, 27.
30.47000, 35.
30.48000, 27.
30.49000, 30.
30.50000, 24.
30.51000, 30.
30.52000, 36.
30.53000, 41.
30.54000, 27.
30.55000, 39.
30.56000, 21.
30.57000, 27.
30.58000, 45.
30.59000, 35.
30.60000, 27.
30.61000, 28.
30.62000, 35.
30.63000, 26.
30.64000, 31.
30.65000, 31.
30.66000, 31.
30.67000, 32.
30.68000, 36.
30.69000, 43.
30.70000, 27.
30.71000, 33.
30.72000, 46.
30.73000, 36.
30.74000, 23.
30.75000, 26.
30.76000, 24.
30.77000, 36.
30.78000, 28.
30.79000, 28.
30.80000, 30.
30.81000, 32.
30.82000, 36.
30.83000, 20.
30.84000, 33.
30.85000, 30.
30.86000, 35.
30.87000, 34.
30.88000, 28.
30.89000, 41.
30.90000, 35.
30.91000, 28.
30.92000, 29.
30.93000, 25.
30.94000, 31.
30.95000, 36.
30.96000, 39.
30.97000, 36.
30.98000, 37.
30.99000, 26.
31.00000, 29.
31.01000, 26.
31.02000, 21.
31.03000, 25.
31.04000, 28.
31.05000, 22.
31.06000, 23.
31.07000, 39.
31.08000, 29.
31.09000, 37.
31.10000, 39.
31.11000, 33.
31.12000, 22.
31.13000, 22.
31.14000, 32.
31.15000, 38.
31.16000, 21.
31.17000, 21.
31.18000, 22.
31.19000, 32.
31.20000, 32.
31.21000, 23.
31.22000, 22.
31.23000, 31.
31.24000, 34.
31.25000, 30.
31.26000, 21.
31.27000, 21.
31.28000, 36.
31.29000, 29.
31.30000, 20.
31.31000, 31.
31.32000, 27.
31.33000, 26.
31.34000, 31.
31.35000, 36.
31.36000, 35.
31.37000, 22.
31.38000, 31.
31.39000, 23.
31.40000, 26.
31.41000, 27.
31.42000, 38.
31.43000, 34.
31.44000, 34.
31.45000, 25.
31.46000, 18.
31.47000, 37.
31.48000, 27.
31.49000, 31.
31.50000, 28.
31.51000, 15.
31.52000, 25.
31.53000, 26.
31.54000, 23.
31.55000, 30.
31.56000, 27.
31.57000, 27.
31.58000, 29.
31.59000, 19.
31.60000, 28.
31.61000, 18.
31.62000, 28.
31.63000, 36.
31.64000, 38.
31.65000, 33.
31.66000, 23.
31.67000, 33.
31.68000, 29.
31.69000, 30.
31.70000, 22.
31.71000, 36.
31.72000, 35.
31.73000, 39.
31.74000, 22.
31.75000, 38.
31.76000, 36.
31.77000, 19.
31.78000, 34.
31.79000, 23.
31.80000, 27.
31.81000, 28.
31.82000, 32.
31.83000, 26.
31.84000, 25.
31.85000, 29.
31.86000, 28.
31.87000, 24.
31.88000, 26.
31.89000, 32.
31.90000, 34.
31.91000, 31.
31.92000, 30.
31.93000, 34.
31.94000, 22.
31.95000, 25.
31.96000, 38.
31.97000, 32.
31.98000, 27.
31.99000, 20.
32.00000, 21.
32.01000, 39.
32.02000, 30.
32.03000, 38.
32.04000, 21.
32.05000, 35.
32.06000, 28.
32.07000, 29.
32.08000, 27.
32.09000, 27.
32.10000, 26.
32.11000, 37.
32.12000, 28.
32.13000, 34.
32.14000, 22.
32.15000, 35.
32.16000, 27.
32.17000, 28.
32.18000, 35.
32.19000, 26.
32.20000, 29.
32.21000, 35.
32.22000, 31.
32.23000, 22.
32.24000, 29.
32.25000, 35.
32.26000, 30.
32.27000, 30.
32.28000, 27.
32.29000, 28.
32.30000, 24.
32.31000, 26.
32.32000, 27.
32.33000, 21.
32.34000, 30.
32.35000, 29.
32.36000, 35.
32.37000, 29.
32.38000, 27.
32.39000, 28.
32.40000, 31.
32.41000, 30.
32.42000, 25.
32.43000, 30.
32.44000, 20.
32.45000, 27.
32.46000, 30.
32.47000, 17.
32.48000, 23.
32.49000, 24.
32.50000, 29.
32.51000, 26.
32.52000, 29.
32.53000, 20.
32.54000, 27.
32.55000, 22.
32.56000, 24.
32.57000, 22.
32.58000, 20.
32.59000, 23.
32.60000, 19.
32.61000, 24.
32.62000, 27.
32.63000, 20.
32.64000, 24.
32.65000, 24.
32.66000, 18.
32.67000, 30.
32.68000, 25.
32.69000, 29.
32.70000, 13.
32.71000, 33.
32.72000, 30.
32.73000, 30.
32.74000, 19.
32.75000, 17.
32.76000, 22.
32.77000, 24.
32.78000, 21.
32.79000, 20.
32.80000, 28.
32.81000, 28.
32.82000, 35.
32.83000, 35.
32.84000, 29.
32.85000, 16.
32.86000, 32.
32.87000, 14.
32.88000, 14.
32.89000, 19.
32.90000, 27.
32.91000, 19.
32.92000, 20.
32.93000, 22.
32.94000, 23.
32.95000, 23.
32.96000, 27.
32.97000, 15.
32.98000, 24.
32.99000, 15.
33.00000, 28.
33.01000, 17.
33.02000, 20.
33.03000, 25.
33.04000, 21.
33.05000, 28.
33.06000, 33.
33.07000, 25.
33.08000, 21.
33.09000, 20.
33.10000, 25.
33.11000, 23.
33.12000, 32.
33.13000, 26.
33.14000, 19.
33.15000, 25.
33.16000, 28.
33.17000, 17.
33.18000, 20.
33.19000, 27.
33.20000, 18.
33.21000, 21.
33.22000, 24.
33.23000, 16.
33.24000, 17.
33.25000, 16.
33.26000, 17.
33.27000, 24.
33.28000, 24.
33.29000, 22.
33.30000, 20.
33.31000, 20.
33.32000, 23.
33.33000, 25.
33.34000, 20.
33.35000, 20.
33.36000, 20.
33.37000, 17.
33.38000, 33.
33.39000, 16.
33.40000, 21.
33.41000, 21.
33.42000, 25.
33.43000, 22.
33.44000, 16.
33.45000, 20.
33.46000, 31.
33.47000, 19.
33.48000, 17.
33.49000, 21.
33.50000, 18.
33.51000, 29.
33.52000, 17.
33.53000, 21.
33.54000, 14.
33.55000, 29.
33.56000, 19.
33.57000, 16.
33.58000, 20.
33.59000, 19.
33.60000, 20.
33.61000, 24.
33.62000, 20.
33.63000, 15.
33.64000, 23.
33.65000, 22.
33.66000, 33.
33.67000, 17.
33.68000, 25.
33.69000, 20.
33.70000, 20.
33.71000, 21.
33.72000, 20.
33.73000, 26.
33.74000, 24.
33.75000, 22.
33.76000, 20.
33.77000, 22.
33.78000, 15.
33.79000, 15.
33.80000, 30.
33.81000, 21.
33.82000, 23.
33.83000, 26.
33.84000, 23.
33.85000, 17.
33.86000, 16.
33.87000, 17.
33.88000, 22.
33.89000, 27.
33.90000, 16.
33.91000, 18.
33.92000, 22.
33.93000, 22.
33.94000, 24.
33.95000, 28.
33.96000, 17.
33.97000, 27.
33.98000, 19.
33.99000, 24.
34.00000, 15.
34.01000, 12.
34.02000, 15.
34.03000, 23.
34.04000, 19.
34.05000, 18.
34.06000, 23.
34.07000, 20.
34.08000, 17.
34.09000, 15.
34.10000, 27.
34.11000, 23.
34.12000, 22.
34.13000, 22.
34.14000, 20.
34.15000, 23.
34.16000, 25.
34.17000, 17.
34.18000, 26.
34.19000, 15.
34.20000, 17.
34.21000, 16.
34.22000, 17.
34.23000, 16.
34.24000, 20.
34.25000, 22.
34.26000, 18.
34.27000, 15.
34.28000, 23.
34.29000, 33.
34.30000, 21.
34.31000, 15.
34.32000, 24.
34.33000, 14.
34.34000, 14.
34.35000, 23.
34.36000, 18.
34.37000, 23.
34.38000, 23.
34.39000, 17.
34.40000, 14.
34.41000, 20.
34.42000, 23.
34.43000, 30.
34.44000, 23.
34.45000, 16.
34.46000, 23.
34.47000, 28.
34.48000, 13.
34.49000, 21.
34.50000, 14.
34.51000, 21.
34.52000, 16.
34.53000, 20.
34.54000, 21.
34.55000, 15.
34.56000, 14.
34.57000, 15.
34.58000, 18.
34.59000, 18.
34.60000, 18.
34.61000, 19.
34.62000, 17.
34.63000, 12.
34.64000, 24.
34.65000, 13.
34.66000, 16.
34.67000, 13.
34.68000, 23.
34.69000, 28.
34.70000, 17.
34.71000, 17.
34.72000, 21.
34.73000, 15.
34.74000, 17.
34.75000, 12.
34.76000, 19.
34.77000, 19.
34.78000, 15.
34.79000, 14.
34.80000, 24.
34.81000, 14.
34.82000, 14.
34.83000, 14.
34.84000, 16.
34.85000, 27.
34.86000, 15.
34.87000, 18.
34.88000, 22.
34.89000, 21.
34.90000, 22.
34.91000, 16.
34.92000, 10.
34.93000, 23.
34.94000, 20.
34.95000, 16.
34.96000, 20.
34.97000, 18.
34.98000, 24.
34.99000, 22.
35.00000, 13.
35.01000, 18.
35.02000, 21.
35.03000, 20.
35.04000, 16.
35.05000, 17.
35.06000, 21.
35.07000, 24.
35.08000, 17.
35.09000, 15.
35.10000, 11.
35.11000, 15.
35.12000, 12.
35.13000, 18.
35.14000, 19.
35.15000, 18.
35.16000, 24.
35.17000, 20.
35.18000, 18.
35.19000, 19.
35.20000, 17.
35.21000, 11.
35.22000, 17.
35.23000, 15.
35.24000, 11.
35.25000, 12.
35.26000, 13.
35.27000, 10.
35.28000, 13.
35.29000, 14.
35.30000, 18.
35.31000, 11.
35.32000, 15.
35.33000, 15.
35.34000, 21.
35.35000, 19.
35.36000, 15.
35.37000, 16.
35.38000, 14.
35.39000, 16.
35.40000, 13.
35.41000, 17.
35.42000, 15.
35.43000, 12.
35.44000, 19.
35.45000, 14.
35.46000, 23.
35.47000, 17.
35.48000, 14.
35.49000, 8.
35.50000, 15.
35.51000, 13.
35.52000, 13.
35.53000, 11.
35.54000, 22.
35.55000, 18.
35.56000, 15.
35.57000, 27.
35.58000, 11.
35.59000, 14.
35.60000, 12.
35.61000, 10.
35.62000, 14.
35.63000, 12.
35.64000, 15.
35.65000, 15.
35.66000, 16.
35.67000, 9.
35.68000, 11.
35.69000, 18.
35.70000, 17.
35.71000, 15.
35.72000, 18.
35.73000, 16.
35.74000, 18.
35.75000, 13.
35.76000, 10.
35.77000, 16.
35.78000, 16.
35.79000, 15.
35.80000, 12.
35.81000, 17.
35.82000, 13.
35.83000, 11.
35.84000, 7.
35.85000, 15.
35.86000, 7.
35.87000, 11.
35.88000, 9.
35.89000, 22.
35.90000, 15.
35.91000, 11.
35.92000, 13.
35.93000, 11.
35.94000, 17.
35.95000, 9.
35.96000, 14.
35.97000, 15.
35.98000, 18.
35.99000, 18.
36.00000, 13.
36.01000, 16.
36.02000, 16.
36.03000, 14.
36.04000, 8.
36.05000, 12.
36.06000, 13.
36.07000, 8.
36.08000, 13.
36.09000, 15.
36.10000, 16.
36.11000, 12.
36.12000, 18.
36.13000, 10.
36.14000, 18.
36.15000, 22.
36.16000, 11.
36.17000, 18.
36.18000, 15.
36.19000, 11.
36.20000, 18.
36.21000, 13.
36.22000, 14.
36.23000, 19.
36.24000, 20.
36.25000, 14.
36.26000, 18.
36.27000, 16.
36.28000, 14.
36.29000, 13.
36.30000, 9.
36.31000, 11.
36.32000, 7.
36.33000, 15.
36.34000, 12.
36.35000, 11.
36.36000, 19.
36.37000, 22.
36.38000, 14.
36.39000, 15.
36.40000, 16.
36.41000, 16.
36.42000, 13.
36.43000, 15.
36.44000, 11.
36.45000, 14.
36.46000, 15.
36.47000, 17.
36.48000, 19.
36.49000, 9.
36.50000, 16.
36.51000, 11.
36.52000, 10.
36.53000, 6.
36.54000, 11.
36.55000, 11.
36.56000, 16.
36.57000, 13.
36.58000, 10.
36.59000, 9.
36.60000, 12.
36.61000, 14.
36.62000, 12.
36.63000, 13.
36.64000, 12.
36.65000, 14.
36.66000, 14.
36.67000, 18.
36.68000, 11.
36.69000, 5.
36.70000, 5.
36.71000, 17.
36.72000, 15.
36.73000, 12.
36.74000, 12.
36.75000, 11.
36.76000, 17.
36.77000, 13.
36.78000, 6.
36.79000, 8.
36.80000, 10.
36.81000, 10.
36.82000, 9.
36.83000, 12.
36.84000, 11.
36.85000, 16.
36.86000, 8.
36.87000, 5.
36.88000, 8.
36.89000, 12.
36.90000, 15.
36.91000, 15.
36.92000, 11.
36.93000, 12.
36.94000, 17.
36.95000, 5.
36.96000, 10.
36.97000, 13.
36.98000, 13.
36.99000, 11.
37.00000, 12.
37.01000, 13.
37.02000, 15.
37.03000, 9.
37.04000, 15.
37.05000, 20.
37.06000, 8.
37.07000, 10.
37.08000, 12.
37.09000, 9.
37.10000, 13.
37.11000, 15.
37.12000, 12.
37.13000, 11.
37.14000, 17.
37.15000, 8.
37.16000, 4.
37.17000, 10.
37.18000, 11.
37.19000, 12.
37.20000, 13.
37.21000, 13.
37.22000, 11.
37.23000, 13.
37.24000, 9.
37.25000, 12.
37.26000, 16.
37.27000, 11.
37.28000, 9.
37.29000, 11.
37.30000, 10.
37.31000, 10.
37.32000, 10.
37.33000, 15.
37.34000, 5.
37.35000, 13.
37.36000, 5.
37.37000, 13.
37.38000, 12.
37.39000, 13.
37.40000, 9.
37.41000, 11.
37.42000, 12.
37.43000, 4.
37.44000, 12.
37.45000, 13.
37.46000, 15.
37.47000, 13.
37.48000, 17.
37.49000, 10.
37.50000, 14.
37.51000, 16.
37.52000, 9.
37.53000, 11.
37.54000, 14.
37.55000, 6.
37.56000, 10.
37.57000, 11.
37.58000, 14.
37.59000, 12.
37.60000, 7.
37.61000, 14.
37.62000, 10.
37.63000, 10.
37.64000, 10.
37.65000, 9.
37.66000, 9.
37.67000, 9.
37.68000, 4.
37.69000, 7.
37.70000, 13.
37.71000, 11.
37.72000, 10.
37.73000, 7.
37.74000, 3.
37.75000, 11.
37.76000, 7.
37.77000, 9.
37.78000, 8.
37.79000, 11.
37.80000, 10.
37.81000, 10.
37.82000, 6.
37.83000, 9.
37.84000, 10.
37.85000, 11.
37.86000, 7.
37.87000, 12.
37.88000, 7.
37.89000, 12.
37.90000, 11.
37.91000, 11.
37.92000, 10.
37.93000, 9.
37.94000, 10.
37.95000, 8.
37.96000, 8.
37.97000, 12.
37.98000, 9.
37.99000, 10.
38.00000, 12.
38.01000, 6.
38.02000, 10.
38.03000, 6.
38.04000, 11.
38.05000, 8.
38.06000, 8.
38.07000, 3.
38.08000, 12.
38.09000, 10.
38.10000, 11.
38.11000, 10.
38.12000, 4.
38.13000, 5.
38.14000, 7.
38.15000, 10.
38.16000, 7.
38.17000, 13.
38.18000, 10.
38.19000, 11.
38.20000, 5.
38.21000, 11.
38.22000, 10.
38.23000, 10.
38.24000, 11.
38.25000, 4.
38.26000, 9.
38.27000, 4.
38.28000, 6.
38.29000, 6.
38.30000, 11.
38.31000, 9.
38.32000, 6.
38.33000, 9.
38.34000, 7.
38.35000, 6.
38.36000, 15.
38.37000, 7.
38.38000, 8.
38.39000, 11.
38.40000, 4.
38.41000, 11.
38.42000, 13.
38.43000, 8.
38.44000, 11.
38.45000, 6.
38.46000, 9.
38.47000, 7.
38.48000, 8.
38.49000, 7.
38.50000, 10.
38.51000, 6.
38.52000, 13.
38.53000, 10.
38.54000, 10.
38.55000, 10.
38.56000, 1.
38.57000, 10.
38.58000, 7.
38.59000, 8.
38.60000, 6.
38.61000, 12.
38.62000, 5.
38.63000, 9.
38.64000, 7.
38.65000, 10.
38.66000, 11.
38.67000, 4.
38.68000, 4.
38.69000, 3.
38.70000, 16.
38.71000, 13.
38.72000, 4.
38.73000, 4.
38.74000, 8.
38.75000, 11.
38.76000, 7.
38.77000, 7.
38.78000, 12.
38.79000, 6.
38.80000, 8.
38.81000, 11.
38.82000, 9.
38.83000, 6.
38.84000, 9.
38.85000, 10.
38.86000, 7.
38.87000, 11.
38.88000, 9.
38.89000, 7.
38.90000, 10.
38.91000, 9.
38.92000, 5.
38.93000, 9.
38.94000, 3.
38.95000, 9.
38.96000, 11.
38.97000, 8.
38.98000, 8.
38.99000, 9.
39.00000, 7.
39.01000, 5.
39.02000, 4.
39.03000, 7.
39.04000, 10.
39.05000, 4.
39.06000, 10.
39.07000, 6.
39.08000, 3.
39.09000, 15.
39.10000, 12.
39.11000, 6.
39.12000, 9.
39.13000, 5.
39.14000, 8.
39.15000, 10.
39.16000, 7.
39.17000, 4.
39.18000, 14.
39.19000, 4.
39.20000, 7.
39.21000, 6.
39.22000, 2.
39.23000, 9.
39.24000, 4.
39.25000, 2.
39.26000, 4.
39.27000, 2.
39.28000, 6.
39.29000, 11.
39.30000, 8.
39.31000, 8.
39.32000, 6.
39.33000, 7.
39.34000, 8.
39.35000, 5.
39.36000, 9.
39.37000, 5.
39.38000, 5.
39.39000, 4.
39.40000, 10.
39.41000, 7.
39.42000, 6.
39.43000, 5.
39.44000, 7.
39.45000, 7.
39.46000, 2.
39.47000, 6.
39.48000, 6.
39.49000, 4.
39.50000, 4.
39.51000, 8.
39.52000, 1.
39.53000, 6.
39.54000, 4.
39.55000, 9.
39.56000, 9.
39.57000, 7.
39.58000, 7.
39.59000, 7.
39.60000, 6.
39.61000, 5.
39.62000, 4.
39.63000, 7.
39.64000, 7.
39.65000, 6.
39.66000, 7.
39.67000, 11.
39.68000, 7.
39.69000, 8.
39.70000, 7.
39.71000, 8.
39.72000, 6.
39.73000, 8.
39.74000, 6.
39.75000, 3.
39.76000, 5.
39.77000, 7.
39.78000, 2.
39.79000, 5.
39.80000, 8.
39.81000, 6.
39.82000, 6.
39.83000, 6.
39.84000, 8.
39.85000, 2.
39.86000, 2.
39.87000, 4.
39.88000, 5.
39.89000, 4.
39.90000, 6.
39.91000, 7.
39.92000, 5.
39.93000, 4.
39.94000, 5.
39.95000, 5.
39.96000, 8.
39.97000, 5.
39.98000, 4.
39.99000, 7.
40.00000, 5.
40.01000, 7.
40.02000, 5.
40.03000, 8.
40.04000, 4.
40.05000, 1.
40.06000, 4.
40.07000, 4.
40.08000, 5.
40.09000, 4.
40.10000, 4.
40.11000, 2.
40.12000, 4.
40.13000, 6.
40.14000, 8.
40.15000, 3.
40.16000, 8.
40.17000, 6.
40.18000, 6.
40.19000, 3.
40.20000, 5.
40.21000, 3.
40.22000, 6.
40.23000, 7.
40.24000, 4.
40.25000, 4.
40.26000, 4.
40.27000, 5.
40.28000, 6.
40.29000, 3.
40.30000, 4.
40.31000, 3.
40.32000, 5.
40.33000, 1.
40.34000, 5.
40.35000, 2.
40.36000, 5.
40.37000, 3.
40.38000, 6.
40.39000, 3.
40.40000, 4.
40.41000, 4.
40.42000, 4.
40.43000, 5.
40.44000, 4.
40.45000, 4.
40.46000, 1.
40.47000, 4.
40.48000, 2.
40.49000, 7.
40.50000, 5.
40.51000, 5.
40.52000, 1.
40.53000, 3.
40.54000, 0.
40.55000, 0.
#ENDOFDATA   : 
