#FORMAT      : EMSA/MAS Spectral Data File
#VERSION     : 1.0
#TITLE       : Spectrum 3
#DATE        : 21-AUG-2025
#TIME        : 15:07
#OWNER       : XGT7200
#NPOINTS     : 4096.
#NCOLUMNS    : 1.
#XUNITS      : keV
#YUNITS      : counts
#DATATYPE    : XY
#XPERCHAN    : 0.0100000
#OFFSET      : -0.400000
#SIGNALTYPE  : EDS
#CHOFFSET    : 40.0000
#LIVETIME    : 30.000000
#REALTIME    : 39.589821
#BEAMKV      : 50.0000
#PROBECUR    : 703000.
#MAGCAM      : 100.000
#XTILTSTGE   : 0.0
#AZIMANGLE   : 0.0
#ELEVANGLE   : 45.0
#XPOSITION mm: 0.0000
#YPOSITION mm: 0.0000
#ZPOSITION mm: 0.0000
##OXINSTPT   : 4
##OXINSTSTROB: 72.34
#SPECTRUM    : Spectral Data Starts Here
-0.40000, 0.
-0.39000, 0.
-0.38000, 0.
-0.37000, 0.
-0.36000, 0.
-0.35000, 0.
-0.34000, 0.
-0.33000, 0.
-0.32000, 0.
-0.31000, 0.
-0.30000, 0.
-0.29000, 0.
-0.28000, 0.
-0.27000, 0.
-0.26000, 0.
-0.25000, 0.
-0.24000, 0.
-0.23000, 0.
-0.22000, 0.
-0.21000, 0.
-0.20000, 0.
-0.19000, 0.
-0.18000, 0.
-0.17000, 0.
-0.16000, 0.
-0.15000, 0.
-0.14000, 0.
-0.13000, 0.
-0.12000, 0.
-0.11000, 0.
-0.10000, 0.
-0.09000, 0.
-0.08000, 0.
-0.07000, 0.
-0.06000, 0.
-0.05000, 0.
-0.04000, 0.
-0.03000, 0.
-0.02000, 0.
-0.01000, 0.
0.00000, 0.
0.01000, 0.
0.02000, 0.
0.03000, 0.
0.04000, 0.
0.05000, 0.
0.06000, 0.
0.07000, 0.
0.08000, 0.
0.09000, 0.
0.10000, 0.
0.11000, 0.
0.12000, 0.
0.13000, 0.
0.14000, 0.
0.15000, 0.
0.16000, 0.
0.17000, 0.
0.18000, 0.
0.19000, 0.
0.20000, 0.
0.21000, 0.
0.22000, 0.
0.23000, 0.
0.24000, 0.
0.25000, 0.
0.26000, 0.
0.27000, 0.
0.28000, 0.
0.29000, 0.
0.30000, 0.
0.31000, 0.
0.32000, 0.
0.33000, 1.
0.34000, 2.
0.35000, 4.
0.36000, 3.
0.37000, 10.
0.38000, 10.
0.39000, 19.
0.40000, 19.
0.41000, 29.
0.42000, 29.
0.43000, 37.
0.44000, 41.
0.45000, 32.
0.46000, 49.
0.47000, 38.
0.48000, 48.
0.49000, 43.
0.50000, 46.
0.51000, 49.
0.52000, 45.
0.53000, 46.
0.54000, 35.
0.55000, 40.
0.56000, 51.
0.57000, 38.
0.58000, 34.
0.59000, 41.
0.60000, 44.
0.61000, 43.
0.62000, 47.
0.63000, 45.
0.64000, 40.
0.65000, 36.
0.66000, 46.
0.67000, 36.
0.68000, 40.
0.69000, 32.
0.70000, 43.
0.71000, 29.
0.72000, 38.
0.73000, 33.
0.74000, 33.
0.75000, 32.
0.76000, 37.
0.77000, 38.
0.78000, 40.
0.79000, 32.
0.80000, 34.
0.81000, 41.
0.82000, 44.
0.83000, 36.
0.84000, 38.
0.85000, 34.
0.86000, 48.
0.87000, 47.
0.88000, 47.
0.89000, 43.
0.90000, 44.
0.91000, 38.
0.92000, 45.
0.93000, 39.
0.94000, 35.
0.95000, 50.
0.96000, 35.
0.97000, 45.
0.98000, 44.
0.99000, 36.
1.00000, 51.
1.01000, 62.
1.02000, 44.
1.03000, 45.
1.04000, 53.
1.05000, 42.
1.06000, 49.
1.07000, 40.
1.08000, 50.
1.09000, 44.
1.10000, 38.
1.11000, 43.
1.12000, 41.
1.13000, 32.
1.14000, 46.
1.15000, 35.
1.16000, 35.
1.17000, 34.
1.18000, 42.
1.19000, 41.
1.20000, 57.
1.21000, 53.
1.22000, 69.
1.23000, 72.
1.24000, 87.
1.25000, 74.
1.26000, 86.
1.27000, 74.
1.28000, 63.
1.29000, 64.
1.30000, 71.
1.31000, 53.
1.32000, 54.
1.33000, 57.
1.34000, 51.
1.35000, 24.
1.36000, 44.
1.37000, 48.
1.38000, 52.
1.39000, 72.
1.40000, 113.
1.41000, 147.
1.42000, 193.
1.43000, 278.
1.44000, 394.
1.45000, 478.
1.46000, 594.
1.47000, 694.
1.48000, 741.
1.49000, 789.
1.50000, 756.
1.51000, 761.
1.52000, 678.
1.53000, 533.
1.54000, 427.
1.55000, 350.
1.56000, 261.
1.57000, 185.
1.58000, 139.
1.59000, 129.
1.60000, 95.
1.61000, 106.
1.62000, 142.
1.63000, 195.
1.64000, 292.
1.65000, 555.
1.66000, 808.
1.67000, 1283.
1.68000, 1823.
1.69000, 2648.
1.70000, 3536.
1.71000, 4236.
1.72000, 5259.
1.73000, 5711.
1.74000, 6224.
1.75000, 6115.
1.76000, 5914.
1.77000, 5314.
1.78000, 4419.
1.79000, 3737.
1.80000, 2850.
1.81000, 2134.
1.82000, 1586.
1.83000, 1124.
1.84000, 780.
1.85000, 547.
1.86000, 383.
1.87000, 289.
1.88000, 195.
1.89000, 173.
1.90000, 119.
1.91000, 92.
1.92000, 92.
1.93000, 60.
1.94000, 58.
1.95000, 78.
1.96000, 67.
1.97000, 75.
1.98000, 71.
1.99000, 67.
2.00000, 80.
2.01000, 88.
2.02000, 86.
2.03000, 82.
2.04000, 77.
2.05000, 50.
2.06000, 47.
2.07000, 42.
2.08000, 35.
2.09000, 45.
2.10000, 39.
2.11000, 33.
2.12000, 38.
2.13000, 23.
2.14000, 30.
2.15000, 25.
2.16000, 30.
2.17000, 27.
2.18000, 31.
2.19000, 33.
2.20000, 30.
2.21000, 23.
2.22000, 31.
2.23000, 21.
2.24000, 45.
2.25000, 35.
2.26000, 41.
2.27000, 59.
2.28000, 36.
2.29000, 49.
2.30000, 49.
2.31000, 53.
2.32000, 37.
2.33000, 46.
2.34000, 53.
2.35000, 34.
2.36000, 46.
2.37000, 38.
2.38000, 46.
2.39000, 33.
2.40000, 29.
2.41000, 32.
2.42000, 36.
2.43000, 31.
2.44000, 24.
2.45000, 39.
2.46000, 38.
2.47000, 30.
2.48000, 22.
2.49000, 42.
2.50000, 41.
2.51000, 32.
2.52000, 34.
2.53000, 28.
2.54000, 38.
2.55000, 46.
2.56000, 50.
2.57000, 60.
2.58000, 62.
2.59000, 66.
2.60000, 90.
2.61000, 118.
2.62000, 152.
2.63000, 182.
2.64000, 264.
2.65000, 299.
2.66000, 309.
2.67000, 404.
2.68000, 406.
2.69000, 438.
2.70000, 440.
2.71000, 442.
2.72000, 431.
2.73000, 386.
2.74000, 340.
2.75000, 365.
2.76000, 293.
2.77000, 259.
2.78000, 240.
2.79000, 240.
2.80000, 219.
2.81000, 236.
2.82000, 258.
2.83000, 233.
2.84000, 243.
2.85000, 263.
2.86000, 234.
2.87000, 221.
2.88000, 204.
2.89000, 209.
2.90000, 185.
2.91000, 137.
2.92000, 136.
2.93000, 115.
2.94000, 107.
2.95000, 95.
2.96000, 103.
2.97000, 93.
2.98000, 69.
2.99000, 63.
3.00000, 60.
3.01000, 52.
3.02000, 53.
3.03000, 52.
3.04000, 51.
3.05000, 43.
3.06000, 39.
3.07000, 36.
3.08000, 37.
3.09000, 30.
3.10000, 21.
3.11000, 29.
3.12000, 36.
3.13000, 31.
3.14000, 37.
3.15000, 35.
3.16000, 26.
3.17000, 32.
3.18000, 34.
3.19000, 59.
3.20000, 71.
3.21000, 119.
3.22000, 138.
3.23000, 199.
3.24000, 257.
3.25000, 302.
3.26000, 379.
3.27000, 499.
3.28000, 588.
3.29000, 733.
3.30000, 736.
3.31000, 775.
3.32000, 835.
3.33000, 768.
3.34000, 730.
3.35000, 633.
3.36000, 547.
3.37000, 451.
3.38000, 364.
3.39000, 292.
3.40000, 233.
3.41000, 147.
3.42000, 106.
3.43000, 75.
3.44000, 84.
3.45000, 65.
3.46000, 46.
3.47000, 40.
3.48000, 64.
3.49000, 59.
3.50000, 47.
3.51000, 71.
3.52000, 82.
3.53000, 108.
3.54000, 111.
3.55000, 135.
3.56000, 154.
3.57000, 204.
3.58000, 224.
3.59000, 307.
3.60000, 372.
3.61000, 476.
3.62000, 526.
3.63000, 671.
3.64000, 737.
3.65000, 943.
3.66000, 1069.
3.67000, 1114.
3.68000, 1218.
3.69000, 1341.
3.70000, 1335.
3.71000, 1228.
3.72000, 1127.
3.73000, 967.
3.74000, 848.
3.75000, 708.
3.76000, 557.
3.77000, 424.
3.78000, 338.
3.79000, 231.
3.80000, 182.
3.81000, 131.
3.82000, 68.
3.83000, 44.
3.84000, 52.
3.85000, 39.
3.86000, 36.
3.87000, 29.
3.88000, 35.
3.89000, 29.
3.90000, 50.
3.91000, 66.
3.92000, 78.
3.93000, 63.
3.94000, 92.
3.95000, 111.
3.96000, 121.
3.97000, 141.
3.98000, 171.
3.99000, 184.
4.00000, 183.
4.01000, 216.
4.02000, 204.
4.03000, 167.
4.04000, 199.
4.05000, 186.
4.06000, 154.
4.07000, 138.
4.08000, 115.
4.09000, 101.
4.10000, 86.
4.11000, 74.
4.12000, 51.
4.13000, 46.
4.14000, 52.
4.15000, 38.
4.16000, 32.
4.17000, 30.
4.18000, 39.
4.19000, 35.
4.20000, 29.
4.21000, 31.
4.22000, 22.
4.23000, 26.
4.24000, 33.
4.25000, 34.
4.26000, 31.
4.27000, 31.
4.28000, 35.
4.29000, 42.
4.30000, 25.
4.31000, 38.
4.32000, 29.
4.33000, 40.
4.34000, 40.
4.35000, 49.
4.36000, 55.
4.37000, 72.
4.38000, 82.
4.39000, 115.
4.40000, 163.
4.41000, 157.
4.42000, 215.
4.43000, 303.
4.44000, 384.
4.45000, 434.
4.46000, 526.
4.47000, 632.
4.48000, 664.
4.49000, 748.
4.50000, 826.
4.51000, 793.
4.52000, 786.
4.53000, 721.
4.54000, 714.
4.55000, 601.
4.56000, 530.
4.57000, 497.
4.58000, 358.
4.59000, 357.
4.60000, 242.
4.61000, 221.
4.62000, 165.
4.63000, 165.
4.64000, 151.
4.65000, 124.
4.66000, 125.
4.67000, 95.
4.68000, 96.
4.69000, 98.
4.70000, 95.
4.71000, 75.
4.72000, 84.
4.73000, 71.
4.74000, 79.
4.75000, 72.
4.76000, 74.
4.77000, 60.
4.78000, 57.
4.79000, 59.
4.80000, 61.
4.81000, 69.
4.82000, 72.
4.83000, 93.
4.84000, 96.
4.85000, 120.
4.86000, 121.
4.87000, 133.
4.88000, 152.
4.89000, 160.
4.90000, 194.
4.91000, 173.
4.92000, 195.
4.93000, 173.
4.94000, 196.
4.95000, 173.
4.96000, 168.
4.97000, 162.
4.98000, 142.
4.99000, 135.
5.00000, 125.
5.01000, 119.
5.02000, 87.
5.03000, 89.
5.04000, 77.
5.05000, 63.
5.06000, 52.
5.07000, 53.
5.08000, 51.
5.09000, 55.
5.10000, 62.
5.11000, 44.
5.12000, 37.
5.13000, 67.
5.14000, 45.
5.15000, 47.
5.16000, 46.
5.17000, 41.
5.18000, 51.
5.19000, 48.
5.20000, 62.
5.21000, 64.
5.22000, 67.
5.23000, 55.
5.24000, 59.
5.25000, 57.
5.26000, 48.
5.27000, 57.
5.28000, 57.
5.29000, 61.
5.30000, 58.
5.31000, 68.
5.32000, 75.
5.33000, 78.
5.34000, 74.
5.35000, 56.
5.36000, 59.
5.37000, 82.
5.38000, 72.
5.39000, 84.
5.40000, 90.
5.41000, 80.
5.42000, 87.
5.43000, 80.
5.44000, 82.
5.45000, 70.
5.46000, 77.
5.47000, 86.
5.48000, 56.
5.49000, 80.
5.50000, 70.
5.51000, 57.
5.52000, 55.
5.53000, 67.
5.54000, 64.
5.55000, 58.
5.56000, 50.
5.57000, 59.
5.58000, 67.
5.59000, 62.
5.60000, 57.
5.61000, 66.
5.62000, 56.
5.63000, 49.
5.64000, 71.
5.65000, 58.
5.66000, 51.
5.67000, 51.
5.68000, 56.
5.69000, 64.
5.70000, 43.
5.71000, 57.
5.72000, 59.
5.73000, 64.
5.74000, 69.
5.75000, 70.
5.76000, 68.
5.77000, 108.
5.78000, 133.
5.79000, 123.
5.80000, 164.
5.81000, 206.
5.82000, 257.
5.83000, 288.
5.84000, 337.
5.85000, 348.
5.86000, 432.
5.87000, 429.
5.88000, 467.
5.89000, 499.
5.90000, 461.
5.91000, 476.
5.92000, 411.
5.93000, 432.
5.94000, 406.
5.95000, 353.
5.96000, 298.
5.97000, 239.
5.98000, 230.
5.99000, 191.
6.00000, 155.
6.01000, 128.
6.02000, 111.
6.03000, 104.
6.04000, 94.
6.05000, 91.
6.06000, 84.
6.07000, 95.
6.08000, 95.
6.09000, 89.
6.10000, 77.
6.11000, 97.
6.12000, 84.
6.13000, 93.
6.14000, 110.
6.15000, 119.
6.16000, 133.
6.17000, 135.
6.18000, 155.
6.19000, 191.
6.20000, 215.
6.21000, 294.
6.22000, 390.
6.23000, 542.
6.24000, 719.
6.25000, 982.
6.26000, 1448.
6.27000, 1933.
6.28000, 2530.
6.29000, 3325.
6.30000, 4355.
6.31000, 5584.
6.32000, 7107.
6.33000, 8518.
6.34000, 10009.
6.35000, 11412.
6.36000, 13016.
6.37000, 14298.
6.38000, 15259.
6.39000, 15749.
6.40000, 15838.
6.41000, 15548.
6.42000, 14912.
6.43000, 14049.
6.44000, 13084.
6.45000, 11314.
6.46000, 9657.
6.47000, 8239.
6.48000, 6739.
6.49000, 5337.
6.50000, 4234.
6.51000, 3110.
6.52000, 2280.
6.53000, 1719.
6.54000, 1256.
6.55000, 844.
6.56000, 624.
6.57000, 450.
6.58000, 352.
6.59000, 254.
6.60000, 208.
6.61000, 171.
6.62000, 138.
6.63000, 115.
6.64000, 121.
6.65000, 107.
6.66000, 102.
6.67000, 108.
6.68000, 115.
6.69000, 111.
6.70000, 97.
6.71000, 86.
6.72000, 99.
6.73000, 114.
6.74000, 106.
6.75000, 107.
6.76000, 105.
6.77000, 120.
6.78000, 112.
6.79000, 109.
6.80000, 120.
6.81000, 129.
6.82000, 126.
6.83000, 134.
6.84000, 144.
6.85000, 163.
6.86000, 152.
6.87000, 207.
6.88000, 250.
6.89000, 282.
6.90000, 298.
6.91000, 355.
6.92000, 400.
6.93000, 551.
6.94000, 720.
6.95000, 848.
6.96000, 1018.
6.97000, 1158.
6.98000, 1409.
6.99000, 1653.
7.00000, 1807.
7.01000, 2109.
7.02000, 2290.
7.03000, 2467.
7.04000, 2558.
7.05000, 2491.
7.06000, 2470.
7.07000, 2448.
7.08000, 2409.
7.09000, 2165.
7.10000, 1946.
7.11000, 1776.
7.12000, 1511.
7.13000, 1193.
7.14000, 1159.
7.15000, 910.
7.16000, 670.
7.17000, 505.
7.18000, 412.
7.19000, 339.
7.20000, 269.
7.21000, 215.
7.22000, 152.
7.23000, 130.
7.24000, 125.
7.25000, 105.
7.26000, 90.
7.27000, 74.
7.28000, 80.
7.29000, 73.
7.30000, 68.
7.31000, 72.
7.32000, 64.
7.33000, 73.
7.34000, 85.
7.35000, 80.
7.36000, 77.
7.37000, 62.
7.38000, 80.
7.39000, 63.
7.40000, 76.
7.41000, 70.
7.42000, 85.
7.43000, 77.
7.44000, 78.
7.45000, 78.
7.46000, 72.
7.47000, 79.
7.48000, 87.
7.49000, 96.
7.50000, 80.
7.51000, 56.
7.52000, 74.
7.53000, 80.
7.54000, 82.
7.55000, 109.
7.56000, 77.
7.57000, 73.
7.58000, 72.
7.59000, 77.
7.60000, 80.
7.61000, 69.
7.62000, 62.
7.63000, 72.
7.64000, 67.
7.65000, 72.
7.66000, 66.
7.67000, 72.
7.68000, 79.
7.69000, 63.
7.70000, 71.
7.71000, 71.
7.72000, 69.
7.73000, 83.
7.74000, 82.
7.75000, 82.
7.76000, 83.
7.77000, 82.
7.78000, 87.
7.79000, 93.
7.80000, 103.
7.81000, 89.
7.82000, 81.
7.83000, 87.
7.84000, 115.
7.85000, 106.
7.86000, 92.
7.87000, 96.
7.88000, 100.
7.89000, 96.
7.90000, 113.
7.91000, 104.
7.92000, 103.
7.93000, 132.
7.94000, 104.
7.95000, 94.
7.96000, 134.
7.97000, 112.
7.98000, 116.
7.99000, 124.
8.00000, 128.
8.01000, 137.
8.02000, 149.
8.03000, 154.
8.04000, 148.
8.05000, 136.
8.06000, 145.
8.07000, 138.
8.08000, 154.
8.09000, 141.
8.10000, 154.
8.11000, 133.
8.12000, 146.
8.13000, 131.
8.14000, 132.
8.15000, 131.
8.16000, 154.
8.17000, 120.
8.18000, 108.
8.19000, 139.
8.20000, 98.
8.21000, 114.
8.22000, 127.
8.23000, 134.
8.24000, 131.
8.25000, 119.
8.26000, 98.
8.27000, 114.
8.28000, 109.
8.29000, 112.
8.30000, 104.
8.31000, 86.
8.32000, 100.
8.33000, 103.
8.34000, 92.
8.35000, 101.
8.36000, 112.
8.37000, 96.
8.38000, 93.
8.39000, 116.
8.40000, 108.
8.41000, 115.
8.42000, 106.
8.43000, 77.
8.44000, 111.
8.45000, 98.
8.46000, 92.
8.47000, 120.
8.48000, 108.
8.49000, 114.
8.50000, 99.
8.51000, 107.
8.52000, 129.
8.53000, 112.
8.54000, 115.
8.55000, 140.
8.56000, 145.
8.57000, 143.
8.58000, 137.
8.59000, 186.
8.60000, 145.
8.61000, 156.
8.62000, 149.
8.63000, 151.
8.64000, 179.
8.65000, 163.
8.66000, 145.
8.67000, 164.
8.68000, 134.
8.69000, 142.
8.70000, 136.
8.71000, 134.
8.72000, 115.
8.73000, 137.
8.74000, 124.
8.75000, 120.
8.76000, 103.
8.77000, 121.
8.78000, 80.
8.79000, 114.
8.80000, 111.
8.81000, 118.
8.82000, 111.
8.83000, 112.
8.84000, 128.
8.85000, 112.
8.86000, 113.
8.87000, 107.
8.88000, 100.
8.89000, 137.
8.90000, 107.
8.91000, 119.
8.92000, 116.
8.93000, 119.
8.94000, 98.
8.95000, 111.
8.96000, 109.
8.97000, 111.
8.98000, 98.
8.99000, 127.
9.00000, 117.
9.01000, 138.
9.02000, 122.
9.03000, 108.
9.04000, 117.
9.05000, 111.
9.06000, 116.
9.07000, 111.
9.08000, 104.
9.09000, 95.
9.10000, 114.
9.11000, 125.
9.12000, 117.
9.13000, 118.
9.14000, 114.
9.15000, 125.
9.16000, 98.
9.17000, 109.
9.18000, 119.
9.19000, 131.
9.20000, 138.
9.21000, 119.
9.22000, 110.
9.23000, 137.
9.24000, 130.
9.25000, 134.
9.26000, 131.
9.27000, 112.
9.28000, 116.
9.29000, 130.
9.30000, 106.
9.31000, 105.
9.32000, 129.
9.33000, 134.
9.34000, 123.
9.35000, 129.
9.36000, 121.
9.37000, 105.
9.38000, 135.
9.39000, 127.
9.40000, 127.
9.41000, 124.
9.42000, 104.
9.43000, 135.
9.44000, 121.
9.45000, 137.
9.46000, 109.
9.47000, 126.
9.48000, 116.
9.49000, 120.
9.50000, 120.
9.51000, 112.
9.52000, 105.
9.53000, 127.
9.54000, 138.
9.55000, 142.
9.56000, 141.
9.57000, 138.
9.58000, 137.
9.59000, 145.
9.60000, 123.
9.61000, 147.
9.62000, 109.
9.63000, 130.
9.64000, 110.
9.65000, 151.
9.66000, 129.
9.67000, 120.
9.68000, 139.
9.69000, 147.
9.70000, 127.
9.71000, 133.
9.72000, 134.
9.73000, 127.
9.74000, 115.
9.75000, 140.
9.76000, 116.
9.77000, 118.
9.78000, 132.
9.79000, 127.
9.80000, 130.
9.81000, 111.
9.82000, 113.
9.83000, 114.
9.84000, 129.
9.85000, 125.
9.86000, 142.
9.87000, 143.
9.88000, 118.
9.89000, 139.
9.90000, 125.
9.91000, 127.
9.92000, 113.
9.93000, 128.
9.94000, 113.
9.95000, 127.
9.96000, 113.
9.97000, 103.
9.98000, 135.
9.99000, 137.
10.00000, 104.
10.01000, 111.
10.02000, 100.
10.03000, 137.
10.04000, 118.
10.05000, 134.
10.06000, 130.
10.07000, 129.
10.08000, 109.
10.09000, 116.
10.10000, 125.
10.11000, 132.
10.12000, 120.
10.13000, 130.
10.14000, 144.
10.15000, 146.
10.16000, 130.
10.17000, 118.
10.18000, 130.
10.19000, 135.
10.20000, 134.
10.21000, 140.
10.22000, 146.
10.23000, 141.
10.24000, 132.
10.25000, 98.
10.26000, 100.
10.27000, 106.
10.28000, 140.
10.29000, 119.
10.30000, 115.
10.31000, 117.
10.32000, 129.
10.33000, 124.
10.34000, 123.
10.35000, 127.
10.36000, 132.
10.37000, 128.
10.38000, 118.
10.39000, 139.
10.40000, 121.
10.41000, 109.
10.42000, 134.
10.43000, 138.
10.44000, 146.
10.45000, 147.
10.46000, 146.
10.47000, 143.
10.48000, 147.
10.49000, 138.
10.50000, 154.
10.51000, 157.
10.52000, 165.
10.53000, 137.
10.54000, 144.
10.55000, 153.
10.56000, 156.
10.57000, 134.
10.58000, 134.
10.59000, 143.
10.60000, 127.
10.61000, 112.
10.62000, 116.
10.63000, 128.
10.64000, 142.
10.65000, 116.
10.66000, 128.
10.67000, 133.
10.68000, 121.
10.69000, 140.
10.70000, 127.
10.71000, 120.
10.72000, 135.
10.73000, 131.
10.74000, 116.
10.75000, 133.
10.76000, 128.
10.77000, 136.
10.78000, 133.
10.79000, 125.
10.80000, 137.
10.81000, 137.
10.82000, 160.
10.83000, 127.
10.84000, 124.
10.85000, 150.
10.86000, 128.
10.87000, 138.
10.88000, 135.
10.89000, 130.
10.90000, 163.
10.91000, 139.
10.92000, 118.
10.93000, 123.
10.94000, 129.
10.95000, 152.
10.96000, 137.
10.97000, 129.
10.98000, 139.
10.99000, 141.
11.00000, 138.
11.01000, 142.
11.02000, 138.
11.03000, 128.
11.04000, 136.
11.05000, 133.
11.06000, 109.
11.07000, 136.
11.08000, 117.
11.09000, 128.
11.10000, 141.
11.11000, 143.
11.12000, 143.
11.13000, 125.
11.14000, 127.
11.15000, 134.
11.16000, 123.
11.17000, 134.
11.18000, 130.
11.19000, 150.
11.20000, 147.
11.21000, 138.
11.22000, 144.
11.23000, 131.
11.24000, 138.
11.25000, 127.
11.26000, 136.
11.27000, 146.
11.28000, 152.
11.29000, 145.
11.30000, 142.
11.31000, 135.
11.32000, 134.
11.33000, 147.
11.34000, 123.
11.35000, 165.
11.36000, 147.
11.37000, 153.
11.38000, 146.
11.39000, 146.
11.40000, 147.
11.41000, 137.
11.42000, 130.
11.43000, 136.
11.44000, 140.
11.45000, 136.
11.46000, 136.
11.47000, 154.
11.48000, 137.
11.49000, 129.
11.50000, 138.
11.51000, 166.
11.52000, 147.
11.53000, 116.
11.54000, 150.
11.55000, 142.
11.56000, 148.
11.57000, 147.
11.58000, 149.
11.59000, 116.
11.60000, 118.
11.61000, 157.
11.62000, 126.
11.63000, 143.
11.64000, 136.
11.65000, 164.
11.66000, 137.
11.67000, 137.
11.68000, 169.
11.69000, 128.
11.70000, 132.
11.71000, 130.
11.72000, 130.
11.73000, 147.
11.74000, 156.
11.75000, 148.
11.76000, 134.
11.77000, 149.
11.78000, 135.
11.79000, 137.
11.80000, 138.
11.81000, 120.
11.82000, 138.
11.83000, 128.
11.84000, 163.
11.85000, 151.
11.86000, 126.
11.87000, 134.
11.88000, 158.
11.89000, 133.
11.90000, 132.
11.91000, 155.
11.92000, 141.
11.93000, 144.
11.94000, 148.
11.95000, 136.
11.96000, 151.
11.97000, 147.
11.98000, 145.
11.99000, 162.
12.00000, 138.
12.01000, 152.
12.02000, 147.
12.03000, 149.
12.04000, 146.
12.05000, 151.
12.06000, 131.
12.07000, 147.
12.08000, 130.
12.09000, 144.
12.10000, 141.
12.11000, 135.
12.12000, 137.
12.13000, 132.
12.14000, 132.
12.15000, 153.
12.16000, 120.
12.17000, 139.
12.18000, 133.
12.19000, 164.
12.20000, 138.
12.21000, 138.
12.22000, 135.
12.23000, 162.
12.24000, 159.
12.25000, 133.
12.26000, 144.
12.27000, 141.
12.28000, 139.
12.29000, 160.
12.30000, 132.
12.31000, 131.
12.32000, 150.
12.33000, 160.
12.34000, 121.
12.35000, 140.
12.36000, 144.
12.37000, 155.
12.38000, 143.
12.39000, 137.
12.40000, 152.
12.41000, 154.
12.42000, 148.
12.43000, 147.
12.44000, 162.
12.45000, 171.
12.46000, 149.
12.47000, 127.
12.48000, 129.
12.49000, 167.
12.50000, 167.
12.51000, 156.
12.52000, 154.
12.53000, 134.
12.54000, 141.
12.55000, 139.
12.56000, 136.
12.57000, 171.
12.58000, 150.
12.59000, 161.
12.60000, 163.
12.61000, 136.
12.62000, 149.
12.63000, 154.
12.64000, 155.
12.65000, 163.
12.66000, 168.
12.67000, 186.
12.68000, 177.
12.69000, 188.
12.70000, 189.
12.71000, 163.
12.72000, 192.
12.73000, 190.
12.74000, 176.
12.75000, 201.
12.76000, 168.
12.77000, 181.
12.78000, 176.
12.79000, 187.
12.80000, 195.
12.81000, 179.
12.82000, 168.
12.83000, 175.
12.84000, 182.
12.85000, 169.
12.86000, 205.
12.87000, 178.
12.88000, 173.
12.89000, 152.
12.90000, 168.
12.91000, 157.
12.92000, 156.
12.93000, 153.
12.94000, 153.
12.95000, 141.
12.96000, 145.
12.97000, 160.
12.98000, 175.
12.99000, 146.
13.00000, 144.
13.01000, 151.
13.02000, 132.
13.03000, 141.
13.04000, 128.
13.05000, 154.
13.06000, 145.
13.07000, 146.
13.08000, 145.
13.09000, 141.
13.10000, 144.
13.11000, 134.
13.12000, 163.
13.13000, 125.
13.14000, 162.
13.15000, 175.
13.16000, 144.
13.17000, 164.
13.18000, 142.
13.19000, 176.
13.20000, 134.
13.21000, 145.
13.22000, 157.
13.23000, 168.
13.24000, 158.
13.25000, 172.
13.26000, 178.
13.27000, 189.
13.28000, 182.
13.29000, 186.
13.30000, 170.
13.31000, 189.
13.32000, 177.
13.33000, 213.
13.34000, 195.
13.35000, 213.
13.36000, 190.
13.37000, 206.
13.38000, 200.
13.39000, 206.
13.40000, 188.
13.41000, 209.
13.42000, 177.
13.43000, 182.
13.44000, 195.
13.45000, 169.
13.46000, 182.
13.47000, 202.
13.48000, 169.
13.49000, 171.
13.50000, 152.
13.51000, 166.
13.52000, 150.
13.53000, 154.
13.54000, 170.
13.55000, 152.
13.56000, 184.
13.57000, 166.
13.58000, 138.
13.59000, 151.
13.60000, 146.
13.61000, 151.
13.62000, 147.
13.63000, 121.
13.64000, 154.
13.65000, 143.
13.66000, 160.
13.67000, 159.
13.68000, 151.
13.69000, 150.
13.70000, 159.
13.71000, 148.
13.72000, 129.
13.73000, 145.
13.74000, 185.
13.75000, 147.
13.76000, 154.
13.77000, 151.
13.78000, 150.
13.79000, 130.
13.80000, 147.
13.81000, 144.
13.82000, 117.
13.83000, 152.
13.84000, 148.
13.85000, 139.
13.86000, 139.
13.87000, 162.
13.88000, 154.
13.89000, 151.
13.90000, 160.
13.91000, 168.
13.92000, 156.
13.93000, 175.
13.94000, 169.
13.95000, 185.
13.96000, 234.
13.97000, 204.
13.98000, 249.
13.99000, 234.
14.00000, 243.
14.01000, 301.
14.02000, 313.
14.03000, 322.
14.04000, 331.
14.05000, 341.
14.06000, 376.
14.07000, 358.
14.08000, 406.
14.09000, 393.
14.10000, 396.
14.11000, 412.
14.12000, 402.
14.13000, 448.
14.14000, 378.
14.15000, 435.
14.16000, 389.
14.17000, 388.
14.18000, 377.
14.19000, 344.
14.20000, 365.
14.21000, 336.
14.22000, 275.
14.23000, 291.
14.24000, 268.
14.25000, 244.
14.26000, 276.
14.27000, 215.
14.28000, 210.
14.29000, 209.
14.30000, 175.
14.31000, 167.
14.32000, 179.
14.33000, 174.
14.34000, 154.
14.35000, 178.
14.36000, 151.
14.37000, 171.
14.38000, 151.
14.39000, 148.
14.40000, 140.
14.41000, 158.
14.42000, 145.
14.43000, 144.
14.44000, 149.
14.45000, 135.
14.46000, 131.
14.47000, 150.
14.48000, 141.
14.49000, 156.
14.50000, 141.
14.51000, 148.
14.52000, 130.
14.53000, 130.
14.54000, 140.
14.55000, 147.
14.56000, 153.
14.57000, 162.
14.58000, 160.
14.59000, 169.
14.60000, 164.
14.61000, 166.
14.62000, 141.
14.63000, 147.
14.64000, 139.
14.65000, 144.
14.66000, 139.
14.67000, 148.
14.68000, 147.
14.69000, 141.
14.70000, 150.
14.71000, 134.
14.72000, 144.
14.73000, 143.
14.74000, 161.
14.75000, 151.
14.76000, 147.
14.77000, 146.
14.78000, 169.
14.79000, 150.
14.80000, 139.
14.81000, 170.
14.82000, 170.
14.83000, 175.
14.84000, 190.
14.85000, 170.
14.86000, 184.
14.87000, 173.
14.88000, 186.
14.89000, 188.
14.90000, 176.
14.91000, 182.
14.92000, 184.
14.93000, 173.
14.94000, 163.
14.95000, 170.
14.96000, 172.
14.97000, 180.
14.98000, 184.
14.99000, 182.
15.00000, 179.
15.01000, 150.
15.02000, 153.
15.03000, 170.
15.04000, 163.
15.05000, 160.
15.06000, 159.
15.07000, 149.
15.08000, 155.
15.09000, 135.
15.10000, 148.
15.11000, 170.
15.12000, 157.
15.13000, 147.
15.14000, 166.
15.15000, 138.
15.16000, 136.
15.17000, 131.
15.18000, 161.
15.19000, 157.
15.20000, 154.
15.21000, 163.
15.22000, 129.
15.23000, 163.
15.24000, 150.
15.25000, 119.
15.26000, 142.
15.27000, 166.
15.28000, 137.
15.29000, 155.
15.30000, 151.
15.31000, 148.
15.32000, 138.
15.33000, 157.
15.34000, 138.
15.35000, 138.
15.36000, 144.
15.37000, 160.
15.38000, 145.
15.39000, 147.
15.40000, 154.
15.41000, 160.
15.42000, 148.
15.43000, 140.
15.44000, 136.
15.45000, 158.
15.46000, 143.
15.47000, 155.
15.48000, 156.
15.49000, 172.
15.50000, 183.
15.51000, 158.
15.52000, 175.
15.53000, 201.
15.54000, 201.
15.55000, 236.
15.56000, 224.
15.57000, 255.
15.58000, 273.
15.59000, 285.
15.60000, 314.
15.61000, 355.
15.62000, 335.
15.63000, 394.
15.64000, 386.
15.65000, 449.
15.66000, 416.
15.67000, 443.
15.68000, 463.
15.69000, 496.
15.70000, 518.
15.71000, 490.
15.72000, 544.
15.73000, 541.
15.74000, 543.
15.75000, 519.
15.76000, 517.
15.77000, 481.
15.78000, 463.
15.79000, 448.
15.80000, 442.
15.81000, 396.
15.82000, 427.
15.83000, 368.
15.84000, 417.
15.85000, 359.
15.86000, 299.
15.87000, 264.
15.88000, 273.
15.89000, 254.
15.90000, 230.
15.91000, 259.
15.92000, 220.
15.93000, 171.
15.94000, 184.
15.95000, 172.
15.96000, 163.
15.97000, 181.
15.98000, 190.
15.99000, 156.
16.00000, 153.
16.01000, 147.
16.02000, 159.
16.03000, 165.
16.04000, 164.
16.05000, 158.
16.06000, 159.
16.07000, 161.
16.08000, 128.
16.09000, 146.
16.10000, 139.
16.11000, 142.
16.12000, 119.
16.13000, 144.
16.14000, 177.
16.15000, 141.
16.16000, 147.
16.17000, 149.
16.18000, 145.
16.19000, 163.
16.20000, 160.
16.21000, 124.
16.22000, 157.
16.23000, 162.
16.24000, 132.
16.25000, 136.
16.26000, 154.
16.27000, 151.
16.28000, 156.
16.29000, 144.
16.30000, 131.
16.31000, 151.
16.32000, 135.
16.33000, 144.
16.34000, 150.
16.35000, 140.
16.36000, 148.
16.37000, 126.
16.38000, 148.
16.39000, 167.
16.40000, 99.
16.41000, 132.
16.42000, 158.
16.43000, 146.
16.44000, 173.
16.45000, 142.
16.46000, 149.
16.47000, 131.
16.48000, 144.
16.49000, 153.
16.50000, 165.
16.51000, 166.
16.52000, 141.
16.53000, 146.
16.54000, 137.
16.55000, 137.
16.56000, 162.
16.57000, 158.
16.58000, 165.
16.59000, 177.
16.60000, 153.
16.61000, 142.
16.62000, 148.
16.63000, 146.
16.64000, 160.
16.65000, 150.
16.66000, 152.
16.67000, 167.
16.68000, 164.
16.69000, 149.
16.70000, 148.
16.71000, 128.
16.72000, 157.
16.73000, 150.
16.74000, 150.
16.75000, 151.
16.76000, 142.
16.77000, 132.
16.78000, 150.
16.79000, 159.
16.80000, 118.
16.81000, 126.
16.82000, 124.
16.83000, 153.
16.84000, 125.
16.85000, 166.
16.86000, 146.
16.87000, 157.
16.88000, 137.
16.89000, 146.
16.90000, 146.
16.91000, 158.
16.92000, 134.
16.93000, 157.
16.94000, 149.
16.95000, 159.
16.96000, 146.
16.97000, 174.
16.98000, 143.
16.99000, 168.
17.00000, 127.
17.01000, 149.
17.02000, 138.
17.03000, 153.
17.04000, 122.
17.05000, 139.
17.06000, 155.
17.07000, 137.
17.08000, 146.
17.09000, 166.
17.10000, 152.
17.11000, 137.
17.12000, 152.
17.13000, 173.
17.14000, 142.
17.15000, 124.
17.16000, 147.
17.17000, 140.
17.18000, 163.
17.19000, 144.
17.20000, 143.
17.21000, 151.
17.22000, 142.
17.23000, 170.
17.24000, 142.
17.25000, 161.
17.26000, 142.
17.27000, 143.
17.28000, 119.
17.29000, 154.
17.30000, 160.
17.31000, 173.
17.32000, 148.
17.33000, 166.
17.34000, 134.
17.35000, 166.
17.36000, 135.
17.37000, 156.
17.38000, 150.
17.39000, 160.
17.40000, 178.
17.41000, 167.
17.42000, 188.
17.43000, 165.
17.44000, 172.
17.45000, 182.
17.46000, 169.
17.47000, 180.
17.48000, 169.
17.49000, 178.
17.50000, 203.
17.51000, 195.
17.52000, 218.
17.53000, 189.
17.54000, 203.
17.55000, 200.
17.56000, 196.
17.57000, 234.
17.58000, 230.
17.59000, 229.
17.60000, 233.
17.61000, 214.
17.62000, 180.
17.63000, 246.
17.64000, 222.
17.65000, 220.
17.66000, 239.
17.67000, 215.
17.68000, 247.
17.69000, 235.
17.70000, 207.
17.71000, 206.
17.72000, 232.
17.73000, 231.
17.74000, 217.
17.75000, 206.
17.76000, 216.
17.77000, 207.
17.78000, 197.
17.79000, 213.
17.80000, 204.
17.81000, 178.
17.82000, 207.
17.83000, 201.
17.84000, 199.
17.85000, 200.
17.86000, 192.
17.87000, 171.
17.88000, 189.
17.89000, 190.
17.90000, 245.
17.91000, 192.
17.92000, 202.
17.93000, 232.
17.94000, 230.
17.95000, 214.
17.96000, 218.
17.97000, 232.
17.98000, 241.
17.99000, 197.
18.00000, 214.
18.01000, 251.
18.02000, 231.
18.03000, 247.
18.04000, 207.
18.05000, 226.
18.06000, 211.
18.07000, 212.
18.08000, 215.
18.09000, 250.
18.10000, 245.
18.11000, 246.
18.12000, 250.
18.13000, 214.
18.14000, 246.
18.15000, 247.
18.16000, 257.
18.17000, 236.
18.18000, 253.
18.19000, 271.
18.20000, 291.
18.21000, 285.
18.22000, 289.
18.23000, 296.
18.24000, 306.
18.25000, 293.
18.26000, 292.
18.27000, 300.
18.28000, 332.
18.29000, 353.
18.30000, 301.
18.31000, 333.
18.32000, 339.
18.33000, 331.
18.34000, 342.
18.35000, 373.
18.36000, 385.
18.37000, 357.
18.38000, 377.
18.39000, 411.
18.40000, 420.
18.41000, 429.
18.42000, 446.
18.43000, 469.
18.44000, 486.
18.45000, 487.
18.46000, 484.
18.47000, 523.
18.48000, 503.
18.49000, 524.
18.50000, 543.
18.51000, 567.
18.52000, 619.
18.53000, 633.
18.54000, 639.
18.55000, 637.
18.56000, 664.
18.57000, 695.
18.58000, 695.
18.59000, 699.
18.60000, 708.
18.61000, 753.
18.62000, 737.
18.63000, 722.
18.64000, 760.
18.65000, 798.
18.66000, 770.
18.67000, 827.
18.68000, 805.
18.69000, 808.
18.70000, 835.
18.71000, 808.
18.72000, 870.
18.73000, 827.
18.74000, 799.
18.75000, 847.
18.76000, 823.
18.77000, 852.
18.78000, 857.
18.79000, 923.
18.80000, 873.
18.81000, 859.
18.82000, 872.
18.83000, 858.
18.84000, 902.
18.85000, 818.
18.86000, 810.
18.87000, 880.
18.88000, 847.
18.89000, 769.
18.90000, 830.
18.91000, 806.
18.92000, 793.
18.93000, 768.
18.94000, 795.
18.95000, 721.
18.96000, 760.
18.97000, 728.
18.98000, 681.
18.99000, 654.
19.00000, 671.
19.01000, 688.
19.02000, 647.
19.03000, 595.
19.04000, 614.
19.05000, 643.
19.06000, 595.
19.07000, 573.
19.08000, 523.
19.09000, 562.
19.10000, 530.
19.11000, 505.
19.12000, 489.
19.13000, 498.
19.14000, 442.
19.15000, 463.
19.16000, 469.
19.17000, 477.
19.18000, 429.
19.19000, 437.
19.20000, 421.
19.21000, 381.
19.22000, 343.
19.23000, 358.
19.24000, 373.
19.25000, 352.
19.26000, 334.
19.27000, 340.
19.28000, 318.
19.29000, 315.
19.30000, 326.
19.31000, 290.
19.32000, 325.
19.33000, 290.
19.34000, 275.
19.35000, 297.
19.36000, 290.
19.37000, 280.
19.38000, 277.
19.39000, 267.
19.40000, 245.
19.41000, 228.
19.42000, 240.
19.43000, 266.
19.44000, 263.
19.45000, 209.
19.46000, 222.
19.47000, 238.
19.48000, 221.
19.49000, 212.
19.50000, 180.
19.51000, 204.
19.52000, 215.
19.53000, 163.
19.54000, 209.
19.55000, 231.
19.56000, 213.
19.57000, 199.
19.58000, 184.
19.59000, 231.
19.60000, 204.
19.61000, 178.
19.62000, 170.
19.63000, 169.
19.64000, 192.
19.65000, 169.
19.66000, 198.
19.67000, 178.
19.68000, 164.
19.69000, 189.
19.70000, 176.
19.71000, 180.
19.72000, 159.
19.73000, 168.
19.74000, 169.
19.75000, 167.
19.76000, 167.
19.77000, 171.
19.78000, 162.
19.79000, 149.
19.80000, 181.
19.81000, 169.
19.82000, 187.
19.83000, 168.
19.84000, 163.
19.85000, 184.
19.86000, 195.
19.87000, 183.
19.88000, 194.
19.89000, 226.
19.90000, 236.
19.91000, 239.
19.92000, 247.
19.93000, 271.
19.94000, 259.
19.95000, 267.
19.96000, 287.
19.97000, 313.
19.98000, 319.
19.99000, 339.
20.00000, 379.
20.01000, 374.
20.02000, 371.
20.03000, 374.
20.04000, 393.
20.05000, 476.
20.06000, 423.
20.07000, 494.
20.08000, 486.
20.09000, 523.
20.10000, 518.
20.11000, 537.
20.12000, 529.
20.13000, 519.
20.14000, 520.
20.15000, 473.
20.16000, 538.
20.17000, 476.
20.18000, 508.
20.19000, 549.
20.20000, 529.
20.21000, 446.
20.22000, 456.
20.23000, 444.
20.24000, 390.
20.25000, 407.
20.26000, 385.
20.27000, 366.
20.28000, 332.
20.29000, 294.
20.30000, 286.
20.31000, 251.
20.32000, 267.
20.33000, 232.
20.34000, 242.
20.35000, 228.
20.36000, 213.
20.37000, 199.
20.38000, 192.
20.39000, 175.
20.40000, 151.
20.41000, 183.
20.42000, 164.
20.43000, 164.
20.44000, 147.
20.45000, 170.
20.46000, 151.
20.47000, 145.
20.48000, 152.
20.49000, 174.
20.50000, 129.
20.51000, 166.
20.52000, 150.
20.53000, 155.
20.54000, 159.
20.55000, 154.
20.56000, 152.
20.57000, 155.
20.58000, 159.
20.59000, 152.
20.60000, 164.
20.61000, 163.
20.62000, 155.
20.63000, 170.
20.64000, 170.
20.65000, 185.
20.66000, 187.
20.67000, 168.
20.68000, 187.
20.69000, 183.
20.70000, 175.
20.71000, 180.
20.72000, 196.
20.73000, 199.
20.74000, 187.
20.75000, 191.
20.76000, 212.
20.77000, 218.
20.78000, 198.
20.79000, 213.
20.80000, 214.
20.81000, 197.
20.82000, 192.
20.83000, 248.
20.84000, 231.
20.85000, 229.
20.86000, 244.
20.87000, 214.
20.88000, 242.
20.89000, 238.
20.90000, 206.
20.91000, 237.
20.92000, 213.
20.93000, 253.
20.94000, 259.
20.95000, 242.
20.96000, 192.
20.97000, 235.
20.98000, 216.
20.99000, 238.
21.00000, 229.
21.01000, 245.
21.02000, 221.
21.03000, 233.
21.04000, 226.
21.05000, 233.
21.06000, 235.
21.07000, 225.
21.08000, 220.
21.09000, 214.
21.10000, 231.
21.11000, 218.
21.12000, 226.
21.13000, 226.
21.14000, 211.
21.15000, 202.
21.16000, 188.
21.17000, 196.
21.18000, 206.
21.19000, 221.
21.20000, 197.
21.21000, 187.
21.22000, 230.
21.23000, 204.
21.24000, 196.
21.25000, 205.
21.26000, 210.
21.27000, 205.
21.28000, 183.
21.29000, 161.
21.30000, 189.
21.31000, 163.
21.32000, 195.
21.33000, 153.
21.34000, 182.
21.35000, 165.
21.36000, 176.
21.37000, 127.
21.38000, 171.
21.39000, 176.
21.40000, 163.
21.41000, 157.
21.42000, 170.
21.43000, 154.
21.44000, 151.
21.45000, 133.
21.46000, 158.
21.47000, 167.
21.48000, 140.
21.49000, 147.
21.50000, 123.
21.51000, 107.
21.52000, 131.
21.53000, 135.
21.54000, 142.
21.55000, 148.
21.56000, 122.
21.57000, 126.
21.58000, 125.
21.59000, 147.
21.60000, 112.
21.61000, 134.
21.62000, 125.
21.63000, 146.
21.64000, 112.
21.65000, 116.
21.66000, 114.
21.67000, 116.
21.68000, 122.
21.69000, 123.
21.70000, 78.
21.71000, 124.
21.72000, 121.
21.73000, 107.
21.74000, 103.
21.75000, 98.
21.76000, 121.
21.77000, 104.
21.78000, 88.
21.79000, 96.
21.80000, 98.
21.81000, 87.
21.82000, 122.
21.83000, 104.
21.84000, 127.
21.85000, 108.
21.86000, 95.
21.87000, 88.
21.88000, 107.
21.89000, 81.
21.90000, 115.
21.91000, 96.
21.92000, 100.
21.93000, 94.
21.94000, 96.
21.95000, 91.
21.96000, 105.
21.97000, 103.
21.98000, 103.
21.99000, 83.
22.00000, 94.
22.01000, 92.
22.02000, 92.
22.03000, 81.
22.04000, 104.
22.05000, 95.
22.06000, 101.
22.07000, 108.
22.08000, 92.
22.09000, 84.
22.10000, 96.
22.11000, 93.
22.12000, 83.
22.13000, 96.
22.14000, 73.
22.15000, 74.
22.16000, 86.
22.17000, 82.
22.18000, 98.
22.19000, 96.
22.20000, 82.
22.21000, 80.
22.22000, 72.
22.23000, 91.
22.24000, 76.
22.25000, 90.
22.26000, 75.
22.27000, 79.
22.28000, 78.
22.29000, 95.
22.30000, 63.
22.31000, 78.
22.32000, 70.
22.33000, 75.
22.34000, 67.
22.35000, 80.
22.36000, 81.
22.37000, 87.
22.38000, 77.
22.39000, 96.
22.40000, 66.
22.41000, 84.
22.42000, 89.
22.43000, 87.
22.44000, 80.
22.45000, 86.
22.46000, 93.
22.47000, 94.
22.48000, 84.
22.49000, 82.
22.50000, 93.
22.51000, 95.
22.52000, 78.
22.53000, 109.
22.54000, 120.
22.55000, 86.
22.56000, 107.
22.57000, 104.
22.58000, 113.
22.59000, 104.
22.60000, 121.
22.61000, 131.
22.62000, 136.
22.63000, 132.
22.64000, 139.
22.65000, 157.
22.66000, 145.
22.67000, 145.
22.68000, 140.
22.69000, 140.
22.70000, 148.
22.71000, 146.
22.72000, 133.
22.73000, 112.
22.74000, 117.
22.75000, 103.
22.76000, 108.
22.77000, 116.
22.78000, 105.
22.79000, 101.
22.80000, 85.
22.81000, 103.
22.82000, 116.
22.83000, 109.
22.84000, 93.
22.85000, 98.
22.86000, 89.
22.87000, 83.
22.88000, 91.
22.89000, 65.
22.90000, 94.
22.91000, 62.
22.92000, 95.
22.93000, 81.
22.94000, 77.
22.95000, 79.
22.96000, 75.
22.97000, 67.
22.98000, 86.
22.99000, 71.
23.00000, 79.
23.01000, 75.
23.02000, 79.
23.03000, 82.
23.04000, 62.
23.05000, 69.
23.06000, 75.
23.07000, 66.
23.08000, 73.
23.09000, 86.
23.10000, 85.
23.11000, 69.
23.12000, 69.
23.13000, 92.
23.14000, 84.
23.15000, 76.
23.16000, 83.
23.17000, 79.
23.18000, 79.
23.19000, 80.
23.20000, 68.
23.21000, 69.
23.22000, 61.
23.23000, 70.
23.24000, 68.
23.25000, 88.
23.26000, 65.
23.27000, 78.
23.28000, 72.
23.29000, 64.
23.30000, 76.
23.31000, 68.
23.32000, 78.
23.33000, 58.
23.34000, 67.
23.35000, 52.
23.36000, 62.
23.37000, 63.
23.38000, 85.
23.39000, 70.
23.40000, 59.
23.41000, 45.
23.42000, 60.
23.43000, 69.
23.44000, 66.
23.45000, 64.
23.46000, 68.
23.47000, 65.
23.48000, 70.
23.49000, 71.
23.50000, 73.
23.51000, 52.
23.52000, 70.
23.53000, 70.
23.54000, 70.
23.55000, 65.
23.56000, 60.
23.57000, 66.
23.58000, 64.
23.59000, 65.
23.60000, 83.
23.61000, 68.
23.62000, 66.
23.63000, 69.
23.64000, 68.
23.65000, 68.
23.66000, 58.
23.67000, 61.
23.68000, 61.
23.69000, 57.
23.70000, 77.
23.71000, 73.
23.72000, 62.
23.73000, 49.
23.74000, 60.
23.75000, 84.
23.76000, 72.
23.77000, 51.
23.78000, 69.
23.79000, 58.
23.80000, 54.
23.81000, 54.
23.82000, 62.
23.83000, 57.
23.84000, 74.
23.85000, 66.
23.86000, 72.
23.87000, 61.
23.88000, 64.
23.89000, 67.
23.90000, 66.
23.91000, 66.
23.92000, 53.
23.93000, 57.
23.94000, 60.
23.95000, 68.
23.96000, 67.
23.97000, 69.
23.98000, 67.
23.99000, 65.
24.00000, 64.
24.01000, 52.
24.02000, 66.
24.03000, 54.
24.04000, 52.
24.05000, 46.
24.06000, 62.
24.07000, 63.
24.08000, 62.
24.09000, 63.
24.10000, 58.
24.11000, 47.
24.12000, 66.
24.13000, 56.
24.14000, 62.
24.15000, 73.
24.16000, 57.
24.17000, 64.
24.18000, 66.
24.19000, 65.
24.20000, 71.
24.21000, 52.
24.22000, 62.
24.23000, 66.
24.24000, 53.
24.25000, 52.
24.26000, 62.
24.27000, 67.
24.28000, 59.
24.29000, 73.
24.30000, 71.
24.31000, 70.
24.32000, 66.
24.33000, 56.
24.34000, 54.
24.35000, 69.
24.36000, 69.
24.37000, 61.
24.38000, 67.
24.39000, 64.
24.40000, 62.
24.41000, 56.
24.42000, 63.
24.43000, 52.
24.44000, 64.
24.45000, 57.
24.46000, 76.
24.47000, 62.
24.48000, 66.
24.49000, 46.
24.50000, 65.
24.51000, 63.
24.52000, 52.
24.53000, 58.
24.54000, 60.
24.55000, 67.
24.56000, 58.
24.57000, 65.
24.58000, 56.
24.59000, 61.
24.60000, 67.
24.61000, 76.
24.62000, 71.
24.63000, 54.
24.64000, 70.
24.65000, 53.
24.66000, 76.
24.67000, 62.
24.68000, 48.
24.69000, 58.
24.70000, 64.
24.71000, 66.
24.72000, 62.
24.73000, 71.
24.74000, 54.
24.75000, 47.
24.76000, 60.
24.77000, 56.
24.78000, 50.
24.79000, 55.
24.80000, 57.
24.81000, 48.
24.82000, 62.
24.83000, 58.
24.84000, 57.
24.85000, 57.
24.86000, 71.
24.87000, 60.
24.88000, 58.
24.89000, 44.
24.90000, 50.
24.91000, 76.
24.92000, 69.
24.93000, 65.
24.94000, 69.
24.95000, 71.
24.96000, 73.
24.97000, 71.
24.98000, 72.
24.99000, 58.
25.00000, 53.
25.01000, 69.
25.02000, 57.
25.03000, 66.
25.04000, 58.
25.05000, 63.
25.06000, 55.
25.07000, 61.
25.08000, 69.
25.09000, 77.
25.10000, 69.
25.11000, 73.
25.12000, 75.
25.13000, 71.
25.14000, 73.
25.15000, 84.
25.16000, 75.
25.17000, 69.
25.18000, 77.
25.19000, 62.
25.20000, 60.
25.21000, 58.
25.22000, 66.
25.23000, 71.
25.24000, 68.
25.25000, 64.
25.26000, 79.
25.27000, 62.
25.28000, 60.
25.29000, 51.
25.30000, 64.
25.31000, 67.
25.32000, 69.
25.33000, 50.
25.34000, 61.
25.35000, 63.
25.36000, 51.
25.37000, 83.
25.38000, 71.
25.39000, 72.
25.40000, 59.
25.41000, 63.
25.42000, 65.
25.43000, 63.
25.44000, 69.
25.45000, 62.
25.46000, 61.
25.47000, 66.
25.48000, 55.
25.49000, 58.
25.50000, 55.
25.51000, 56.
25.52000, 59.
25.53000, 56.
25.54000, 62.
25.55000, 64.
25.56000, 51.
25.57000, 52.
25.58000, 59.
25.59000, 60.
25.60000, 52.
25.61000, 50.
25.62000, 66.
25.63000, 65.
25.64000, 68.
25.65000, 57.
25.66000, 43.
25.67000, 40.
25.68000, 54.
25.69000, 50.
25.70000, 71.
25.71000, 55.
25.72000, 51.
25.73000, 67.
25.74000, 50.
25.75000, 48.
25.76000, 51.
25.77000, 58.
25.78000, 46.
25.79000, 62.
25.80000, 52.
25.81000, 53.
25.82000, 55.
25.83000, 60.
25.84000, 57.
25.85000, 55.
25.86000, 45.
25.87000, 56.
25.88000, 68.
25.89000, 51.
25.90000, 46.
25.91000, 59.
25.92000, 66.
25.93000, 64.
25.94000, 45.
25.95000, 68.
25.96000, 60.
25.97000, 57.
25.98000, 45.
25.99000, 54.
26.00000, 40.
26.01000, 58.
26.02000, 60.
26.03000, 65.
26.04000, 57.
26.05000, 51.
26.06000, 62.
26.07000, 52.
26.08000, 41.
26.09000, 44.
26.10000, 41.
26.11000, 49.
26.12000, 54.
26.13000, 54.
26.14000, 53.
26.15000, 57.
26.16000, 53.
26.17000, 55.
26.18000, 47.
26.19000, 45.
26.20000, 58.
26.21000, 42.
26.22000, 45.
26.23000, 48.
26.24000, 50.
26.25000, 50.
26.26000, 38.
26.27000, 48.
26.28000, 58.
26.29000, 43.
26.30000, 53.
26.31000, 42.
26.32000, 45.
26.33000, 50.
26.34000, 52.
26.35000, 66.
26.36000, 61.
26.37000, 58.
26.38000, 54.
26.39000, 45.
26.40000, 51.
26.41000, 50.
26.42000, 60.
26.43000, 48.
26.44000, 50.
26.45000, 46.
26.46000, 63.
26.47000, 57.
26.48000, 48.
26.49000, 57.
26.50000, 38.
26.51000, 40.
26.52000, 53.
26.53000, 42.
26.54000, 52.
26.55000, 56.
26.56000, 53.
26.57000, 62.
26.58000, 53.
26.59000, 46.
26.60000, 51.
26.61000, 57.
26.62000, 46.
26.63000, 62.
26.64000, 60.
26.65000, 42.
26.66000, 46.
26.67000, 55.
26.68000, 52.
26.69000, 52.
26.70000, 53.
26.71000, 42.
26.72000, 45.
26.73000, 46.
26.74000, 50.
26.75000, 59.
26.76000, 38.
26.77000, 38.
26.78000, 41.
26.79000, 49.
26.80000, 61.
26.81000, 44.
26.82000, 61.
26.83000, 45.
26.84000, 56.
26.85000, 34.
26.86000, 47.
26.87000, 49.
26.88000, 59.
26.89000, 63.
26.90000, 45.
26.91000, 44.
26.92000, 49.
26.93000, 56.
26.94000, 43.
26.95000, 43.
26.96000, 58.
26.97000, 42.
26.98000, 55.
26.99000, 39.
27.00000, 54.
27.01000, 50.
27.02000, 44.
27.03000, 47.
27.04000, 45.
27.05000, 50.
27.06000, 59.
27.07000, 48.
27.08000, 50.
27.09000, 40.
27.10000, 53.
27.11000, 48.
27.12000, 56.
27.13000, 60.
27.14000, 52.
27.15000, 55.
27.16000, 43.
27.17000, 55.
27.18000, 42.
27.19000, 36.
27.20000, 41.
27.21000, 48.
27.22000, 59.
27.23000, 46.
27.24000, 59.
27.25000, 47.
27.26000, 51.
27.27000, 53.
27.28000, 51.
27.29000, 43.
27.30000, 36.
27.31000, 37.
27.32000, 52.
27.33000, 47.
27.34000, 44.
27.35000, 45.
27.36000, 51.
27.37000, 46.
27.38000, 53.
27.39000, 47.
27.40000, 49.
27.41000, 54.
27.42000, 54.
27.43000, 55.
27.44000, 41.
27.45000, 52.
27.46000, 49.
27.47000, 46.
27.48000, 47.
27.49000, 59.
27.50000, 38.
27.51000, 66.
27.52000, 33.
27.53000, 45.
27.54000, 44.
27.55000, 36.
27.56000, 35.
27.57000, 48.
27.58000, 43.
27.59000, 57.
27.60000, 46.
27.61000, 47.
27.62000, 41.
27.63000, 53.
27.64000, 41.
27.65000, 48.
27.66000, 40.
27.67000, 51.
27.68000, 37.
27.69000, 35.
27.70000, 41.
27.71000, 36.
27.72000, 39.
27.73000, 41.
27.74000, 41.
27.75000, 51.
27.76000, 37.
27.77000, 58.
27.78000, 35.
27.79000, 44.
27.80000, 53.
27.81000, 45.
27.82000, 31.
27.83000, 39.
27.84000, 61.
27.85000, 42.
27.86000, 44.
27.87000, 51.
27.88000, 44.
27.89000, 53.
27.90000, 45.
27.91000, 46.
27.92000, 42.
27.93000, 42.
27.94000, 35.
27.95000, 38.
27.96000, 46.
27.97000, 44.
27.98000, 46.
27.99000, 46.
28.00000, 46.
28.01000, 51.
28.02000, 38.
28.03000, 48.
28.04000, 41.
28.05000, 40.
28.06000, 43.
28.07000, 35.
28.08000, 54.
28.09000, 44.
28.10000, 45.
28.11000, 54.
28.12000, 46.
28.13000, 39.
28.14000, 38.
28.15000, 42.
28.16000, 31.
28.17000, 44.
28.18000, 39.
28.19000, 45.
28.20000, 43.
28.21000, 40.
28.22000, 53.
28.23000, 45.
28.24000, 39.
28.25000, 53.
28.26000, 39.
28.27000, 39.
28.28000, 35.
28.29000, 37.
28.30000, 37.
28.31000, 38.
28.32000, 41.
28.33000, 40.
28.34000, 57.
28.35000, 54.
28.36000, 45.
28.37000, 43.
28.38000, 43.
28.39000, 29.
28.40000, 52.
28.41000, 49.
28.42000, 51.
28.43000, 36.
28.44000, 42.
28.45000, 43.
28.46000, 43.
28.47000, 32.
28.48000, 49.
28.49000, 40.
28.50000, 53.
28.51000, 50.
28.52000, 40.
28.53000, 46.
28.54000, 45.
28.55000, 32.
28.56000, 43.
28.57000, 45.
28.58000, 42.
28.59000, 35.
28.60000, 42.
28.61000, 42.
28.62000, 43.
28.63000, 35.
28.64000, 48.
28.65000, 42.
28.66000, 36.
28.67000, 41.
28.68000, 38.
28.69000, 44.
28.70000, 44.
28.71000, 31.
28.72000, 31.
28.73000, 31.
28.74000, 41.
28.75000, 33.
28.76000, 41.
28.77000, 43.
28.78000, 41.
28.79000, 34.
28.80000, 35.
28.81000, 42.
28.82000, 41.
28.83000, 41.
28.84000, 44.
28.85000, 31.
28.86000, 38.
28.87000, 44.
28.88000, 39.
28.89000, 35.
28.90000, 36.
28.91000, 33.
28.92000, 28.
28.93000, 35.
28.94000, 43.
28.95000, 41.
28.96000, 43.
28.97000, 33.
28.98000, 42.
28.99000, 42.
29.00000, 36.
29.01000, 44.
29.02000, 28.
29.03000, 40.
29.04000, 40.
29.05000, 33.
29.06000, 35.
29.07000, 40.
29.08000, 47.
29.09000, 29.
29.10000, 37.
29.11000, 36.
29.12000, 47.
29.13000, 35.
29.14000, 43.
29.15000, 41.
29.16000, 41.
29.17000, 32.
29.18000, 42.
29.19000, 37.
29.20000, 41.
29.21000, 45.
29.22000, 48.
29.23000, 41.
29.24000, 37.
29.25000, 28.
29.26000, 28.
29.27000, 28.
29.28000, 36.
29.29000, 30.
29.30000, 32.
29.31000, 36.
29.32000, 40.
29.33000, 33.
29.34000, 38.
29.35000, 29.
29.36000, 32.
29.37000, 33.
29.38000, 39.
29.39000, 54.
29.40000, 51.
29.41000, 49.
29.42000, 39.
29.43000, 27.
29.44000, 26.
29.45000, 38.
29.46000, 40.
29.47000, 30.
29.48000, 43.
29.49000, 33.
29.50000, 36.
29.51000, 41.
29.52000, 41.
29.53000, 38.
29.54000, 42.
29.55000, 39.
29.56000, 41.
29.57000, 29.
29.58000, 29.
29.59000, 45.
29.60000, 36.
29.61000, 40.
29.62000, 41.
29.63000, 31.
29.64000, 29.
29.65000, 22.
29.66000, 29.
29.67000, 36.
29.68000, 29.
29.69000, 41.
29.70000, 36.
29.71000, 29.
29.72000, 28.
29.73000, 41.
29.74000, 34.
29.75000, 33.
29.76000, 42.
29.77000, 40.
29.78000, 44.
29.79000, 40.
29.80000, 42.
29.81000, 40.
29.82000, 35.
29.83000, 27.
29.84000, 42.
29.85000, 41.
29.86000, 37.
29.87000, 31.
29.88000, 23.
29.89000, 32.
29.90000, 45.
29.91000, 29.
29.92000, 24.
29.93000, 33.
29.94000, 48.
29.95000, 25.
29.96000, 35.
29.97000, 29.
29.98000, 27.
29.99000, 35.
30.00000, 33.
30.01000, 34.
30.02000, 31.
30.03000, 30.
30.04000, 39.
30.05000, 40.
30.06000, 25.
30.07000, 39.
30.08000, 38.
30.09000, 27.
30.10000, 38.
30.11000, 31.
30.12000, 30.
30.13000, 35.
30.14000, 43.
30.15000, 34.
30.16000, 34.
30.17000, 25.
30.18000, 32.
30.19000, 34.
30.20000, 33.
30.21000, 35.
30.22000, 27.
30.23000, 28.
30.24000, 28.
30.25000, 31.
30.26000, 31.
30.27000, 36.
30.28000, 33.
30.29000, 41.
30.30000, 31.
30.31000, 37.
30.32000, 26.
30.33000, 30.
30.34000, 30.
30.35000, 37.
30.36000, 39.
30.37000, 33.
30.38000, 23.
30.39000, 34.
30.40000, 33.
30.41000, 42.
30.42000, 37.
30.43000, 33.
30.44000, 29.
30.45000, 36.
30.46000, 29.
30.47000, 38.
30.48000, 40.
30.49000, 24.
30.50000, 46.
30.51000, 39.
30.52000, 28.
30.53000, 38.
30.54000, 30.
30.55000, 19.
30.56000, 33.
30.57000, 23.
30.58000, 42.
30.59000, 28.
30.60000, 24.
30.61000, 18.
30.62000, 28.
30.63000, 26.
30.64000, 33.
30.65000, 31.
30.66000, 37.
30.67000, 33.
30.68000, 34.
30.69000, 31.
30.70000, 47.
30.71000, 35.
30.72000, 28.
30.73000, 24.
30.74000, 30.
30.75000, 39.
30.76000, 33.
30.77000, 37.
30.78000, 28.
30.79000, 23.
30.80000, 27.
30.81000, 22.
30.82000, 22.
30.83000, 21.
30.84000, 25.
30.85000, 28.
30.86000, 32.
30.87000, 27.
30.88000, 30.
30.89000, 27.
30.90000, 29.
30.91000, 36.
30.92000, 34.
30.93000, 27.
30.94000, 27.
30.95000, 36.
30.96000, 22.
30.97000, 23.
30.98000, 27.
30.99000, 29.
31.00000, 20.
31.01000, 38.
31.02000, 41.
31.03000, 25.
31.04000, 32.
31.05000, 29.
31.06000, 25.
31.07000, 29.
31.08000, 32.
31.09000, 28.
31.10000, 24.
31.11000, 31.
31.12000, 21.
31.13000, 25.
31.14000, 27.
31.15000, 32.
31.16000, 25.
31.17000, 24.
31.18000, 24.
31.19000, 22.
31.20000, 35.
31.21000, 30.
31.22000, 26.
31.23000, 27.
31.24000, 35.
31.25000, 23.
31.26000, 18.
31.27000, 26.
31.28000, 35.
31.29000, 27.
31.30000, 36.
31.31000, 33.
31.32000, 36.
31.33000, 32.
31.34000, 27.
31.35000, 28.
31.36000, 32.
31.37000, 33.
31.38000, 30.
31.39000, 25.
31.40000, 32.
31.41000, 28.
31.42000, 41.
31.43000, 36.
31.44000, 23.
31.45000, 23.
31.46000, 24.
31.47000, 25.
31.48000, 21.
31.49000, 28.
31.50000, 35.
31.51000, 27.
31.52000, 28.
31.53000, 25.
31.54000, 32.
31.55000, 28.
31.56000, 28.
31.57000, 33.
31.58000, 32.
31.59000, 30.
31.60000, 26.
31.61000, 23.
31.62000, 34.
31.63000, 34.
31.64000, 23.
31.65000, 30.
31.66000, 28.
31.67000, 29.
31.68000, 38.
31.69000, 31.
31.70000, 29.
31.71000, 33.
31.72000, 36.
31.73000, 33.
31.74000, 32.
31.75000, 31.
31.76000, 34.
31.77000, 37.
31.78000, 36.
31.79000, 32.
31.80000, 36.
31.81000, 28.
31.82000, 30.
31.83000, 31.
31.84000, 28.
31.85000, 30.
31.86000, 31.
31.87000, 26.
31.88000, 19.
31.89000, 21.
31.90000, 28.
31.91000, 36.
31.92000, 22.
31.93000, 37.
31.94000, 30.
31.95000, 21.
31.96000, 28.
31.97000, 23.
31.98000, 23.
31.99000, 32.
32.00000, 38.
32.01000, 36.
32.02000, 29.
32.03000, 25.
32.04000, 32.
32.05000, 37.
32.06000, 22.
32.07000, 31.
32.08000, 30.
32.09000, 31.
32.10000, 50.
32.11000, 31.
32.12000, 27.
32.13000, 26.
32.14000, 28.
32.15000, 43.
32.16000, 26.
32.17000, 36.
32.18000, 31.
32.19000, 34.
32.20000, 28.
32.21000, 44.
32.22000, 21.
32.23000, 30.
32.24000, 29.
32.25000, 28.
32.26000, 22.
32.27000, 37.
32.28000, 25.
32.29000, 26.
32.30000, 17.
32.31000, 23.
32.32000, 29.
32.33000, 24.
32.34000, 23.
32.35000, 21.
32.36000, 30.
32.37000, 25.
32.38000, 21.
32.39000, 31.
32.40000, 23.
32.41000, 23.
32.42000, 26.
32.43000, 34.
32.44000, 27.
32.45000, 23.
32.46000, 19.
32.47000, 25.
32.48000, 27.
32.49000, 14.
32.50000, 16.
32.51000, 31.
32.52000, 28.
32.53000, 22.
32.54000, 23.
32.55000, 20.
32.56000, 17.
32.57000, 32.
32.58000, 20.
32.59000, 29.
32.60000, 32.
32.61000, 22.
32.62000, 32.
32.63000, 23.
32.64000, 21.
32.65000, 22.
32.66000, 27.
32.67000, 21.
32.68000, 17.
32.69000, 26.
32.70000, 22.
32.71000, 30.
32.72000, 30.
32.73000, 15.
32.74000, 27.
32.75000, 23.
32.76000, 28.
32.77000, 16.
32.78000, 18.
32.79000, 15.
32.80000, 32.
32.81000, 25.
32.82000, 28.
32.83000, 29.
32.84000, 24.
32.85000, 17.
32.86000, 18.
32.87000, 17.
32.88000, 20.
32.89000, 25.
32.90000, 19.
32.91000, 24.
32.92000, 28.
32.93000, 28.
32.94000, 31.
32.95000, 19.
32.96000, 24.
32.97000, 27.
32.98000, 28.
32.99000, 18.
33.00000, 23.
33.01000, 19.
33.02000, 26.
33.03000, 19.
33.04000, 28.
33.05000, 14.
33.06000, 20.
33.07000, 14.
33.08000, 17.
33.09000, 24.
33.10000, 20.
33.11000, 23.
33.12000, 26.
33.13000, 19.
33.14000, 21.
33.15000, 22.
33.16000, 17.
33.17000, 25.
33.18000, 14.
33.19000, 18.
33.20000, 18.
33.21000, 23.
33.22000, 18.
33.23000, 16.
33.24000, 20.
33.25000, 19.
33.26000, 18.
33.27000, 20.
33.28000, 25.
33.29000, 25.
33.30000, 21.
33.31000, 16.
33.32000, 19.
33.33000, 15.
33.34000, 24.
33.35000, 30.
33.36000, 15.
33.37000, 18.
33.38000, 23.
33.39000, 20.
33.40000, 17.
33.41000, 24.
33.42000, 18.
33.43000, 18.
33.44000, 20.
33.45000, 20.
33.46000, 20.
33.47000, 19.
33.48000, 25.
33.49000, 17.
33.50000, 15.
33.51000, 29.
33.52000, 23.
33.53000, 24.
33.54000, 18.
33.55000, 19.
33.56000, 23.
33.57000, 17.
33.58000, 29.
33.59000, 16.
33.60000, 18.
33.61000, 13.
33.62000, 19.
33.63000, 13.
33.64000, 18.
33.65000, 25.
33.66000, 24.
33.67000, 19.
33.68000, 23.
33.69000, 27.
33.70000, 20.
33.71000, 17.
33.72000, 21.
33.73000, 27.
33.74000, 20.
33.75000, 25.
33.76000, 13.
33.77000, 18.
33.78000, 24.
33.79000, 19.
33.80000, 16.
33.81000, 22.
33.82000, 14.
33.83000, 15.
33.84000, 21.
33.85000, 20.
33.86000, 18.
33.87000, 24.
33.88000, 20.
33.89000, 22.
33.90000, 9.
33.91000, 32.
33.92000, 15.
33.93000, 17.
33.94000, 19.
33.95000, 24.
33.96000, 24.
33.97000, 28.
33.98000, 13.
33.99000, 20.
34.00000, 19.
34.01000, 19.
34.02000, 20.
34.03000, 14.
34.04000, 14.
34.05000, 28.
34.06000, 16.
34.07000, 23.
34.08000, 16.
34.09000, 17.
34.10000, 21.
34.11000, 23.
34.12000, 12.
34.13000, 24.
34.14000, 21.
34.15000, 22.
34.16000, 23.
34.17000, 25.
34.18000, 23.
34.19000, 20.
34.20000, 18.
34.21000, 24.
34.22000, 14.
34.23000, 17.
34.24000, 18.
34.25000, 25.
34.26000, 17.
34.27000, 22.
34.28000, 21.
34.29000, 16.
34.30000, 15.
34.31000, 14.
34.32000, 22.
34.33000, 15.
34.34000, 24.
34.35000, 19.
34.36000, 23.
34.37000, 16.
34.38000, 20.
34.39000, 21.
34.40000, 18.
34.41000, 17.
34.42000, 24.
34.43000, 16.
34.44000, 21.
34.45000, 18.
34.46000, 18.
34.47000, 17.
34.48000, 12.
34.49000, 19.
34.50000, 15.
34.51000, 19.
34.52000, 17.
34.53000, 26.
34.54000, 19.
34.55000, 11.
34.56000, 20.
34.57000, 16.
34.58000, 18.
34.59000, 16.
34.60000, 16.
34.61000, 20.
34.62000, 16.
34.63000, 19.
34.64000, 15.
34.65000, 23.
34.66000, 19.
34.67000, 12.
34.68000, 20.
34.69000, 17.
34.70000, 19.
34.71000, 16.
34.72000, 12.
34.73000, 21.
34.74000, 11.
34.75000, 13.
34.76000, 14.
34.77000, 20.
34.78000, 13.
34.79000, 17.
34.80000, 17.
34.81000, 16.
34.82000, 13.
34.83000, 20.
34.84000, 19.
34.85000, 13.
34.86000, 19.
34.87000, 13.
34.88000, 16.
34.89000, 16.
34.90000, 21.
34.91000, 25.
34.92000, 9.
34.93000, 16.
34.94000, 13.
34.95000, 17.
34.96000, 17.
34.97000, 25.
34.98000, 10.
34.99000, 16.
35.00000, 11.
35.01000, 11.
35.02000, 15.
35.03000, 16.
35.04000, 20.
35.05000, 18.
35.06000, 16.
35.07000, 15.
35.08000, 10.
35.09000, 14.
35.10000, 19.
35.11000, 12.
35.12000, 16.
35.13000, 15.
35.14000, 13.
35.15000, 15.
35.16000, 20.
35.17000, 16.
35.18000, 16.
35.19000, 15.
35.20000, 11.
35.21000, 20.
35.22000, 12.
35.23000, 9.
35.24000, 21.
35.25000, 16.
35.26000, 13.
35.27000, 12.
35.28000, 15.
35.29000, 18.
35.30000, 16.
35.31000, 11.
35.32000, 17.
35.33000, 20.
35.34000, 9.
35.35000, 8.
35.36000, 16.
35.37000, 17.
35.38000, 18.
35.39000, 15.
35.40000, 10.
35.41000, 20.
35.42000, 16.
35.43000, 15.
35.44000, 14.
35.45000, 17.
35.46000, 13.
35.47000, 19.
35.48000, 13.
35.49000, 21.
35.50000, 11.
35.51000, 13.
35.52000, 13.
35.53000, 13.
35.54000, 15.
35.55000, 12.
35.56000, 15.
35.57000, 19.
35.58000, 19.
35.59000, 18.
35.60000, 18.
35.61000, 15.
35.62000, 22.
35.63000, 13.
35.64000, 10.
35.65000, 12.
35.66000, 11.
35.67000, 15.
35.68000, 16.
35.69000, 12.
35.70000, 13.
35.71000, 15.
35.72000, 20.
35.73000, 23.
35.74000, 17.
35.75000, 23.
35.76000, 11.
35.77000, 13.
35.78000, 14.
35.79000, 13.
35.80000, 13.
35.81000, 12.
35.82000, 13.
35.83000, 17.
35.84000, 16.
35.85000, 8.
35.86000, 15.
35.87000, 14.
35.88000, 9.
35.89000, 15.
35.90000, 10.
35.91000, 11.
35.92000, 12.
35.93000, 13.
35.94000, 16.
35.95000, 13.
35.96000, 11.
35.97000, 13.
35.98000, 16.
35.99000, 16.
36.00000, 14.
36.01000, 17.
36.02000, 14.
36.03000, 18.
36.04000, 20.
36.05000, 11.
36.06000, 14.
36.07000, 16.
36.08000, 22.
36.09000, 27.
36.10000, 13.
36.11000, 15.
36.12000, 17.
36.13000, 21.
36.14000, 8.
36.15000, 9.
36.16000, 19.
36.17000, 18.
36.18000, 10.
36.19000, 20.
36.20000, 10.
36.21000, 11.
36.22000, 16.
36.23000, 12.
36.24000, 18.
36.25000, 12.
36.26000, 13.
36.27000, 12.
36.28000, 19.
36.29000, 9.
36.30000, 9.
36.31000, 9.
36.32000, 7.
36.33000, 12.
36.34000, 14.
36.35000, 15.
36.36000, 12.
36.37000, 14.
36.38000, 11.
36.39000, 10.
36.40000, 14.
36.41000, 20.
36.42000, 12.
36.43000, 16.
36.44000, 13.
36.45000, 7.
36.46000, 15.
36.47000, 11.
36.48000, 11.
36.49000, 18.
36.50000, 15.
36.51000, 13.
36.52000, 7.
36.53000, 10.
36.54000, 14.
36.55000, 8.
36.56000, 16.
36.57000, 7.
36.58000, 21.
36.59000, 8.
36.60000, 14.
36.61000, 10.
36.62000, 8.
36.63000, 15.
36.64000, 16.
36.65000, 13.
36.66000, 11.
36.67000, 10.
36.68000, 16.
36.69000, 8.
36.70000, 9.
36.71000, 12.
36.72000, 14.
36.73000, 5.
36.74000, 9.
36.75000, 16.
36.76000, 15.
36.77000, 11.
36.78000, 14.
36.79000, 5.
36.80000, 14.
36.81000, 12.
36.82000, 13.
36.83000, 12.
36.84000, 9.
36.85000, 12.
36.86000, 13.
36.87000, 12.
36.88000, 15.
36.89000, 13.
36.90000, 6.
36.91000, 16.
36.92000, 18.
36.93000, 15.
36.94000, 13.
36.95000, 10.
36.96000, 15.
36.97000, 15.
36.98000, 9.
36.99000, 11.
37.00000, 13.
37.01000, 10.
37.02000, 12.
37.03000, 12.
37.04000, 9.
37.05000, 12.
37.06000, 7.
37.07000, 21.
37.08000, 10.
37.09000, 13.
37.10000, 10.
37.11000, 10.
37.12000, 14.
37.13000, 8.
37.14000, 9.
37.15000, 11.
37.16000, 12.
37.17000, 10.
37.18000, 10.
37.19000, 9.
37.20000, 12.
37.21000, 13.
37.22000, 15.
37.23000, 15.
37.24000, 15.
37.25000, 6.
37.26000, 12.
37.27000, 12.
37.28000, 11.
37.29000, 12.
37.30000, 12.
37.31000, 17.
37.32000, 19.
37.33000, 10.
37.34000, 10.
37.35000, 15.
37.36000, 17.
37.37000, 11.
37.38000, 15.
37.39000, 10.
37.40000, 13.
37.41000, 10.
37.42000, 10.
37.43000, 12.
37.44000, 20.
37.45000, 7.
37.46000, 10.
37.47000, 10.
37.48000, 11.
37.49000, 7.
37.50000, 9.
37.51000, 14.
37.52000, 11.
37.53000, 11.
37.54000, 10.
37.55000, 10.
37.56000, 11.
37.57000, 10.
37.58000, 6.
37.59000, 10.
37.60000, 7.
37.61000, 12.
37.62000, 8.
37.63000, 13.
37.64000, 8.
37.65000, 7.
37.66000, 6.
37.67000, 13.
37.68000, 8.
37.69000, 6.
37.70000, 10.
37.71000, 10.
37.72000, 18.
37.73000, 8.
37.74000, 10.
37.75000, 8.
37.76000, 9.
37.77000, 9.
37.78000, 13.
37.79000, 8.
37.80000, 11.
37.81000, 7.
37.82000, 7.
37.83000, 8.
37.84000, 6.
37.85000, 8.
37.86000, 10.
37.87000, 7.
37.88000, 6.
37.89000, 5.
37.90000, 5.
37.91000, 10.
37.92000, 7.
37.93000, 8.
37.94000, 9.
37.95000, 8.
37.96000, 11.
37.97000, 10.
37.98000, 14.
37.99000, 7.
38.00000, 6.
38.01000, 9.
38.02000, 6.
38.03000, 8.
38.04000, 9.
38.05000, 11.
38.06000, 5.
38.07000, 8.
38.08000, 10.
38.09000, 9.
38.10000, 12.
38.11000, 8.
38.12000, 10.
38.13000, 10.
38.14000, 8.
38.15000, 7.
38.16000, 7.
38.17000, 11.
38.18000, 6.
38.19000, 8.
38.20000, 14.
38.21000, 10.
38.22000, 11.
38.23000, 3.
38.24000, 15.
38.25000, 8.
38.26000, 9.
38.27000, 7.
38.28000, 11.
38.29000, 2.
38.30000, 11.
38.31000, 9.
38.32000, 12.
38.33000, 13.
38.34000, 7.
38.35000, 8.
38.36000, 2.
38.37000, 10.
38.38000, 9.
38.39000, 8.
38.40000, 6.
38.41000, 7.
38.42000, 7.
38.43000, 6.
38.44000, 6.
38.45000, 6.
38.46000, 7.
38.47000, 10.
38.48000, 8.
38.49000, 9.
38.50000, 11.
38.51000, 8.
38.52000, 8.
38.53000, 7.
38.54000, 6.
38.55000, 11.
38.56000, 6.
38.57000, 8.
38.58000, 6.
38.59000, 9.
38.60000, 15.
38.61000, 7.
38.62000, 4.
38.63000, 8.
38.64000, 8.
38.65000, 5.
38.66000, 8.
38.67000, 8.
38.68000, 4.
38.69000, 10.
38.70000, 10.
38.71000, 2.
38.72000, 9.
38.73000, 5.
38.74000, 8.
38.75000, 4.
38.76000, 6.
38.77000, 4.
38.78000, 4.
38.79000, 4.
38.80000, 6.
38.81000, 5.
38.82000, 9.
38.83000, 6.
38.84000, 4.
38.85000, 8.
38.86000, 11.
38.87000, 6.
38.88000, 3.
38.89000, 5.
38.90000, 8.
38.91000, 6.
38.92000, 4.
38.93000, 11.
38.94000, 14.
38.95000, 8.
38.96000, 3.
38.97000, 4.
38.98000, 7.
38.99000, 5.
39.00000, 6.
39.01000, 5.
39.02000, 5.
39.03000, 8.
39.04000, 4.
39.05000, 8.
39.06000, 11.
39.07000, 4.
39.08000, 7.
39.09000, 5.
39.10000, 9.
39.11000, 11.
39.12000, 11.
39.13000, 10.
39.14000, 8.
39.15000, 9.
39.16000, 6.
39.17000, 6.
39.18000, 8.
39.19000, 13.
39.20000, 4.
39.21000, 5.
39.22000, 2.
39.23000, 4.
39.24000, 8.
39.25000, 11.
39.26000, 9.
39.27000, 8.
39.28000, 5.
39.29000, 3.
39.30000, 6.
39.31000, 5.
39.32000, 5.
39.33000, 5.
39.34000, 5.
39.35000, 6.
39.36000, 9.
39.37000, 5.
39.38000, 7.
39.39000, 7.
39.40000, 5.
39.41000, 9.
39.42000, 5.
39.43000, 4.
39.44000, 7.
39.45000, 3.
39.46000, 5.
39.47000, 6.
39.48000, 5.
39.49000, 4.
39.50000, 4.
39.51000, 5.
39.52000, 5.
39.53000, 0.
39.54000, 1.
39.55000, 12.
39.56000, 7.
39.57000, 5.
39.58000, 5.
39.59000, 4.
39.60000, 11.
39.61000, 8.
39.62000, 6.
39.63000, 7.
39.64000, 6.
39.65000, 4.
39.66000, 6.
39.67000, 6.
39.68000, 7.
39.69000, 6.
39.70000, 6.
39.71000, 5.
39.72000, 8.
39.73000, 6.
39.74000, 5.
39.75000, 5.
39.76000, 6.
39.77000, 5.
39.78000, 6.
39.79000, 3.
39.80000, 4.
39.81000, 5.
39.82000, 7.
39.83000, 4.
39.84000, 6.
39.85000, 9.
39.86000, 3.
39.87000, 2.
39.88000, 2.
39.89000, 6.
39.90000, 5.
39.91000, 2.
39.92000, 4.
39.93000, 3.
39.94000, 6.
39.95000, 6.
39.96000, 6.
39.97000, 5.
39.98000, 8.
39.99000, 4.
40.00000, 8.
40.01000, 10.
40.02000, 2.
40.03000, 5.
40.04000, 2.
40.05000, 2.
40.06000, 5.
40.07000, 4.
40.08000, 7.
40.09000, 8.
40.10000, 5.
40.11000, 6.
40.12000, 4.
40.13000, 2.
40.14000, 4.
40.15000, 10.
40.16000, 6.
40.17000, 2.
40.18000, 4.
40.19000, 7.
40.20000, 4.
40.21000, 5.
40.22000, 4.
40.23000, 6.
40.24000, 6.
40.25000, 1.
40.26000, 9.
40.27000, 7.
40.28000, 3.
40.29000, 6.
40.30000, 4.
40.31000, 4.
40.32000, 3.
40.33000, 8.
40.34000, 3.
40.35000, 5.
40.36000, 5.
40.37000, 2.
40.38000, 2.
40.39000, 1.
40.40000, 11.
40.41000, 6.
40.42000, 6.
40.43000, 6.
40.44000, 2.
40.45000, 4.
40.46000, 2.
40.47000, 2.
40.48000, 3.
40.49000, 0.
40.50000, 3.
40.51000, 6.
40.52000, 1.
40.53000, 4.
40.54000, 2.
40.55000, 0.
#ENDOFDATA   : 
