#FORMAT      : EMSA/MAS Spectral Data File
#VERSION     : 1.0
#TITLE       : Spectrum 4
#DATE        : 21-AUG-2025
#TIME        : 15:08
#OWNER       : XGT7200
#NPOINTS     : 4096.
#NCOLUMNS    : 1.
#XUNITS      : keV
#YUNITS      : counts
#DATATYPE    : XY
#XPERCHAN    : 0.0100000
#OFFSET      : -0.400000
#SIGNALTYPE  : EDS
#CHOFFSET    : 40.0000
#LIVETIME    : 30.000000
#REALTIME    : 39.554115
#BEAMKV      : 50.0000
#PROBECUR    : 692000.
#MAGCAM      : 100.000
#XTILTSTGE   : 0.0
#AZIMANGLE   : 0.0
#ELEVANGLE   : 45.0
#XPOSITION mm: 0.0000
#YPOSITION mm: 0.0000
#ZPOSITION mm: 0.0000
##OXINSTPT   : 4
##OXINSTSTROB: 71.91
#SPECTRUM    : Spectral Data Starts Here
-0.40000, 0.
-0.39000, 0.
-0.38000, 0.
-0.37000, 0.
-0.36000, 0.
-0.35000, 0.
-0.34000, 0.
-0.33000, 0.
-0.32000, 0.
-0.31000, 0.
-0.30000, 0.
-0.29000, 0.
-0.28000, 0.
-0.27000, 0.
-0.26000, 0.
-0.25000, 0.
-0.24000, 0.
-0.23000, 0.
-0.22000, 0.
-0.21000, 0.
-0.20000, 0.
-0.19000, 0.
-0.18000, 0.
-0.17000, 0.
-0.16000, 0.
-0.15000, 0.
-0.14000, 0.
-0.13000, 0.
-0.12000, 0.
-0.11000, 0.
-0.10000, 0.
-0.09000, 0.
-0.08000, 0.
-0.07000, 0.
-0.06000, 0.
-0.05000, 0.
-0.04000, 0.
-0.03000, 0.
-0.02000, 0.
-0.01000, 0.
0.00000, 0.
0.01000, 0.
0.02000, 0.
0.03000, 0.
0.04000, 0.
0.05000, 0.
0.06000, 0.
0.07000, 0.
0.08000, 0.
0.09000, 0.
0.10000, 0.
0.11000, 0.
0.12000, 0.
0.13000, 0.
0.14000, 0.
0.15000, 0.
0.16000, 0.
0.17000, 0.
0.18000, 0.
0.19000, 0.
0.20000, 0.
0.21000, 0.
0.22000, 0.
0.23000, 0.
0.24000, 0.
0.25000, 0.
0.26000, 0.
0.27000, 0.
0.28000, 0.
0.29000, 0.
0.30000, 0.
0.31000, 0.
0.32000, 0.
0.33000, 1.
0.34000, 2.
0.35000, 1.
0.36000, 5.
0.37000, 9.
0.38000, 8.
0.39000, 11.
0.40000, 30.
0.41000, 25.
0.42000, 31.
0.43000, 36.
0.44000, 42.
0.45000, 34.
0.46000, 52.
0.47000, 24.
0.48000, 45.
0.49000, 50.
0.50000, 39.
0.51000, 46.
0.52000, 29.
0.53000, 25.
0.54000, 33.
0.55000, 51.
0.56000, 48.
0.57000, 43.
0.58000, 36.
0.59000, 29.
0.60000, 41.
0.61000, 37.
0.62000, 43.
0.63000, 32.
0.64000, 42.
0.65000, 44.
0.66000, 38.
0.67000, 36.
0.68000, 38.
0.69000, 38.
0.70000, 22.
0.71000, 32.
0.72000, 36.
0.73000, 40.
0.74000, 47.
0.75000, 36.
0.76000, 30.
0.77000, 30.
0.78000, 44.
0.79000, 42.
0.80000, 47.
0.81000, 32.
0.82000, 43.
0.83000, 31.
0.84000, 37.
0.85000, 41.
0.86000, 31.
0.87000, 38.
0.88000, 42.
0.89000, 41.
0.90000, 46.
0.91000, 46.
0.92000, 44.
0.93000, 31.
0.94000, 37.
0.95000, 44.
0.96000, 49.
0.97000, 51.
0.98000, 49.
0.99000, 40.
1.00000, 45.
1.01000, 51.
1.02000, 39.
1.03000, 49.
1.04000, 47.
1.05000, 54.
1.06000, 44.
1.07000, 60.
1.08000, 55.
1.09000, 47.
1.10000, 48.
1.11000, 43.
1.12000, 45.
1.13000, 48.
1.14000, 38.
1.15000, 40.
1.16000, 40.
1.17000, 26.
1.18000, 57.
1.19000, 51.
1.20000, 74.
1.21000, 49.
1.22000, 53.
1.23000, 67.
1.24000, 57.
1.25000, 91.
1.26000, 81.
1.27000, 73.
1.28000, 71.
1.29000, 68.
1.30000, 52.
1.31000, 40.
1.32000, 50.
1.33000, 39.
1.34000, 47.
1.35000, 33.
1.36000, 30.
1.37000, 50.
1.38000, 59.
1.39000, 85.
1.40000, 81.
1.41000, 126.
1.42000, 195.
1.43000, 263.
1.44000, 339.
1.45000, 436.
1.46000, 547.
1.47000, 657.
1.48000, 713.
1.49000, 792.
1.50000, 788.
1.51000, 696.
1.52000, 593.
1.53000, 534.
1.54000, 455.
1.55000, 327.
1.56000, 248.
1.57000, 205.
1.58000, 168.
1.59000, 93.
1.60000, 102.
1.61000, 107.
1.62000, 135.
1.63000, 184.
1.64000, 331.
1.65000, 556.
1.66000, 819.
1.67000, 1266.
1.68000, 1834.
1.69000, 2511.
1.70000, 3393.
1.71000, 4283.
1.72000, 5176.
1.73000, 5708.
1.74000, 6036.
1.75000, 6164.
1.76000, 5780.
1.77000, 5464.
1.78000, 4338.
1.79000, 3688.
1.80000, 2755.
1.81000, 2149.
1.82000, 1549.
1.83000, 1061.
1.84000, 755.
1.85000, 543.
1.86000, 385.
1.87000, 290.
1.88000, 251.
1.89000, 188.
1.90000, 123.
1.91000, 100.
1.92000, 85.
1.93000, 79.
1.94000, 65.
1.95000, 77.
1.96000, 62.
1.97000, 71.
1.98000, 82.
1.99000, 80.
2.00000, 89.
2.01000, 94.
2.02000, 79.
2.03000, 67.
2.04000, 66.
2.05000, 74.
2.06000, 57.
2.07000, 60.
2.08000, 54.
2.09000, 54.
2.10000, 36.
2.11000, 34.
2.12000, 35.
2.13000, 24.
2.14000, 36.
2.15000, 35.
2.16000, 27.
2.17000, 36.
2.18000, 23.
2.19000, 33.
2.20000, 27.
2.21000, 18.
2.22000, 26.
2.23000, 36.
2.24000, 32.
2.25000, 38.
2.26000, 34.
2.27000, 47.
2.28000, 45.
2.29000, 51.
2.30000, 48.
2.31000, 48.
2.32000, 52.
2.33000, 47.
2.34000, 46.
2.35000, 40.
2.36000, 51.
2.37000, 46.
2.38000, 37.
2.39000, 38.
2.40000, 34.
2.41000, 32.
2.42000, 31.
2.43000, 33.
2.44000, 30.
2.45000, 44.
2.46000, 33.
2.47000, 33.
2.48000, 35.
2.49000, 34.
2.50000, 34.
2.51000, 38.
2.52000, 39.
2.53000, 46.
2.54000, 42.
2.55000, 30.
2.56000, 50.
2.57000, 47.
2.58000, 58.
2.59000, 85.
2.60000, 92.
2.61000, 116.
2.62000, 153.
2.63000, 181.
2.64000, 238.
2.65000, 256.
2.66000, 295.
2.67000, 356.
2.68000, 407.
2.69000, 417.
2.70000, 439.
2.71000, 422.
2.72000, 404.
2.73000, 377.
2.74000, 342.
2.75000, 327.
2.76000, 282.
2.77000, 246.
2.78000, 219.
2.79000, 230.
2.80000, 245.
2.81000, 253.
2.82000, 291.
2.83000, 289.
2.84000, 275.
2.85000, 237.
2.86000, 239.
2.87000, 220.
2.88000, 213.
2.89000, 209.
2.90000, 164.
2.91000, 142.
2.92000, 138.
2.93000, 99.
2.94000, 116.
2.95000, 94.
2.96000, 84.
2.97000, 76.
2.98000, 69.
2.99000, 59.
3.00000, 68.
3.01000, 47.
3.02000, 44.
3.03000, 47.
3.04000, 44.
3.05000, 28.
3.06000, 30.
3.07000, 32.
3.08000, 49.
3.09000, 27.
3.10000, 32.
3.11000, 28.
3.12000, 31.
3.13000, 53.
3.14000, 40.
3.15000, 35.
3.16000, 41.
3.17000, 34.
3.18000, 46.
3.19000, 74.
3.20000, 78.
3.21000, 129.
3.22000, 134.
3.23000, 175.
3.24000, 214.
3.25000, 327.
3.26000, 400.
3.27000, 479.
3.28000, 559.
3.29000, 670.
3.30000, 746.
3.31000, 678.
3.32000, 750.
3.33000, 739.
3.34000, 693.
3.35000, 624.
3.36000, 548.
3.37000, 430.
3.38000, 382.
3.39000, 253.
3.40000, 196.
3.41000, 144.
3.42000, 141.
3.43000, 94.
3.44000, 68.
3.45000, 67.
3.46000, 52.
3.47000, 58.
3.48000, 42.
3.49000, 56.
3.50000, 50.
3.51000, 49.
3.52000, 80.
3.53000, 92.
3.54000, 115.
3.55000, 134.
3.56000, 148.
3.57000, 200.
3.58000, 218.
3.59000, 289.
3.60000, 332.
3.61000, 424.
3.62000, 521.
3.63000, 672.
3.64000, 801.
3.65000, 969.
3.66000, 934.
3.67000, 1149.
3.68000, 1275.
3.69000, 1206.
3.70000, 1256.
3.71000, 1238.
3.72000, 1113.
3.73000, 1006.
3.74000, 877.
3.75000, 716.
3.76000, 564.
3.77000, 430.
3.78000, 320.
3.79000, 257.
3.80000, 147.
3.81000, 111.
3.82000, 91.
3.83000, 57.
3.84000, 50.
3.85000, 54.
3.86000, 34.
3.87000, 50.
3.88000, 41.
3.89000, 44.
3.90000, 42.
3.91000, 45.
3.92000, 53.
3.93000, 66.
3.94000, 73.
3.95000, 109.
3.96000, 136.
3.97000, 166.
3.98000, 155.
3.99000, 183.
4.00000, 184.
4.01000, 218.
4.02000, 184.
4.03000, 219.
4.04000, 206.
4.05000, 187.
4.06000, 151.
4.07000, 137.
4.08000, 117.
4.09000, 101.
4.10000, 70.
4.11000, 58.
4.12000, 47.
4.13000, 53.
4.14000, 18.
4.15000, 36.
4.16000, 34.
4.17000, 33.
4.18000, 31.
4.19000, 22.
4.20000, 40.
4.21000, 24.
4.22000, 37.
4.23000, 27.
4.24000, 30.
4.25000, 25.
4.26000, 35.
4.27000, 33.
4.28000, 30.
4.29000, 36.
4.30000, 33.
4.31000, 31.
4.32000, 25.
4.33000, 40.
4.34000, 43.
4.35000, 37.
4.36000, 47.
4.37000, 53.
4.38000, 76.
4.39000, 93.
4.40000, 130.
4.41000, 153.
4.42000, 199.
4.43000, 268.
4.44000, 299.
4.45000, 356.
4.46000, 445.
4.47000, 451.
4.48000, 584.
4.49000, 612.
4.50000, 612.
4.51000, 621.
4.52000, 613.
4.53000, 639.
4.54000, 558.
4.55000, 530.
4.56000, 471.
4.57000, 391.
4.58000, 324.
4.59000, 266.
4.60000, 235.
4.61000, 186.
4.62000, 161.
4.63000, 142.
4.64000, 137.
4.65000, 123.
4.66000, 112.
4.67000, 116.
4.68000, 101.
4.69000, 68.
4.70000, 96.
4.71000, 68.
4.72000, 70.
4.73000, 69.
4.74000, 70.
4.75000, 78.
4.76000, 67.
4.77000, 78.
4.78000, 52.
4.79000, 66.
4.80000, 96.
4.81000, 71.
4.82000, 73.
4.83000, 85.
4.84000, 100.
4.85000, 95.
4.86000, 112.
4.87000, 118.
4.88000, 133.
4.89000, 133.
4.90000, 158.
4.91000, 144.
4.92000, 152.
4.93000, 175.
4.94000, 143.
4.95000, 155.
4.96000, 157.
4.97000, 134.
4.98000, 119.
4.99000, 105.
5.00000, 95.
5.01000, 95.
5.02000, 92.
5.03000, 79.
5.04000, 55.
5.05000, 70.
5.06000, 63.
5.07000, 48.
5.08000, 54.
5.09000, 58.
5.10000, 51.
5.11000, 65.
5.12000, 59.
5.13000, 60.
5.14000, 53.
5.15000, 67.
5.16000, 58.
5.17000, 51.
5.18000, 57.
5.19000, 55.
5.20000, 65.
5.21000, 55.
5.22000, 56.
5.23000, 47.
5.24000, 59.
5.25000, 56.
5.26000, 58.
5.27000, 63.
5.28000, 55.
5.29000, 56.
5.30000, 66.
5.31000, 57.
5.32000, 54.
5.33000, 58.
5.34000, 63.
5.35000, 68.
5.36000, 74.
5.37000, 65.
5.38000, 73.
5.39000, 63.
5.40000, 79.
5.41000, 77.
5.42000, 65.
5.43000, 71.
5.44000, 79.
5.45000, 65.
5.46000, 72.
5.47000, 75.
5.48000, 78.
5.49000, 53.
5.50000, 50.
5.51000, 78.
5.52000, 72.
5.53000, 65.
5.54000, 63.
5.55000, 59.
5.56000, 52.
5.57000, 60.
5.58000, 65.
5.59000, 49.
5.60000, 65.
5.61000, 69.
5.62000, 59.
5.63000, 55.
5.64000, 65.
5.65000, 51.
5.66000, 57.
5.67000, 53.
5.68000, 58.
5.69000, 72.
5.70000, 72.
5.71000, 64.
5.72000, 42.
5.73000, 58.
5.74000, 78.
5.75000, 89.
5.76000, 82.
5.77000, 100.
5.78000, 129.
5.79000, 155.
5.80000, 203.
5.81000, 213.
5.82000, 277.
5.83000, 326.
5.84000, 368.
5.85000, 413.
5.86000, 424.
5.87000, 442.
5.88000, 453.
5.89000, 511.
5.90000, 558.
5.91000, 537.
5.92000, 502.
5.93000, 469.
5.94000, 431.
5.95000, 367.
5.96000, 314.
5.97000, 250.
5.98000, 261.
5.99000, 219.
6.00000, 177.
6.01000, 135.
6.02000, 127.
6.03000, 111.
6.04000, 107.
6.05000, 77.
6.06000, 94.
6.07000, 84.
6.08000, 113.
6.09000, 93.
6.10000, 100.
6.11000, 103.
6.12000, 101.
6.13000, 90.
6.14000, 101.
6.15000, 118.
6.16000, 126.
6.17000, 140.
6.18000, 149.
6.19000, 180.
6.20000, 197.
6.21000, 261.
6.22000, 362.
6.23000, 509.
6.24000, 729.
6.25000, 983.
6.26000, 1414.
6.27000, 1921.
6.28000, 2569.
6.29000, 3354.
6.30000, 4401.
6.31000, 5549.
6.32000, 6980.
6.33000, 8473.
6.34000, 9959.
6.35000, 11502.
6.36000, 12979.
6.37000, 14078.
6.38000, 15125.
6.39000, 15315.
6.40000, 15658.
6.41000, 15681.
6.42000, 14665.
6.43000, 13785.
6.44000, 12478.
6.45000, 11214.
6.46000, 9477.
6.47000, 8095.
6.48000, 6623.
6.49000, 5282.
6.50000, 4191.
6.51000, 3261.
6.52000, 2437.
6.53000, 1747.
6.54000, 1277.
6.55000, 872.
6.56000, 643.
6.57000, 461.
6.58000, 326.
6.59000, 234.
6.60000, 173.
6.61000, 162.
6.62000, 117.
6.63000, 94.
6.64000, 120.
6.65000, 118.
6.66000, 113.
6.67000, 93.
6.68000, 93.
6.69000, 104.
6.70000, 96.
6.71000, 120.
6.72000, 108.
6.73000, 96.
6.74000, 107.
6.75000, 86.
6.76000, 114.
6.77000, 104.
6.78000, 116.
6.79000, 106.
6.80000, 115.
6.81000, 127.
6.82000, 136.
6.83000, 125.
6.84000, 141.
6.85000, 158.
6.86000, 178.
6.87000, 176.
6.88000, 205.
6.89000, 233.
6.90000, 300.
6.91000, 362.
6.92000, 453.
6.93000, 495.
6.94000, 653.
6.95000, 771.
6.96000, 976.
6.97000, 1150.
6.98000, 1377.
6.99000, 1624.
7.00000, 1822.
7.01000, 2070.
7.02000, 2258.
7.03000, 2392.
7.04000, 2470.
7.05000, 2523.
7.06000, 2530.
7.07000, 2465.
7.08000, 2357.
7.09000, 2242.
7.10000, 1936.
7.11000, 1842.
7.12000, 1444.
7.13000, 1305.
7.14000, 1023.
7.15000, 930.
7.16000, 707.
7.17000, 535.
7.18000, 419.
7.19000, 310.
7.20000, 260.
7.21000, 203.
7.22000, 165.
7.23000, 133.
7.24000, 102.
7.25000, 93.
7.26000, 98.
7.27000, 87.
7.28000, 62.
7.29000, 72.
7.30000, 73.
7.31000, 64.
7.32000, 59.
7.33000, 69.
7.34000, 68.
7.35000, 77.
7.36000, 77.
7.37000, 84.
7.38000, 65.
7.39000, 67.
7.40000, 70.
7.41000, 87.
7.42000, 77.
7.43000, 87.
7.44000, 68.
7.45000, 79.
7.46000, 74.
7.47000, 69.
7.48000, 67.
7.49000, 72.
7.50000, 62.
7.51000, 75.
7.52000, 80.
7.53000, 75.
7.54000, 55.
7.55000, 69.
7.56000, 77.
7.57000, 91.
7.58000, 72.
7.59000, 61.
7.60000, 72.
7.61000, 50.
7.62000, 67.
7.63000, 76.
7.64000, 71.
7.65000, 77.
7.66000, 67.
7.67000, 71.
7.68000, 70.
7.69000, 84.
7.70000, 80.
7.71000, 90.
7.72000, 65.
7.73000, 81.
7.74000, 77.
7.75000, 69.
7.76000, 82.
7.77000, 93.
7.78000, 76.
7.79000, 83.
7.80000, 84.
7.81000, 95.
7.82000, 89.
7.83000, 86.
7.84000, 103.
7.85000, 113.
7.86000, 112.
7.87000, 105.
7.88000, 121.
7.89000, 98.
7.90000, 101.
7.91000, 99.
7.92000, 102.
7.93000, 108.
7.94000, 113.
7.95000, 118.
7.96000, 111.
7.97000, 111.
7.98000, 112.
7.99000, 113.
8.00000, 146.
8.01000, 128.
8.02000, 156.
8.03000, 139.
8.04000, 135.
8.05000, 155.
8.06000, 127.
8.07000, 143.
8.08000, 154.
8.09000, 149.
8.10000, 131.
8.11000, 172.
8.12000, 149.
8.13000, 154.
8.14000, 137.
8.15000, 136.
8.16000, 127.
8.17000, 123.
8.18000, 124.
8.19000, 127.
8.20000, 122.
8.21000, 139.
8.22000, 117.
8.23000, 117.
8.24000, 97.
8.25000, 117.
8.26000, 108.
8.27000, 104.
8.28000, 99.
8.29000, 120.
8.30000, 107.
8.31000, 118.
8.32000, 99.
8.33000, 99.
8.34000, 92.
8.35000, 118.
8.36000, 110.
8.37000, 106.
8.38000, 104.
8.39000, 108.
8.40000, 95.
8.41000, 91.
8.42000, 107.
8.43000, 125.
8.44000, 129.
8.45000, 115.
8.46000, 96.
8.47000, 103.
8.48000, 118.
8.49000, 92.
8.50000, 106.
8.51000, 102.
8.52000, 107.
8.53000, 144.
8.54000, 126.
8.55000, 121.
8.56000, 158.
8.57000, 138.
8.58000, 147.
8.59000, 152.
8.60000, 146.
8.61000, 142.
8.62000, 176.
8.63000, 163.
8.64000, 168.
8.65000, 153.
8.66000, 180.
8.67000, 151.
8.68000, 136.
8.69000, 140.
8.70000, 140.
8.71000, 122.
8.72000, 131.
8.73000, 113.
8.74000, 127.
8.75000, 123.
8.76000, 116.
8.77000, 117.
8.78000, 115.
8.79000, 132.
8.80000, 106.
8.81000, 103.
8.82000, 90.
8.83000, 94.
8.84000, 113.
8.85000, 97.
8.86000, 140.
8.87000, 114.
8.88000, 106.
8.89000, 123.
8.90000, 107.
8.91000, 106.
8.92000, 119.
8.93000, 119.
8.94000, 101.
8.95000, 98.
8.96000, 125.
8.97000, 102.
8.98000, 88.
8.99000, 116.
9.00000, 110.
9.01000, 121.
9.02000, 125.
9.03000, 115.
9.04000, 107.
9.05000, 95.
9.06000, 132.
9.07000, 108.
9.08000, 118.
9.09000, 111.
9.10000, 111.
9.11000, 98.
9.12000, 122.
9.13000, 108.
9.14000, 141.
9.15000, 131.
9.16000, 103.
9.17000, 127.
9.18000, 123.
9.19000, 130.
9.20000, 116.
9.21000, 134.
9.22000, 133.
9.23000, 114.
9.24000, 146.
9.25000, 132.
9.26000, 131.
9.27000, 141.
9.28000, 123.
9.29000, 128.
9.30000, 114.
9.31000, 107.
9.32000, 130.
9.33000, 101.
9.34000, 124.
9.35000, 123.
9.36000, 126.
9.37000, 112.
9.38000, 140.
9.39000, 117.
9.40000, 110.
9.41000, 148.
9.42000, 116.
9.43000, 109.
9.44000, 129.
9.45000, 105.
9.46000, 106.
9.47000, 122.
9.48000, 131.
9.49000, 118.
9.50000, 110.
9.51000, 131.
9.52000, 130.
9.53000, 121.
9.54000, 138.
9.55000, 135.
9.56000, 131.
9.57000, 123.
9.58000, 148.
9.59000, 140.
9.60000, 126.
9.61000, 124.
9.62000, 115.
9.63000, 128.
9.64000, 120.
9.65000, 129.
9.66000, 119.
9.67000, 144.
9.68000, 131.
9.69000, 124.
9.70000, 126.
9.71000, 134.
9.72000, 125.
9.73000, 116.
9.74000, 125.
9.75000, 120.
9.76000, 125.
9.77000, 127.
9.78000, 138.
9.79000, 121.
9.80000, 143.
9.81000, 113.
9.82000, 139.
9.83000, 114.
9.84000, 102.
9.85000, 143.
9.86000, 115.
9.87000, 119.
9.88000, 113.
9.89000, 104.
9.90000, 113.
9.91000, 133.
9.92000, 108.
9.93000, 130.
9.94000, 113.
9.95000, 137.
9.96000, 125.
9.97000, 123.
9.98000, 120.
9.99000, 115.
10.00000, 129.
10.01000, 127.
10.02000, 120.
10.03000, 143.
10.04000, 138.
10.05000, 123.
10.06000, 125.
10.07000, 126.
10.08000, 116.
10.09000, 127.
10.10000, 130.
10.11000, 130.
10.12000, 137.
10.13000, 109.
10.14000, 141.
10.15000, 119.
10.16000, 135.
10.17000, 118.
10.18000, 150.
10.19000, 125.
10.20000, 117.
10.21000, 124.
10.22000, 128.
10.23000, 127.
10.24000, 124.
10.25000, 127.
10.26000, 129.
10.27000, 113.
10.28000, 126.
10.29000, 117.
10.30000, 127.
10.31000, 120.
10.32000, 135.
10.33000, 128.
10.34000, 115.
10.35000, 133.
10.36000, 113.
10.37000, 159.
10.38000, 114.
10.39000, 152.
10.40000, 136.
10.41000, 136.
10.42000, 115.
10.43000, 150.
10.44000, 135.
10.45000, 118.
10.46000, 130.
10.47000, 122.
10.48000, 147.
10.49000, 144.
10.50000, 155.
10.51000, 132.
10.52000, 144.
10.53000, 155.
10.54000, 167.
10.55000, 133.
10.56000, 152.
10.57000, 152.
10.58000, 155.
10.59000, 152.
10.60000, 141.
10.61000, 142.
10.62000, 133.
10.63000, 141.
10.64000, 118.
10.65000, 111.
10.66000, 113.
10.67000, 138.
10.68000, 109.
10.69000, 125.
10.70000, 132.
10.71000, 126.
10.72000, 127.
10.73000, 132.
10.74000, 108.
10.75000, 116.
10.76000, 111.
10.77000, 122.
10.78000, 120.
10.79000, 113.
10.80000, 119.
10.81000, 116.
10.82000, 119.
10.83000, 139.
10.84000, 120.
10.85000, 141.
10.86000, 120.
10.87000, 129.
10.88000, 114.
10.89000, 127.
10.90000, 133.
10.91000, 111.
10.92000, 146.
10.93000, 111.
10.94000, 121.
10.95000, 139.
10.96000, 150.
10.97000, 134.
10.98000, 126.
10.99000, 148.
11.00000, 128.
11.01000, 126.
11.02000, 118.
11.03000, 156.
11.04000, 116.
11.05000, 135.
11.06000, 135.
11.07000, 132.
11.08000, 108.
11.09000, 147.
11.10000, 149.
11.11000, 123.
11.12000, 138.
11.13000, 130.
11.14000, 137.
11.15000, 132.
11.16000, 125.
11.17000, 143.
11.18000, 140.
11.19000, 133.
11.20000, 130.
11.21000, 110.
11.22000, 122.
11.23000, 155.
11.24000, 142.
11.25000, 139.
11.26000, 128.
11.27000, 122.
11.28000, 149.
11.29000, 143.
11.30000, 124.
11.31000, 130.
11.32000, 134.
11.33000, 138.
11.34000, 133.
11.35000, 123.
11.36000, 144.
11.37000, 155.
11.38000, 133.
11.39000, 125.
11.40000, 162.
11.41000, 133.
11.42000, 150.
11.43000, 140.
11.44000, 124.
11.45000, 152.
11.46000, 141.
11.47000, 110.
11.48000, 132.
11.49000, 135.
11.50000, 131.
11.51000, 127.
11.52000, 157.
11.53000, 121.
11.54000, 138.
11.55000, 148.
11.56000, 138.
11.57000, 114.
11.58000, 145.
11.59000, 135.
11.60000, 157.
11.61000, 134.
11.62000, 138.
11.63000, 114.
11.64000, 148.
11.65000, 152.
11.66000, 157.
11.67000, 132.
11.68000, 135.
11.69000, 139.
11.70000, 145.
11.71000, 149.
11.72000, 161.
11.73000, 140.
11.74000, 137.
11.75000, 129.
11.76000, 141.
11.77000, 138.
11.78000, 149.
11.79000, 163.
11.80000, 152.
11.81000, 118.
11.82000, 151.
11.83000, 136.
11.84000, 153.
11.85000, 149.
11.86000, 144.
11.87000, 151.
11.88000, 154.
11.89000, 145.
11.90000, 138.
11.91000, 142.
11.92000, 162.
11.93000, 121.
11.94000, 128.
11.95000, 141.
11.96000, 146.
11.97000, 159.
11.98000, 150.
11.99000, 156.
12.00000, 135.
12.01000, 141.
12.02000, 150.
12.03000, 141.
12.04000, 133.
12.05000, 130.
12.06000, 130.
12.07000, 149.
12.08000, 124.
12.09000, 148.
12.10000, 145.
12.11000, 145.
12.12000, 135.
12.13000, 140.
12.14000, 129.
12.15000, 134.
12.16000, 140.
12.17000, 135.
12.18000, 142.
12.19000, 133.
12.20000, 135.
12.21000, 121.
12.22000, 136.
12.23000, 166.
12.24000, 142.
12.25000, 164.
12.26000, 174.
12.27000, 139.
12.28000, 162.
12.29000, 128.
12.30000, 143.
12.31000, 139.
12.32000, 142.
12.33000, 138.
12.34000, 142.
12.35000, 129.
12.36000, 137.
12.37000, 137.
12.38000, 138.
12.39000, 137.
12.40000, 144.
12.41000, 113.
12.42000, 138.
12.43000, 159.
12.44000, 145.
12.45000, 147.
12.46000, 160.
12.47000, 152.
12.48000, 126.
12.49000, 171.
12.50000, 156.
12.51000, 152.
12.52000, 148.
12.53000, 153.
12.54000, 161.
12.55000, 158.
12.56000, 122.
12.57000, 140.
12.58000, 154.
12.59000, 160.
12.60000, 152.
12.61000, 164.
12.62000, 147.
12.63000, 165.
12.64000, 155.
12.65000, 181.
12.66000, 167.
12.67000, 175.
12.68000, 161.
12.69000, 165.
12.70000, 152.
12.71000, 174.
12.72000, 154.
12.73000, 187.
12.74000, 153.
12.75000, 175.
12.76000, 167.
12.77000, 185.
12.78000, 165.
12.79000, 195.
12.80000, 210.
12.81000, 184.
12.82000, 187.
12.83000, 161.
12.84000, 176.
12.85000, 164.
12.86000, 189.
12.87000, 163.
12.88000, 207.
12.89000, 181.
12.90000, 183.
12.91000, 169.
12.92000, 142.
12.93000, 162.
12.94000, 165.
12.95000, 160.
12.96000, 151.
12.97000, 185.
12.98000, 176.
12.99000, 136.
13.00000, 122.
13.01000, 134.
13.02000, 136.
13.03000, 152.
13.04000, 132.
13.05000, 144.
13.06000, 173.
13.07000, 140.
13.08000, 126.
13.09000, 166.
13.10000, 159.
13.11000, 146.
13.12000, 150.
13.13000, 151.
13.14000, 135.
13.15000, 164.
13.16000, 162.
13.17000, 136.
13.18000, 150.
13.19000, 141.
13.20000, 152.
13.21000, 163.
13.22000, 181.
13.23000, 180.
13.24000, 169.
13.25000, 172.
13.26000, 169.
13.27000, 177.
13.28000, 154.
13.29000, 176.
13.30000, 191.
13.31000, 200.
13.32000, 204.
13.33000, 208.
13.34000, 206.
13.35000, 222.
13.36000, 200.
13.37000, 229.
13.38000, 208.
13.39000, 200.
13.40000, 208.
13.41000, 182.
13.42000, 202.
13.43000, 181.
13.44000, 185.
13.45000, 189.
13.46000, 177.
13.47000, 181.
13.48000, 161.
13.49000, 157.
13.50000, 170.
13.51000, 174.
13.52000, 135.
13.53000, 186.
13.54000, 174.
13.55000, 179.
13.56000, 134.
13.57000, 165.
13.58000, 162.
13.59000, 158.
13.60000, 138.
13.61000, 154.
13.62000, 130.
13.63000, 154.
13.64000, 161.
13.65000, 154.
13.66000, 141.
13.67000, 156.
13.68000, 153.
13.69000, 136.
13.70000, 163.
13.71000, 167.
13.72000, 145.
13.73000, 141.
13.74000, 171.
13.75000, 158.
13.76000, 152.
13.77000, 160.
13.78000, 135.
13.79000, 156.
13.80000, 124.
13.81000, 150.
13.82000, 159.
13.83000, 156.
13.84000, 152.
13.85000, 181.
13.86000, 148.
13.87000, 163.
13.88000, 142.
13.89000, 145.
13.90000, 165.
13.91000, 163.
13.92000, 151.
13.93000, 185.
13.94000, 172.
13.95000, 208.
13.96000, 184.
13.97000, 223.
13.98000, 208.
13.99000, 239.
14.00000, 277.
14.01000, 283.
14.02000, 283.
14.03000, 342.
14.04000, 342.
14.05000, 342.
14.06000, 366.
14.07000, 400.
14.08000, 381.
14.09000, 404.
14.10000, 427.
14.11000, 407.
14.12000, 398.
14.13000, 419.
14.14000, 435.
14.15000, 434.
14.16000, 412.
14.17000, 420.
14.18000, 378.
14.19000, 361.
14.20000, 353.
14.21000, 344.
14.22000, 290.
14.23000, 258.
14.24000, 264.
14.25000, 241.
14.26000, 238.
14.27000, 223.
14.28000, 223.
14.29000, 216.
14.30000, 195.
14.31000, 193.
14.32000, 172.
14.33000, 147.
14.34000, 148.
14.35000, 169.
14.36000, 145.
14.37000, 161.
14.38000, 138.
14.39000, 166.
14.40000, 153.
14.41000, 162.
14.42000, 133.
14.43000, 130.
14.44000, 124.
14.45000, 131.
14.46000, 150.
14.47000, 144.
14.48000, 132.
14.49000, 158.
14.50000, 141.
14.51000, 135.
14.52000, 153.
14.53000, 148.
14.54000, 153.
14.55000, 142.
14.56000, 141.
14.57000, 139.
14.58000, 152.
14.59000, 137.
14.60000, 138.
14.61000, 127.
14.62000, 136.
14.63000, 130.
14.64000, 137.
14.65000, 139.
14.66000, 140.
14.67000, 155.
14.68000, 156.
14.69000, 152.
14.70000, 163.
14.71000, 164.
14.72000, 156.
14.73000, 149.
14.74000, 173.
14.75000, 147.
14.76000, 153.
14.77000, 148.
14.78000, 157.
14.79000, 156.
14.80000, 126.
14.81000, 177.
14.82000, 185.
14.83000, 176.
14.84000, 151.
14.85000, 168.
14.86000, 173.
14.87000, 189.
14.88000, 189.
14.89000, 179.
14.90000, 174.
14.91000, 189.
14.92000, 198.
14.93000, 163.
14.94000, 173.
14.95000, 159.
14.96000, 163.
14.97000, 159.
14.98000, 183.
14.99000, 168.
15.00000, 163.
15.01000, 199.
15.02000, 171.
15.03000, 156.
15.04000, 168.
15.05000, 151.
15.06000, 164.
15.07000, 164.
15.08000, 162.
15.09000, 139.
15.10000, 162.
15.11000, 155.
15.12000, 158.
15.13000, 144.
15.14000, 167.
15.15000, 153.
15.16000, 166.
15.17000, 142.
15.18000, 132.
15.19000, 150.
15.20000, 161.
15.21000, 164.
15.22000, 149.
15.23000, 145.
15.24000, 152.
15.25000, 138.
15.26000, 156.
15.27000, 127.
15.28000, 178.
15.29000, 147.
15.30000, 127.
15.31000, 142.
15.32000, 164.
15.33000, 159.
15.34000, 131.
15.35000, 152.
15.36000, 154.
15.37000, 157.
15.38000, 142.
15.39000, 159.
15.40000, 165.
15.41000, 153.
15.42000, 142.
15.43000, 151.
15.44000, 142.
15.45000, 138.
15.46000, 145.
15.47000, 140.
15.48000, 174.
15.49000, 166.
15.50000, 180.
15.51000, 182.
15.52000, 206.
15.53000, 229.
15.54000, 208.
15.55000, 257.
15.56000, 272.
15.57000, 269.
15.58000, 314.
15.59000, 344.
15.60000, 399.
15.61000, 392.
15.62000, 447.
15.63000, 519.
15.64000, 488.
15.65000, 566.
15.66000, 574.
15.67000, 590.
15.68000, 622.
15.69000, 613.
15.70000, 597.
15.71000, 672.
15.72000, 708.
15.73000, 685.
15.74000, 727.
15.75000, 666.
15.76000, 677.
15.77000, 642.
15.78000, 589.
15.79000, 582.
15.80000, 623.
15.81000, 590.
15.82000, 506.
15.83000, 498.
15.84000, 456.
15.85000, 419.
15.86000, 366.
15.87000, 348.
15.88000, 328.
15.89000, 278.
15.90000, 272.
15.91000, 243.
15.92000, 260.
15.93000, 223.
15.94000, 211.
15.95000, 186.
15.96000, 181.
15.97000, 170.
15.98000, 183.
15.99000, 153.
16.00000, 157.
16.01000, 169.
16.02000, 140.
16.03000, 140.
16.04000, 161.
16.05000, 178.
16.06000, 149.
16.07000, 145.
16.08000, 154.
16.09000, 158.
16.10000, 172.
16.11000, 166.
16.12000, 163.
16.13000, 167.
16.14000, 147.
16.15000, 142.
16.16000, 129.
16.17000, 145.
16.18000, 128.
16.19000, 142.
16.20000, 143.
16.21000, 142.
16.22000, 155.
16.23000, 159.
16.24000, 158.
16.25000, 159.
16.26000, 144.
16.27000, 152.
16.28000, 134.
16.29000, 149.
16.30000, 124.
16.31000, 141.
16.32000, 147.
16.33000, 137.
16.34000, 155.
16.35000, 137.
16.36000, 131.
16.37000, 161.
16.38000, 126.
16.39000, 146.
16.40000, 147.
16.41000, 157.
16.42000, 156.
16.43000, 149.
16.44000, 132.
16.45000, 140.
16.46000, 151.
16.47000, 134.
16.48000, 150.
16.49000, 138.
16.50000, 139.
16.51000, 144.
16.52000, 148.
16.53000, 157.
16.54000, 161.
16.55000, 166.
16.56000, 171.
16.57000, 159.
16.58000, 164.
16.59000, 139.
16.60000, 158.
16.61000, 132.
16.62000, 138.
16.63000, 139.
16.64000, 155.
16.65000, 176.
16.66000, 143.
16.67000, 160.
16.68000, 162.
16.69000, 168.
16.70000, 143.
16.71000, 168.
16.72000, 146.
16.73000, 128.
16.74000, 160.
16.75000, 137.
16.76000, 137.
16.77000, 174.
16.78000, 155.
16.79000, 140.
16.80000, 177.
16.81000, 165.
16.82000, 155.
16.83000, 163.
16.84000, 161.
16.85000, 143.
16.86000, 147.
16.87000, 136.
16.88000, 140.
16.89000, 143.
16.90000, 149.
16.91000, 139.
16.92000, 134.
16.93000, 154.
16.94000, 140.
16.95000, 154.
16.96000, 161.
16.97000, 127.
16.98000, 152.
16.99000, 146.
17.00000, 150.
17.01000, 122.
17.02000, 128.
17.03000, 137.
17.04000, 154.
17.05000, 153.
17.06000, 154.
17.07000, 141.
17.08000, 134.
17.09000, 150.
17.10000, 154.
17.11000, 158.
17.12000, 149.
17.13000, 129.
17.14000, 162.
17.15000, 133.
17.16000, 130.
17.17000, 152.
17.18000, 171.
17.19000, 151.
17.20000, 152.
17.21000, 148.
17.22000, 133.
17.23000, 170.
17.24000, 172.
17.25000, 172.
17.26000, 174.
17.27000, 160.
17.28000, 153.
17.29000, 146.
17.30000, 179.
17.31000, 151.
17.32000, 162.
17.33000, 166.
17.34000, 179.
17.35000, 152.
17.36000, 182.
17.37000, 179.
17.38000, 153.
17.39000, 146.
17.40000, 164.
17.41000, 194.
17.42000, 167.
17.43000, 169.
17.44000, 176.
17.45000, 176.
17.46000, 191.
17.47000, 153.
17.48000, 188.
17.49000, 204.
17.50000, 190.
17.51000, 168.
17.52000, 200.
17.53000, 222.
17.54000, 189.
17.55000, 208.
17.56000, 206.
17.57000, 232.
17.58000, 237.
17.59000, 246.
17.60000, 248.
17.61000, 260.
17.62000, 251.
17.63000, 269.
17.64000, 290.
17.65000, 280.
17.66000, 260.
17.67000, 254.
17.68000, 268.
17.69000, 227.
17.70000, 236.
17.71000, 234.
17.72000, 225.
17.73000, 231.
17.74000, 238.
17.75000, 227.
17.76000, 211.
17.77000, 210.
17.78000, 224.
17.79000, 193.
17.80000, 220.
17.81000, 212.
17.82000, 196.
17.83000, 227.
17.84000, 198.
17.85000, 207.
17.86000, 200.
17.87000, 201.
17.88000, 199.
17.89000, 196.
17.90000, 195.
17.91000, 206.
17.92000, 217.
17.93000, 228.
17.94000, 213.
17.95000, 229.
17.96000, 201.
17.97000, 206.
17.98000, 217.
17.99000, 237.
18.00000, 220.
18.01000, 232.
18.02000, 235.
18.03000, 213.
18.04000, 219.
18.05000, 215.
18.06000, 236.
18.07000, 255.
18.08000, 254.
18.09000, 223.
18.10000, 272.
18.11000, 262.
18.12000, 232.
18.13000, 235.
18.14000, 231.
18.15000, 235.
18.16000, 253.
18.17000, 266.
18.18000, 279.
18.19000, 270.
18.20000, 256.
18.21000, 290.
18.22000, 277.
18.23000, 288.
18.24000, 305.
18.25000, 305.
18.26000, 305.
18.27000, 310.
18.28000, 287.
18.29000, 289.
18.30000, 332.
18.31000, 334.
18.32000, 327.
18.33000, 354.
18.34000, 363.
18.35000, 374.
18.36000, 369.
18.37000, 389.
18.38000, 391.
18.39000, 385.
18.40000, 388.
18.41000, 458.
18.42000, 428.
18.43000, 475.
18.44000, 501.
18.45000, 503.
18.46000, 501.
18.47000, 512.
18.48000, 552.
18.49000, 555.
18.50000, 551.
18.51000, 593.
18.52000, 538.
18.53000, 586.
18.54000, 623.
18.55000, 608.
18.56000, 666.
18.57000, 674.
18.58000, 728.
18.59000, 736.
18.60000, 668.
18.61000, 697.
18.62000, 764.
18.63000, 732.
18.64000, 797.
18.65000, 762.
18.66000, 833.
18.67000, 840.
18.68000, 824.
18.69000, 818.
18.70000, 815.
18.71000, 852.
18.72000, 850.
18.73000, 910.
18.74000, 853.
18.75000, 807.
18.76000, 872.
18.77000, 884.
18.78000, 870.
18.79000, 865.
18.80000, 914.
18.81000, 912.
18.82000, 849.
18.83000, 901.
18.84000, 872.
18.85000, 858.
18.86000, 841.
18.87000, 832.
18.88000, 824.
18.89000, 817.
18.90000, 816.
18.91000, 806.
18.92000, 824.
18.93000, 810.
18.94000, 784.
18.95000, 737.
18.96000, 753.
18.97000, 747.
18.98000, 741.
18.99000, 752.
19.00000, 721.
19.01000, 665.
19.02000, 605.
19.03000, 694.
19.04000, 617.
19.05000, 606.
19.06000, 604.
19.07000, 571.
19.08000, 552.
19.09000, 564.
19.10000, 518.
19.11000, 535.
19.12000, 528.
19.13000, 484.
19.14000, 489.
19.15000, 425.
19.16000, 453.
19.17000, 404.
19.18000, 439.
19.19000, 413.
19.20000, 381.
19.21000, 402.
19.22000, 350.
19.23000, 355.
19.24000, 360.
19.25000, 338.
19.26000, 370.
19.27000, 349.
19.28000, 338.
19.29000, 303.
19.30000, 288.
19.31000, 298.
19.32000, 279.
19.33000, 266.
19.34000, 250.
19.35000, 265.
19.36000, 309.
19.37000, 260.
19.38000, 247.
19.39000, 289.
19.40000, 247.
19.41000, 282.
19.42000, 218.
19.43000, 252.
19.44000, 248.
19.45000, 229.
19.46000, 231.
19.47000, 236.
19.48000, 242.
19.49000, 208.
19.50000, 203.
19.51000, 216.
19.52000, 210.
19.53000, 189.
19.54000, 211.
19.55000, 188.
19.56000, 192.
19.57000, 191.
19.58000, 218.
19.59000, 191.
19.60000, 187.
19.61000, 194.
19.62000, 185.
19.63000, 183.
19.64000, 146.
19.65000, 197.
19.66000, 182.
19.67000, 170.
19.68000, 185.
19.69000, 193.
19.70000, 161.
19.71000, 176.
19.72000, 147.
19.73000, 182.
19.74000, 158.
19.75000, 158.
19.76000, 182.
19.77000, 164.
19.78000, 163.
19.79000, 153.
19.80000, 178.
19.81000, 156.
19.82000, 160.
19.83000, 174.
19.84000, 174.
19.85000, 178.
19.86000, 189.
19.87000, 194.
19.88000, 209.
19.89000, 212.
19.90000, 197.
19.91000, 240.
19.92000, 253.
19.93000, 237.
19.94000, 281.
19.95000, 295.
19.96000, 282.
19.97000, 308.
19.98000, 309.
19.99000, 355.
20.00000, 393.
20.01000, 382.
20.02000, 366.
20.03000, 429.
20.04000, 459.
20.05000, 462.
20.06000, 460.
20.07000, 486.
20.08000, 527.
20.09000, 536.
20.10000, 499.
20.11000, 506.
20.12000, 532.
20.13000, 525.
20.14000, 483.
20.15000, 562.
20.16000, 576.
20.17000, 513.
20.18000, 503.
20.19000, 500.
20.20000, 543.
20.21000, 536.
20.22000, 528.
20.23000, 504.
20.24000, 415.
20.25000, 403.
20.26000, 403.
20.27000, 352.
20.28000, 374.
20.29000, 356.
20.30000, 269.
20.31000, 274.
20.32000, 252.
20.33000, 244.
20.34000, 228.
20.35000, 225.
20.36000, 217.
20.37000, 189.
20.38000, 172.
20.39000, 174.
20.40000, 165.
20.41000, 171.
20.42000, 165.
20.43000, 143.
20.44000, 174.
20.45000, 170.
20.46000, 154.
20.47000, 142.
20.48000, 167.
20.49000, 152.
20.50000, 152.
20.51000, 171.
20.52000, 159.
20.53000, 166.
20.54000, 141.
20.55000, 140.
20.56000, 159.
20.57000, 148.
20.58000, 166.
20.59000, 177.
20.60000, 166.
20.61000, 187.
20.62000, 176.
20.63000, 151.
20.64000, 180.
20.65000, 182.
20.66000, 164.
20.67000, 190.
20.68000, 192.
20.69000, 170.
20.70000, 198.
20.71000, 195.
20.72000, 199.
20.73000, 210.
20.74000, 210.
20.75000, 212.
20.76000, 194.
20.77000, 220.
20.78000, 217.
20.79000, 231.
20.80000, 199.
20.81000, 205.
20.82000, 210.
20.83000, 208.
20.84000, 222.
20.85000, 217.
20.86000, 221.
20.87000, 228.
20.88000, 218.
20.89000, 234.
20.90000, 222.
20.91000, 225.
20.92000, 214.
20.93000, 239.
20.94000, 275.
20.95000, 249.
20.96000, 254.
20.97000, 248.
20.98000, 252.
20.99000, 251.
21.00000, 227.
21.01000, 252.
21.02000, 216.
21.03000, 251.
21.04000, 224.
21.05000, 265.
21.06000, 223.
21.07000, 257.
21.08000, 217.
21.09000, 241.
21.10000, 242.
21.11000, 247.
21.12000, 223.
21.13000, 231.
21.14000, 232.
21.15000, 236.
21.16000, 214.
21.17000, 231.
21.18000, 201.
21.19000, 205.
21.20000, 190.
21.21000, 200.
21.22000, 205.
21.23000, 194.
21.24000, 209.
21.25000, 214.
21.26000, 192.
21.27000, 188.
21.28000, 178.
21.29000, 190.
21.30000, 182.
21.31000, 205.
21.32000, 170.
21.33000, 180.
21.34000, 160.
21.35000, 167.
21.36000, 173.
21.37000, 164.
21.38000, 189.
21.39000, 173.
21.40000, 156.
21.41000, 143.
21.42000, 133.
21.43000, 154.
21.44000, 151.
21.45000, 145.
21.46000, 141.
21.47000, 131.
21.48000, 145.
21.49000, 152.
21.50000, 148.
21.51000, 121.
21.52000, 150.
21.53000, 116.
21.54000, 92.
21.55000, 123.
21.56000, 136.
21.57000, 136.
21.58000, 117.
21.59000, 115.
21.60000, 135.
21.61000, 129.
21.62000, 109.
21.63000, 134.
21.64000, 139.
21.65000, 120.
21.66000, 126.
21.67000, 120.
21.68000, 113.
21.69000, 101.
21.70000, 121.
21.71000, 105.
21.72000, 112.
21.73000, 122.
21.74000, 102.
21.75000, 95.
21.76000, 104.
21.77000, 107.
21.78000, 120.
21.79000, 105.
21.80000, 118.
21.81000, 98.
21.82000, 111.
21.83000, 121.
21.84000, 94.
21.85000, 97.
21.86000, 95.
21.87000, 100.
21.88000, 104.
21.89000, 90.
21.90000, 108.
21.91000, 84.
21.92000, 121.
21.93000, 97.
21.94000, 86.
21.95000, 89.
21.96000, 88.
21.97000, 93.
21.98000, 100.
21.99000, 77.
22.00000, 87.
22.01000, 82.
22.02000, 99.
22.03000, 95.
22.04000, 93.
22.05000, 112.
22.06000, 94.
22.07000, 83.
22.08000, 92.
22.09000, 112.
22.10000, 83.
22.11000, 85.
22.12000, 91.
22.13000, 87.
22.14000, 93.
22.15000, 82.
22.16000, 106.
22.17000, 99.
22.18000, 93.
22.19000, 82.
22.20000, 84.
22.21000, 78.
22.22000, 102.
22.23000, 102.
22.24000, 66.
22.25000, 73.
22.26000, 84.
22.27000, 87.
22.28000, 69.
22.29000, 89.
22.30000, 98.
22.31000, 90.
22.32000, 95.
22.33000, 98.
22.34000, 86.
22.35000, 75.
22.36000, 66.
22.37000, 77.
22.38000, 81.
22.39000, 70.
22.40000, 87.
22.41000, 78.
22.42000, 76.
22.43000, 96.
22.44000, 82.
22.45000, 101.
22.46000, 83.
22.47000, 106.
22.48000, 88.
22.49000, 71.
22.50000, 86.
22.51000, 107.
22.52000, 98.
22.53000, 116.
22.54000, 105.
22.55000, 124.
22.56000, 121.
22.57000, 122.
22.58000, 120.
22.59000, 109.
22.60000, 134.
22.61000, 134.
22.62000, 134.
22.63000, 142.
22.64000, 130.
22.65000, 135.
22.66000, 142.
22.67000, 151.
22.68000, 137.
22.69000, 149.
22.70000, 131.
22.71000, 134.
22.72000, 128.
22.73000, 121.
22.74000, 121.
22.75000, 116.
22.76000, 109.
22.77000, 130.
22.78000, 128.
22.79000, 107.
22.80000, 106.
22.81000, 112.
22.82000, 94.
22.83000, 101.
22.84000, 110.
22.85000, 91.
22.86000, 91.
22.87000, 83.
22.88000, 87.
22.89000, 98.
22.90000, 88.
22.91000, 70.
22.92000, 79.
22.93000, 63.
22.94000, 84.
22.95000, 73.
22.96000, 75.
22.97000, 90.
22.98000, 88.
22.99000, 83.
23.00000, 84.
23.01000, 72.
23.02000, 77.
23.03000, 75.
23.04000, 60.
23.05000, 76.
23.06000, 83.
23.07000, 79.
23.08000, 93.
23.09000, 84.
23.10000, 83.
23.11000, 75.
23.12000, 80.
23.13000, 85.
23.14000, 66.
23.15000, 68.
23.16000, 76.
23.17000, 88.
23.18000, 95.
23.19000, 81.
23.20000, 76.
23.21000, 61.
23.22000, 79.
23.23000, 76.
23.24000, 62.
23.25000, 71.
23.26000, 67.
23.27000, 65.
23.28000, 82.
23.29000, 67.
23.30000, 64.
23.31000, 69.
23.32000, 65.
23.33000, 64.
23.34000, 74.
23.35000, 79.
23.36000, 67.
23.37000, 76.
23.38000, 70.
23.39000, 72.
23.40000, 74.
23.41000, 72.
23.42000, 66.
23.43000, 59.
23.44000, 57.
23.45000, 64.
23.46000, 68.
23.47000, 45.
23.48000, 61.
23.49000, 78.
23.50000, 63.
23.51000, 65.
23.52000, 70.
23.53000, 73.
23.54000, 58.
23.55000, 58.
23.56000, 74.
23.57000, 67.
23.58000, 77.
23.59000, 63.
23.60000, 62.
23.61000, 84.
23.62000, 69.
23.63000, 64.
23.64000, 77.
23.65000, 62.
23.66000, 65.
23.67000, 60.
23.68000, 75.
23.69000, 69.
23.70000, 76.
23.71000, 68.
23.72000, 76.
23.73000, 71.
23.74000, 59.
23.75000, 71.
23.76000, 58.
23.77000, 59.
23.78000, 78.
23.79000, 68.
23.80000, 54.
23.81000, 66.
23.82000, 67.
23.83000, 66.
23.84000, 63.
23.85000, 76.
23.86000, 71.
23.87000, 78.
23.88000, 66.
23.89000, 77.
23.90000, 57.
23.91000, 64.
23.92000, 43.
23.93000, 75.
23.94000, 78.
23.95000, 55.
23.96000, 71.
23.97000, 45.
23.98000, 60.
23.99000, 78.
24.00000, 61.
24.01000, 59.
24.02000, 71.
24.03000, 63.
24.04000, 64.
24.05000, 65.
24.06000, 55.
24.07000, 57.
24.08000, 43.
24.09000, 59.
24.10000, 64.
24.11000, 68.
24.12000, 74.
24.13000, 70.
24.14000, 60.
24.15000, 71.
24.16000, 50.
24.17000, 54.
24.18000, 61.
24.19000, 67.
24.20000, 80.
24.21000, 58.
24.22000, 63.
24.23000, 58.
24.24000, 69.
24.25000, 71.
24.26000, 56.
24.27000, 68.
24.28000, 70.
24.29000, 55.
24.30000, 49.
24.31000, 59.
24.32000, 52.
24.33000, 65.
24.34000, 41.
24.35000, 77.
24.36000, 63.
24.37000, 64.
24.38000, 58.
24.39000, 59.
24.40000, 62.
24.41000, 53.
24.42000, 69.
24.43000, 52.
24.44000, 57.
24.45000, 74.
24.46000, 60.
24.47000, 81.
24.48000, 57.
24.49000, 68.
24.50000, 53.
24.51000, 60.
24.52000, 54.
24.53000, 74.
24.54000, 52.
24.55000, 50.
24.56000, 58.
24.57000, 54.
24.58000, 59.
24.59000, 53.
24.60000, 63.
24.61000, 65.
24.62000, 52.
24.63000, 72.
24.64000, 54.
24.65000, 59.
24.66000, 52.
24.67000, 79.
24.68000, 64.
24.69000, 65.
24.70000, 63.
24.71000, 54.
24.72000, 67.
24.73000, 64.
24.74000, 57.
24.75000, 69.
24.76000, 67.
24.77000, 62.
24.78000, 52.
24.79000, 69.
24.80000, 74.
24.81000, 62.
24.82000, 51.
24.83000, 60.
24.84000, 55.
24.85000, 58.
24.86000, 69.
24.87000, 66.
24.88000, 65.
24.89000, 62.
24.90000, 55.
24.91000, 50.
24.92000, 83.
24.93000, 57.
24.94000, 75.
24.95000, 65.
24.96000, 61.
24.97000, 66.
24.98000, 58.
24.99000, 80.
25.00000, 61.
25.01000, 65.
25.02000, 58.
25.03000, 57.
25.04000, 59.
25.05000, 67.
25.06000, 56.
25.07000, 74.
25.08000, 84.
25.09000, 64.
25.10000, 72.
25.11000, 67.
25.12000, 81.
25.13000, 61.
25.14000, 61.
25.15000, 61.
25.16000, 65.
25.17000, 66.
25.18000, 78.
25.19000, 71.
25.20000, 59.
25.21000, 69.
25.22000, 61.
25.23000, 66.
25.24000, 73.
25.25000, 71.
25.26000, 60.
25.27000, 71.
25.28000, 65.
25.29000, 81.
25.30000, 65.
25.31000, 75.
25.32000, 64.
25.33000, 67.
25.34000, 68.
25.35000, 61.
25.36000, 58.
25.37000, 73.
25.38000, 55.
25.39000, 59.
25.40000, 62.
25.41000, 77.
25.42000, 56.
25.43000, 56.
25.44000, 59.
25.45000, 52.
25.46000, 67.
25.47000, 75.
25.48000, 54.
25.49000, 59.
25.50000, 50.
25.51000, 57.
25.52000, 62.
25.53000, 51.
25.54000, 51.
25.55000, 41.
25.56000, 51.
25.57000, 53.
25.58000, 74.
25.59000, 66.
25.60000, 53.
25.61000, 49.
25.62000, 63.
25.63000, 52.
25.64000, 53.
25.65000, 55.
25.66000, 64.
25.67000, 63.
25.68000, 52.
25.69000, 58.
25.70000, 57.
25.71000, 57.
25.72000, 68.
25.73000, 58.
25.74000, 58.
25.75000, 47.
25.76000, 63.
25.77000, 52.
25.78000, 51.
25.79000, 52.
25.80000, 51.
25.81000, 54.
25.82000, 41.
25.83000, 60.
25.84000, 48.
25.85000, 59.
25.86000, 72.
25.87000, 46.
25.88000, 60.
25.89000, 48.
25.90000, 57.
25.91000, 53.
25.92000, 65.
25.93000, 60.
25.94000, 51.
25.95000, 44.
25.96000, 54.
25.97000, 62.
25.98000, 51.
25.99000, 55.
26.00000, 65.
26.01000, 59.
26.02000, 57.
26.03000, 51.
26.04000, 43.
26.05000, 63.
26.06000, 54.
26.07000, 61.
26.08000, 43.
26.09000, 53.
26.10000, 47.
26.11000, 55.
26.12000, 61.
26.13000, 63.
26.14000, 52.
26.15000, 58.
26.16000, 62.
26.17000, 73.
26.18000, 49.
26.19000, 58.
26.20000, 56.
26.21000, 51.
26.22000, 54.
26.23000, 52.
26.24000, 42.
26.25000, 49.
26.26000, 60.
26.27000, 56.
26.28000, 44.
26.29000, 61.
26.30000, 45.
26.31000, 53.
26.32000, 38.
26.33000, 44.
26.34000, 51.
26.35000, 58.
26.36000, 57.
26.37000, 53.
26.38000, 62.
26.39000, 48.
26.40000, 56.
26.41000, 57.
26.42000, 46.
26.43000, 62.
26.44000, 62.
26.45000, 49.
26.46000, 56.
26.47000, 51.
26.48000, 56.
26.49000, 60.
26.50000, 58.
26.51000, 50.
26.52000, 51.
26.53000, 53.
26.54000, 65.
26.55000, 52.
26.56000, 67.
26.57000, 61.
26.58000, 46.
26.59000, 53.
26.60000, 52.
26.61000, 47.
26.62000, 60.
26.63000, 70.
26.64000, 57.
26.65000, 44.
26.66000, 54.
26.67000, 49.
26.68000, 57.
26.69000, 48.
26.70000, 50.
26.71000, 54.
26.72000, 49.
26.73000, 48.
26.74000, 62.
26.75000, 61.
26.76000, 47.
26.77000, 41.
26.78000, 51.
26.79000, 58.
26.80000, 38.
26.81000, 51.
26.82000, 44.
26.83000, 47.
26.84000, 50.
26.85000, 50.
26.86000, 46.
26.87000, 40.
26.88000, 58.
26.89000, 43.
26.90000, 54.
26.91000, 48.
26.92000, 43.
26.93000, 47.
26.94000, 54.
26.95000, 41.
26.96000, 47.
26.97000, 59.
26.98000, 48.
26.99000, 59.
27.00000, 55.
27.01000, 55.
27.02000, 44.
27.03000, 45.
27.04000, 42.
27.05000, 59.
27.06000, 50.
27.07000, 45.
27.08000, 51.
27.09000, 59.
27.10000, 37.
27.11000, 60.
27.12000, 57.
27.13000, 55.
27.14000, 61.
27.15000, 54.
27.16000, 42.
27.17000, 46.
27.18000, 59.
27.19000, 49.
27.20000, 45.
27.21000, 58.
27.22000, 35.
27.23000, 43.
27.24000, 62.
27.25000, 57.
27.26000, 41.
27.27000, 44.
27.28000, 37.
27.29000, 46.
27.30000, 48.
27.31000, 47.
27.32000, 47.
27.33000, 46.
27.34000, 56.
27.35000, 46.
27.36000, 44.
27.37000, 61.
27.38000, 56.
27.39000, 54.
27.40000, 42.
27.41000, 38.
27.42000, 54.
27.43000, 61.
27.44000, 47.
27.45000, 57.
27.46000, 41.
27.47000, 41.
27.48000, 60.
27.49000, 50.
27.50000, 32.
27.51000, 44.
27.52000, 47.
27.53000, 45.
27.54000, 45.
27.55000, 40.
27.56000, 41.
27.57000, 56.
27.58000, 49.
27.59000, 50.
27.60000, 56.
27.61000, 50.
27.62000, 54.
27.63000, 46.
27.64000, 60.
27.65000, 49.
27.66000, 52.
27.67000, 53.
27.68000, 49.
27.69000, 51.
27.70000, 34.
27.71000, 46.
27.72000, 46.
27.73000, 43.
27.74000, 41.
27.75000, 44.
27.76000, 53.
27.77000, 52.
27.78000, 43.
27.79000, 38.
27.80000, 42.
27.81000, 32.
27.82000, 37.
27.83000, 50.
27.84000, 46.
27.85000, 52.
27.86000, 57.
27.87000, 30.
27.88000, 41.
27.89000, 37.
27.90000, 38.
27.91000, 49.
27.92000, 48.
27.93000, 31.
27.94000, 42.
27.95000, 43.
27.96000, 37.
27.97000, 43.
27.98000, 37.
27.99000, 45.
28.00000, 34.
28.01000, 47.
28.02000, 47.
28.03000, 47.
28.04000, 53.
28.05000, 49.
28.06000, 51.
28.07000, 43.
28.08000, 39.
28.09000, 55.
28.10000, 45.
28.11000, 53.
28.12000, 40.
28.13000, 50.
28.14000, 35.
28.15000, 43.
28.16000, 44.
28.17000, 47.
28.18000, 38.
28.19000, 58.
28.20000, 51.
28.21000, 46.
28.22000, 45.
28.23000, 34.
28.24000, 32.
28.25000, 46.
28.26000, 32.
28.27000, 51.
28.28000, 39.
28.29000, 43.
28.30000, 54.
28.31000, 54.
28.32000, 52.
28.33000, 45.
28.34000, 41.
28.35000, 51.
28.36000, 38.
28.37000, 41.
28.38000, 46.
28.39000, 44.
28.40000, 38.
28.41000, 46.
28.42000, 43.
28.43000, 36.
28.44000, 53.
28.45000, 47.
28.46000, 37.
28.47000, 48.
28.48000, 43.
28.49000, 26.
28.50000, 45.
28.51000, 54.
28.52000, 38.
28.53000, 37.
28.54000, 49.
28.55000, 37.
28.56000, 47.
28.57000, 42.
28.58000, 41.
28.59000, 43.
28.60000, 55.
28.61000, 49.
28.62000, 41.
28.63000, 39.
28.64000, 39.
28.65000, 44.
28.66000, 43.
28.67000, 39.
28.68000, 42.
28.69000, 37.
28.70000, 38.
28.71000, 40.
28.72000, 48.
28.73000, 32.
28.74000, 43.
28.75000, 42.
28.76000, 44.
28.77000, 31.
28.78000, 43.
28.79000, 50.
28.80000, 44.
28.81000, 38.
28.82000, 44.
28.83000, 37.
28.84000, 37.
28.85000, 45.
28.86000, 46.
28.87000, 28.
28.88000, 44.
28.89000, 33.
28.90000, 36.
28.91000, 31.
28.92000, 36.
28.93000, 41.
28.94000, 46.
28.95000, 36.
28.96000, 24.
28.97000, 41.
28.98000, 51.
28.99000, 41.
29.00000, 44.
29.01000, 45.
29.02000, 36.
29.03000, 35.
29.04000, 54.
29.05000, 30.
29.06000, 43.
29.07000, 40.
29.08000, 40.
29.09000, 50.
29.10000, 46.
29.11000, 51.
29.12000, 46.
29.13000, 40.
29.14000, 43.
29.15000, 41.
29.16000, 28.
29.17000, 36.
29.18000, 37.
29.19000, 40.
29.20000, 30.
29.21000, 36.
29.22000, 37.
29.23000, 44.
29.24000, 37.
29.25000, 32.
29.26000, 52.
29.27000, 46.
29.28000, 38.
29.29000, 43.
29.30000, 38.
29.31000, 43.
29.32000, 35.
29.33000, 30.
29.34000, 28.
29.35000, 48.
29.36000, 32.
29.37000, 30.
29.38000, 56.
29.39000, 32.
29.40000, 41.
29.41000, 28.
29.42000, 46.
29.43000, 40.
29.44000, 37.
29.45000, 30.
29.46000, 48.
29.47000, 41.
29.48000, 30.
29.49000, 38.
29.50000, 35.
29.51000, 31.
29.52000, 35.
29.53000, 39.
29.54000, 36.
29.55000, 24.
29.56000, 32.
29.57000, 40.
29.58000, 38.
29.59000, 32.
29.60000, 28.
29.61000, 33.
29.62000, 52.
29.63000, 35.
29.64000, 39.
29.65000, 30.
29.66000, 43.
29.67000, 37.
29.68000, 39.
29.69000, 33.
29.70000, 27.
29.71000, 30.
29.72000, 25.
29.73000, 44.
29.74000, 34.
29.75000, 30.
29.76000, 36.
29.77000, 43.
29.78000, 35.
29.79000, 38.
29.80000, 23.
29.81000, 40.
29.82000, 41.
29.83000, 38.
29.84000, 39.
29.85000, 34.
29.86000, 34.
29.87000, 33.
29.88000, 27.
29.89000, 31.
29.90000, 29.
29.91000, 31.
29.92000, 36.
29.93000, 35.
29.94000, 35.
29.95000, 27.
29.96000, 36.
29.97000, 39.
29.98000, 42.
29.99000, 33.
30.00000, 43.
30.01000, 28.
30.02000, 41.
30.03000, 27.
30.04000, 27.
30.05000, 30.
30.06000, 33.
30.07000, 38.
30.08000, 42.
30.09000, 32.
30.10000, 35.
30.11000, 38.
30.12000, 35.
30.13000, 35.
30.14000, 30.
30.15000, 34.
30.16000, 25.
30.17000, 30.
30.18000, 38.
30.19000, 41.
30.20000, 38.
30.21000, 33.
30.22000, 30.
30.23000, 29.
30.24000, 27.
30.25000, 36.
30.26000, 43.
30.27000, 34.
30.28000, 36.
30.29000, 35.
30.30000, 37.
30.31000, 27.
30.32000, 40.
30.33000, 29.
30.34000, 44.
30.35000, 45.
30.36000, 30.
30.37000, 30.
30.38000, 42.
30.39000, 36.
30.40000, 26.
30.41000, 35.
30.42000, 33.
30.43000, 28.
30.44000, 38.
30.45000, 33.
30.46000, 29.
30.47000, 36.
30.48000, 26.
30.49000, 32.
30.50000, 27.
30.51000, 26.
30.52000, 31.
30.53000, 28.
30.54000, 33.
30.55000, 35.
30.56000, 23.
30.57000, 47.
30.58000, 40.
30.59000, 35.
30.60000, 20.
30.61000, 30.
30.62000, 30.
30.63000, 31.
30.64000, 36.
30.65000, 30.
30.66000, 30.
30.67000, 23.
30.68000, 31.
30.69000, 36.
30.70000, 39.
30.71000, 28.
30.72000, 35.
30.73000, 33.
30.74000, 20.
30.75000, 34.
30.76000, 34.
30.77000, 30.
30.78000, 30.
30.79000, 34.
30.80000, 39.
30.81000, 30.
30.82000, 36.
30.83000, 32.
30.84000, 32.
30.85000, 29.
30.86000, 38.
30.87000, 20.
30.88000, 30.
30.89000, 36.
30.90000, 26.
30.91000, 41.
30.92000, 33.
30.93000, 25.
30.94000, 35.
30.95000, 26.
30.96000, 38.
30.97000, 36.
30.98000, 26.
30.99000, 31.
31.00000, 24.
31.01000, 42.
31.02000, 29.
31.03000, 26.
31.04000, 32.
31.05000, 20.
31.06000, 26.
31.07000, 27.
31.08000, 36.
31.09000, 27.
31.10000, 33.
31.11000, 37.
31.12000, 32.
31.13000, 25.
31.14000, 26.
31.15000, 28.
31.16000, 25.
31.17000, 28.
31.18000, 28.
31.19000, 23.
31.20000, 32.
31.21000, 28.
31.22000, 33.
31.23000, 34.
31.24000, 32.
31.25000, 29.
31.26000, 31.
31.27000, 26.
31.28000, 26.
31.29000, 32.
31.30000, 21.
31.31000, 21.
31.32000, 29.
31.33000, 34.
31.34000, 38.
31.35000, 25.
31.36000, 33.
31.37000, 26.
31.38000, 31.
31.39000, 26.
31.40000, 31.
31.41000, 23.
31.42000, 30.
31.43000, 25.
31.44000, 30.
31.45000, 33.
31.46000, 35.
31.47000, 34.
31.48000, 35.
31.49000, 28.
31.50000, 34.
31.51000, 25.
31.52000, 33.
31.53000, 35.
31.54000, 27.
31.55000, 30.
31.56000, 32.
31.57000, 38.
31.58000, 26.
31.59000, 34.
31.60000, 27.
31.61000, 28.
31.62000, 25.
31.63000, 36.
31.64000, 36.
31.65000, 34.
31.66000, 32.
31.67000, 28.
31.68000, 35.
31.69000, 49.
31.70000, 34.
31.71000, 28.
31.72000, 21.
31.73000, 31.
31.74000, 29.
31.75000, 33.
31.76000, 29.
31.77000, 33.
31.78000, 40.
31.79000, 34.
31.80000, 35.
31.81000, 33.
31.82000, 33.
31.83000, 33.
31.84000, 21.
31.85000, 23.
31.86000, 33.
31.87000, 33.
31.88000, 29.
31.89000, 18.
31.90000, 30.
31.91000, 41.
31.92000, 33.
31.93000, 25.
31.94000, 37.
31.95000, 31.
31.96000, 24.
31.97000, 31.
31.98000, 40.
31.99000, 31.
32.00000, 42.
32.01000, 39.
32.02000, 46.
32.03000, 27.
32.04000, 33.
32.05000, 29.
32.06000, 25.
32.07000, 48.
32.08000, 40.
32.09000, 38.
32.10000, 23.
32.11000, 36.
32.12000, 34.
32.13000, 29.
32.14000, 32.
32.15000, 33.
32.16000, 30.
32.17000, 29.
32.18000, 38.
32.19000, 44.
32.20000, 29.
32.21000, 32.
32.22000, 34.
32.23000, 35.
32.24000, 35.
32.25000, 35.
32.26000, 25.
32.27000, 39.
32.28000, 25.
32.29000, 27.
32.30000, 24.
32.31000, 33.
32.32000, 23.
32.33000, 23.
32.34000, 30.
32.35000, 30.
32.36000, 27.
32.37000, 23.
32.38000, 26.
32.39000, 29.
32.40000, 21.
32.41000, 27.
32.42000, 29.
32.43000, 35.
32.44000, 12.
32.45000, 27.
32.46000, 31.
32.47000, 27.
32.48000, 27.
32.49000, 20.
32.50000, 20.
32.51000, 38.
32.52000, 33.
32.53000, 29.
32.54000, 22.
32.55000, 22.
32.56000, 25.
32.57000, 22.
32.58000, 24.
32.59000, 19.
32.60000, 19.
32.61000, 21.
32.62000, 15.
32.63000, 30.
32.64000, 37.
32.65000, 27.
32.66000, 22.
32.67000, 20.
32.68000, 20.
32.69000, 25.
32.70000, 27.
32.71000, 26.
32.72000, 17.
32.73000, 17.
32.74000, 28.
32.75000, 25.
32.76000, 27.
32.77000, 30.
32.78000, 29.
32.79000, 29.
32.80000, 25.
32.81000, 21.
32.82000, 24.
32.83000, 30.
32.84000, 25.
32.85000, 23.
32.86000, 15.
32.87000, 35.
32.88000, 29.
32.89000, 27.
32.90000, 24.
32.91000, 19.
32.92000, 19.
32.93000, 21.
32.94000, 25.
32.95000, 23.
32.96000, 18.
32.97000, 21.
32.98000, 20.
32.99000, 21.
33.00000, 28.
33.01000, 21.
33.02000, 25.
33.03000, 23.
33.04000, 24.
33.05000, 30.
33.06000, 21.
33.07000, 21.
33.08000, 23.
33.09000, 29.
33.10000, 24.
33.11000, 25.
33.12000, 20.
33.13000, 15.
33.14000, 26.
33.15000, 24.
33.16000, 19.
33.17000, 24.
33.18000, 18.
33.19000, 21.
33.20000, 26.
33.21000, 20.
33.22000, 31.
33.23000, 18.
33.24000, 23.
33.25000, 20.
33.26000, 27.
33.27000, 21.
33.28000, 26.
33.29000, 17.
33.30000, 21.
33.31000, 17.
33.32000, 28.
33.33000, 26.
33.34000, 26.
33.35000, 19.
33.36000, 27.
33.37000, 23.
33.38000, 18.
33.39000, 23.
33.40000, 21.
33.41000, 23.
33.42000, 12.
33.43000, 31.
33.44000, 26.
33.45000, 14.
33.46000, 26.
33.47000, 17.
33.48000, 20.
33.49000, 12.
33.50000, 22.
33.51000, 26.
33.52000, 16.
33.53000, 14.
33.54000, 18.
33.55000, 17.
33.56000, 16.
33.57000, 15.
33.58000, 14.
33.59000, 21.
33.60000, 16.
33.61000, 25.
33.62000, 23.
33.63000, 22.
33.64000, 13.
33.65000, 25.
33.66000, 18.
33.67000, 11.
33.68000, 17.
33.69000, 22.
33.70000, 21.
33.71000, 19.
33.72000, 18.
33.73000, 24.
33.74000, 16.
33.75000, 27.
33.76000, 24.
33.77000, 15.
33.78000, 16.
33.79000, 27.
33.80000, 10.
33.81000, 20.
33.82000, 21.
33.83000, 15.
33.84000, 21.
33.85000, 17.
33.86000, 19.
33.87000, 12.
33.88000, 17.
33.89000, 21.
33.90000, 18.
33.91000, 25.
33.92000, 17.
33.93000, 14.
33.94000, 24.
33.95000, 18.
33.96000, 25.
33.97000, 16.
33.98000, 16.
33.99000, 14.
34.00000, 27.
34.01000, 20.
34.02000, 29.
34.03000, 24.
34.04000, 16.
34.05000, 17.
34.06000, 14.
34.07000, 25.
34.08000, 14.
34.09000, 20.
34.10000, 14.
34.11000, 14.
34.12000, 10.
34.13000, 22.
34.14000, 13.
34.15000, 24.
34.16000, 24.
34.17000, 11.
34.18000, 17.
34.19000, 20.
34.20000, 21.
34.21000, 18.
34.22000, 19.
34.23000, 22.
34.24000, 12.
34.25000, 15.
34.26000, 15.
34.27000, 18.
34.28000, 19.
34.29000, 16.
34.30000, 21.
34.31000, 26.
34.32000, 15.
34.33000, 12.
34.34000, 13.
34.35000, 31.
34.36000, 18.
34.37000, 15.
34.38000, 7.
34.39000, 13.
34.40000, 23.
34.41000, 21.
34.42000, 16.
34.43000, 17.
34.44000, 19.
34.45000, 19.
34.46000, 14.
34.47000, 14.
34.48000, 22.
34.49000, 18.
34.50000, 12.
34.51000, 12.
34.52000, 11.
34.53000, 16.
34.54000, 20.
34.55000, 15.
34.56000, 29.
34.57000, 19.
34.58000, 16.
34.59000, 13.
34.60000, 15.
34.61000, 16.
34.62000, 19.
34.63000, 19.
34.64000, 29.
34.65000, 19.
34.66000, 22.
34.67000, 12.
34.68000, 22.
34.69000, 14.
34.70000, 23.
34.71000, 27.
34.72000, 23.
34.73000, 22.
34.74000, 31.
34.75000, 14.
34.76000, 27.
34.77000, 13.
34.78000, 21.
34.79000, 13.
34.80000, 20.
34.81000, 19.
34.82000, 17.
34.83000, 23.
34.84000, 21.
34.85000, 19.
34.86000, 17.
34.87000, 14.
34.88000, 16.
34.89000, 12.
34.90000, 13.
34.91000, 13.
34.92000, 15.
34.93000, 15.
34.94000, 11.
34.95000, 14.
34.96000, 19.
34.97000, 18.
34.98000, 14.
34.99000, 11.
35.00000, 14.
35.01000, 9.
35.02000, 11.
35.03000, 11.
35.04000, 12.
35.05000, 16.
35.06000, 14.
35.07000, 11.
35.08000, 17.
35.09000, 21.
35.10000, 23.
35.11000, 16.
35.12000, 22.
35.13000, 14.
35.14000, 21.
35.15000, 21.
35.16000, 11.
35.17000, 16.
35.18000, 11.
35.19000, 14.
35.20000, 16.
35.21000, 16.
35.22000, 19.
35.23000, 19.
35.24000, 12.
35.25000, 15.
35.26000, 19.
35.27000, 16.
35.28000, 15.
35.29000, 23.
35.30000, 20.
35.31000, 17.
35.32000, 14.
35.33000, 15.
35.34000, 17.
35.35000, 10.
35.36000, 13.
35.37000, 14.
35.38000, 19.
35.39000, 15.
35.40000, 11.
35.41000, 9.
35.42000, 17.
35.43000, 9.
35.44000, 12.
35.45000, 13.
35.46000, 11.
35.47000, 14.
35.48000, 23.
35.49000, 18.
35.50000, 15.
35.51000, 12.
35.52000, 13.
35.53000, 17.
35.54000, 8.
35.55000, 20.
35.56000, 8.
35.57000, 20.
35.58000, 15.
35.59000, 15.
35.60000, 11.
35.61000, 17.
35.62000, 16.
35.63000, 13.
35.64000, 13.
35.65000, 12.
35.66000, 18.
35.67000, 7.
35.68000, 14.
35.69000, 13.
35.70000, 8.
35.71000, 8.
35.72000, 14.
35.73000, 13.
35.74000, 13.
35.75000, 10.
35.76000, 12.
35.77000, 12.
35.78000, 14.
35.79000, 10.
35.80000, 14.
35.81000, 15.
35.82000, 9.
35.83000, 15.
35.84000, 20.
35.85000, 13.
35.86000, 16.
35.87000, 7.
35.88000, 16.
35.89000, 16.
35.90000, 12.
35.91000, 12.
35.92000, 12.
35.93000, 18.
35.94000, 12.
35.95000, 8.
35.96000, 13.
35.97000, 16.
35.98000, 15.
35.99000, 16.
36.00000, 12.
36.01000, 11.
36.02000, 15.
36.03000, 11.
36.04000, 8.
36.05000, 15.
36.06000, 10.
36.07000, 17.
36.08000, 17.
36.09000, 19.
36.10000, 16.
36.11000, 15.
36.12000, 14.
36.13000, 18.
36.14000, 7.
36.15000, 19.
36.16000, 12.
36.17000, 21.
36.18000, 16.
36.19000, 18.
36.20000, 21.
36.21000, 18.
36.22000, 8.
36.23000, 19.
36.24000, 18.
36.25000, 17.
36.26000, 15.
36.27000, 13.
36.28000, 12.
36.29000, 11.
36.30000, 14.
36.31000, 8.
36.32000, 15.
36.33000, 6.
36.34000, 14.
36.35000, 7.
36.36000, 12.
36.37000, 12.
36.38000, 9.
36.39000, 12.
36.40000, 11.
36.41000, 21.
36.42000, 11.
36.43000, 13.
36.44000, 12.
36.45000, 16.
36.46000, 14.
36.47000, 11.
36.48000, 11.
36.49000, 8.
36.50000, 15.
36.51000, 16.
36.52000, 9.
36.53000, 18.
36.54000, 9.
36.55000, 17.
36.56000, 14.
36.57000, 13.
36.58000, 19.
36.59000, 8.
36.60000, 11.
36.61000, 14.
36.62000, 19.
36.63000, 13.
36.64000, 13.
36.65000, 13.
36.66000, 10.
36.67000, 9.
36.68000, 12.
36.69000, 5.
36.70000, 13.
36.71000, 14.
36.72000, 10.
36.73000, 11.
36.74000, 11.
36.75000, 14.
36.76000, 14.
36.77000, 8.
36.78000, 5.
36.79000, 15.
36.80000, 15.
36.81000, 11.
36.82000, 10.
36.83000, 8.
36.84000, 9.
36.85000, 7.
36.86000, 20.
36.87000, 18.
36.88000, 16.
36.89000, 7.
36.90000, 11.
36.91000, 12.
36.92000, 5.
36.93000, 10.
36.94000, 12.
36.95000, 13.
36.96000, 14.
36.97000, 6.
36.98000, 15.
36.99000, 12.
37.00000, 10.
37.01000, 9.
37.02000, 13.
37.03000, 9.
37.04000, 8.
37.05000, 24.
37.06000, 12.
37.07000, 17.
37.08000, 10.
37.09000, 5.
37.10000, 11.
37.11000, 7.
37.12000, 7.
37.13000, 12.
37.14000, 16.
37.15000, 7.
37.16000, 20.
37.17000, 9.
37.18000, 9.
37.19000, 8.
37.20000, 15.
37.21000, 8.
37.22000, 9.
37.23000, 10.
37.24000, 9.
37.25000, 8.
37.26000, 11.
37.27000, 10.
37.28000, 13.
37.29000, 10.
37.30000, 7.
37.31000, 5.
37.32000, 14.
37.33000, 15.
37.34000, 11.
37.35000, 11.
37.36000, 7.
37.37000, 5.
37.38000, 7.
37.39000, 7.
37.40000, 9.
37.41000, 9.
37.42000, 14.
37.43000, 13.
37.44000, 5.
37.45000, 3.
37.46000, 12.
37.47000, 15.
37.48000, 12.
37.49000, 10.
37.50000, 11.
37.51000, 12.
37.52000, 9.
37.53000, 8.
37.54000, 7.
37.55000, 7.
37.56000, 9.
37.57000, 9.
37.58000, 11.
37.59000, 12.
37.60000, 7.
37.61000, 14.
37.62000, 8.
37.63000, 13.
37.64000, 5.
37.65000, 12.
37.66000, 14.
37.67000, 7.
37.68000, 10.
37.69000, 7.
37.70000, 13.
37.71000, 11.
37.72000, 5.
37.73000, 6.
37.74000, 15.
37.75000, 15.
37.76000, 10.
37.77000, 14.
37.78000, 8.
37.79000, 10.
37.80000, 8.
37.81000, 8.
37.82000, 11.
37.83000, 10.
37.84000, 5.
37.85000, 7.
37.86000, 7.
37.87000, 10.
37.88000, 12.
37.89000, 8.
37.90000, 7.
37.91000, 4.
37.92000, 12.
37.93000, 8.
37.94000, 14.
37.95000, 11.
37.96000, 7.
37.97000, 4.
37.98000, 11.
37.99000, 11.
38.00000, 9.
38.01000, 9.
38.02000, 5.
38.03000, 11.
38.04000, 11.
38.05000, 9.
38.06000, 13.
38.07000, 8.
38.08000, 11.
38.09000, 8.
38.10000, 11.
38.11000, 13.
38.12000, 8.
38.13000, 14.
38.14000, 10.
38.15000, 9.
38.16000, 13.
38.17000, 5.
38.18000, 11.
38.19000, 5.
38.20000, 8.
38.21000, 5.
38.22000, 8.
38.23000, 8.
38.24000, 12.
38.25000, 9.
38.26000, 7.
38.27000, 11.
38.28000, 9.
38.29000, 12.
38.30000, 8.
38.31000, 12.
38.32000, 3.
38.33000, 12.
38.34000, 12.
38.35000, 7.
38.36000, 11.
38.37000, 10.
38.38000, 10.
38.39000, 9.
38.40000, 8.
38.41000, 10.
38.42000, 5.
38.43000, 10.
38.44000, 9.
38.45000, 10.
38.46000, 7.
38.47000, 6.
38.48000, 5.
38.49000, 4.
38.50000, 12.
38.51000, 3.
38.52000, 8.
38.53000, 10.
38.54000, 7.
38.55000, 7.
38.56000, 7.
38.57000, 12.
38.58000, 6.
38.59000, 11.
38.60000, 4.
38.61000, 7.
38.62000, 8.
38.63000, 12.
38.64000, 4.
38.65000, 13.
38.66000, 5.
38.67000, 7.
38.68000, 5.
38.69000, 8.
38.70000, 9.
38.71000, 6.
38.72000, 7.
38.73000, 8.
38.74000, 8.
38.75000, 5.
38.76000, 5.
38.77000, 9.
38.78000, 5.
38.79000, 3.
38.80000, 9.
38.81000, 8.
38.82000, 12.
38.83000, 6.
38.84000, 3.
38.85000, 5.
38.86000, 5.
38.87000, 4.
38.88000, 7.
38.89000, 8.
38.90000, 8.
38.91000, 6.
38.92000, 4.
38.93000, 6.
38.94000, 4.
38.95000, 6.
38.96000, 8.
38.97000, 15.
38.98000, 3.
38.99000, 5.
39.00000, 7.
39.01000, 5.
39.02000, 5.
39.03000, 9.
39.04000, 7.
39.05000, 8.
39.06000, 9.
39.07000, 9.
39.08000, 7.
39.09000, 7.
39.10000, 2.
39.11000, 3.
39.12000, 6.
39.13000, 14.
39.14000, 7.
39.15000, 6.
39.16000, 4.
39.17000, 10.
39.18000, 8.
39.19000, 9.
39.20000, 5.
39.21000, 9.
39.22000, 3.
39.23000, 4.
39.24000, 3.
39.25000, 14.
39.26000, 9.
39.27000, 10.
39.28000, 10.
39.29000, 3.
39.30000, 4.
39.31000, 8.
39.32000, 6.
39.33000, 4.
39.34000, 4.
39.35000, 8.
39.36000, 7.
39.37000, 4.
39.38000, 6.
39.39000, 3.
39.40000, 3.
39.41000, 15.
39.42000, 9.
39.43000, 7.
39.44000, 5.
39.45000, 6.
39.46000, 4.
39.47000, 3.
39.48000, 6.
39.49000, 5.
39.50000, 9.
39.51000, 6.
39.52000, 5.
39.53000, 4.
39.54000, 3.
39.55000, 3.
39.56000, 9.
39.57000, 5.
39.58000, 5.
39.59000, 2.
39.60000, 7.
39.61000, 4.
39.62000, 3.
39.63000, 5.
39.64000, 5.
39.65000, 10.
39.66000, 4.
39.67000, 8.
39.68000, 7.
39.69000, 8.
39.70000, 8.
39.71000, 3.
39.72000, 4.
39.73000, 5.
39.74000, 5.
39.75000, 1.
39.76000, 6.
39.77000, 6.
39.78000, 5.
39.79000, 9.
39.80000, 3.
39.81000, 6.
39.82000, 4.
39.83000, 2.
39.84000, 5.
39.85000, 6.
39.86000, 3.
39.87000, 6.
39.88000, 4.
39.89000, 0.
39.90000, 6.
39.91000, 7.
39.92000, 6.
39.93000, 11.
39.94000, 4.
39.95000, 4.
39.96000, 6.
39.97000, 3.
39.98000, 6.
39.99000, 3.
40.00000, 7.
40.01000, 4.
40.02000, 4.
40.03000, 5.
40.04000, 4.
40.05000, 5.
40.06000, 5.
40.07000, 2.
40.08000, 8.
40.09000, 3.
40.10000, 7.
40.11000, 6.
40.12000, 5.
40.13000, 7.
40.14000, 2.
40.15000, 3.
40.16000, 6.
40.17000, 4.
40.18000, 3.
40.19000, 5.
40.20000, 7.
40.21000, 4.
40.22000, 9.
40.23000, 9.
40.24000, 2.
40.25000, 2.
40.26000, 4.
40.27000, 8.
40.28000, 5.
40.29000, 7.
40.30000, 3.
40.31000, 6.
40.32000, 8.
40.33000, 3.
40.34000, 6.
40.35000, 5.
40.36000, 3.
40.37000, 2.
40.38000, 3.
40.39000, 4.
40.40000, 5.
40.41000, 4.
40.42000, 5.
40.43000, 2.
40.44000, 2.
40.45000, 4.
40.46000, 7.
40.47000, 2.
40.48000, 1.
40.49000, 5.
40.50000, 2.
40.51000, 7.
40.52000, 2.
40.53000, 1.
40.54000, 1.
40.55000, 0.
#ENDOFDATA   : 
