#FORMAT      : EMSA/MAS Spectral Data File
#VERSION     : 1.0
#TITLE       : Spectrum 6
#DATE        : 21-AUG-2025
#TIME        : 15:10
#OWNER       : XGT7200
#NPOINTS     : 4096.
#NCOLUMNS    : 1.
#XUNITS      : keV
#YUNITS      : counts
#DATATYPE    : XY
#XPERCHAN    : 0.0100000
#OFFSET      : -0.400000
#SIGNALTYPE  : EDS
#CHOFFSET    : 40.0000
#LIVETIME    : 30.000000
#REALTIME    : 39.622654
#BEAMKV      : 50.0000
#PROBECUR    : 707000.
#MAGCAM      : 100.000
#XTILTSTGE   : 0.0
#AZIMANGLE   : 0.0
#ELEVANGLE   : 45.0
#XPOSITION mm: 0.0000
#YPOSITION mm: 0.0000
#ZPOSITION mm: 0.0000
##OXINSTPT   : 4
##OXINSTSTROB: 71.98
#SPECTRUM    : Spectral Data Starts Here
-0.40000, 0.
-0.39000, 0.
-0.38000, 0.
-0.37000, 0.
-0.36000, 0.
-0.35000, 0.
-0.34000, 0.
-0.33000, 0.
-0.32000, 0.
-0.31000, 0.
-0.30000, 0.
-0.29000, 0.
-0.28000, 0.
-0.27000, 0.
-0.26000, 0.
-0.25000, 0.
-0.24000, 0.
-0.23000, 0.
-0.22000, 0.
-0.21000, 0.
-0.20000, 0.
-0.19000, 0.
-0.18000, 0.
-0.17000, 0.
-0.16000, 0.
-0.15000, 0.
-0.14000, 0.
-0.13000, 0.
-0.12000, 0.
-0.11000, 0.
-0.10000, 0.
-0.09000, 0.
-0.08000, 0.
-0.07000, 0.
-0.06000, 0.
-0.05000, 0.
-0.04000, 0.
-0.03000, 0.
-0.02000, 0.
-0.01000, 0.
0.00000, 0.
0.01000, 0.
0.02000, 0.
0.03000, 0.
0.04000, 0.
0.05000, 0.
0.06000, 0.
0.07000, 0.
0.08000, 0.
0.09000, 0.
0.10000, 0.
0.11000, 0.
0.12000, 0.
0.13000, 0.
0.14000, 0.
0.15000, 0.
0.16000, 0.
0.17000, 0.
0.18000, 0.
0.19000, 0.
0.20000, 0.
0.21000, 0.
0.22000, 0.
0.23000, 0.
0.24000, 0.
0.25000, 0.
0.26000, 0.
0.27000, 0.
0.28000, 0.
0.29000, 0.
0.30000, 0.
0.31000, 0.
0.32000, 0.
0.33000, 0.
0.34000, 3.
0.35000, 1.
0.36000, 2.
0.37000, 5.
0.38000, 10.
0.39000, 18.
0.40000, 23.
0.41000, 34.
0.42000, 25.
0.43000, 36.
0.44000, 43.
0.45000, 30.
0.46000, 45.
0.47000, 55.
0.48000, 45.
0.49000, 36.
0.50000, 44.
0.51000, 44.
0.52000, 39.
0.53000, 41.
0.54000, 35.
0.55000, 44.
0.56000, 39.
0.57000, 34.
0.58000, 39.
0.59000, 39.
0.60000, 36.
0.61000, 43.
0.62000, 42.
0.63000, 50.
0.64000, 35.
0.65000, 42.
0.66000, 32.
0.67000, 45.
0.68000, 33.
0.69000, 37.
0.70000, 37.
0.71000, 35.
0.72000, 32.
0.73000, 42.
0.74000, 34.
0.75000, 29.
0.76000, 33.
0.77000, 37.
0.78000, 48.
0.79000, 37.
0.80000, 35.
0.81000, 42.
0.82000, 31.
0.83000, 29.
0.84000, 26.
0.85000, 44.
0.86000, 44.
0.87000, 33.
0.88000, 45.
0.89000, 45.
0.90000, 31.
0.91000, 44.
0.92000, 36.
0.93000, 42.
0.94000, 34.
0.95000, 46.
0.96000, 38.
0.97000, 35.
0.98000, 59.
0.99000, 49.
1.00000, 47.
1.01000, 44.
1.02000, 45.
1.03000, 51.
1.04000, 47.
1.05000, 56.
1.06000, 59.
1.07000, 44.
1.08000, 47.
1.09000, 42.
1.10000, 41.
1.11000, 55.
1.12000, 48.
1.13000, 38.
1.14000, 27.
1.15000, 33.
1.16000, 43.
1.17000, 45.
1.18000, 42.
1.19000, 39.
1.20000, 62.
1.21000, 54.
1.22000, 64.
1.23000, 79.
1.24000, 80.
1.25000, 74.
1.26000, 85.
1.27000, 65.
1.28000, 86.
1.29000, 60.
1.30000, 56.
1.31000, 49.
1.32000, 40.
1.33000, 39.
1.34000, 37.
1.35000, 47.
1.36000, 31.
1.37000, 51.
1.38000, 45.
1.39000, 83.
1.40000, 82.
1.41000, 115.
1.42000, 181.
1.43000, 257.
1.44000, 434.
1.45000, 475.
1.46000, 549.
1.47000, 681.
1.48000, 810.
1.49000, 752.
1.50000, 730.
1.51000, 703.
1.52000, 650.
1.53000, 547.
1.54000, 438.
1.55000, 360.
1.56000, 249.
1.57000, 189.
1.58000, 170.
1.59000, 144.
1.60000, 110.
1.61000, 122.
1.62000, 163.
1.63000, 187.
1.64000, 290.
1.65000, 474.
1.66000, 757.
1.67000, 1265.
1.68000, 1788.
1.69000, 2493.
1.70000, 3234.
1.71000, 4161.
1.72000, 5162.
1.73000, 5455.
1.74000, 6015.
1.75000, 6026.
1.76000, 5611.
1.77000, 5149.
1.78000, 4403.
1.79000, 3633.
1.80000, 2740.
1.81000, 2120.
1.82000, 1478.
1.83000, 1091.
1.84000, 776.
1.85000, 531.
1.86000, 388.
1.87000, 279.
1.88000, 210.
1.89000, 162.
1.90000, 131.
1.91000, 97.
1.92000, 80.
1.93000, 58.
1.94000, 71.
1.95000, 84.
1.96000, 63.
1.97000, 69.
1.98000, 57.
1.99000, 88.
2.00000, 104.
2.01000, 85.
2.02000, 92.
2.03000, 83.
2.04000, 81.
2.05000, 65.
2.06000, 61.
2.07000, 62.
2.08000, 56.
2.09000, 42.
2.10000, 41.
2.11000, 38.
2.12000, 28.
2.13000, 27.
2.14000, 31.
2.15000, 38.
2.16000, 22.
2.17000, 29.
2.18000, 28.
2.19000, 32.
2.20000, 33.
2.21000, 38.
2.22000, 32.
2.23000, 26.
2.24000, 28.
2.25000, 41.
2.26000, 40.
2.27000, 49.
2.28000, 49.
2.29000, 61.
2.30000, 54.
2.31000, 57.
2.32000, 46.
2.33000, 49.
2.34000, 69.
2.35000, 55.
2.36000, 44.
2.37000, 37.
2.38000, 34.
2.39000, 27.
2.40000, 46.
2.41000, 39.
2.42000, 31.
2.43000, 32.
2.44000, 36.
2.45000, 32.
2.46000, 29.
2.47000, 40.
2.48000, 26.
2.49000, 31.
2.50000, 40.
2.51000, 37.
2.52000, 33.
2.53000, 33.
2.54000, 35.
2.55000, 42.
2.56000, 48.
2.57000, 60.
2.58000, 74.
2.59000, 85.
2.60000, 102.
2.61000, 127.
2.62000, 152.
2.63000, 183.
2.64000, 201.
2.65000, 267.
2.66000, 310.
2.67000, 341.
2.68000, 413.
2.69000, 418.
2.70000, 432.
2.71000, 449.
2.72000, 443.
2.73000, 385.
2.74000, 355.
2.75000, 324.
2.76000, 275.
2.77000, 228.
2.78000, 215.
2.79000, 231.
2.80000, 240.
2.81000, 208.
2.82000, 255.
2.83000, 226.
2.84000, 233.
2.85000, 238.
2.86000, 205.
2.87000, 196.
2.88000, 221.
2.89000, 175.
2.90000, 138.
2.91000, 142.
2.92000, 159.
2.93000, 98.
2.94000, 85.
2.95000, 96.
2.96000, 74.
2.97000, 80.
2.98000, 60.
2.99000, 93.
3.00000, 83.
3.01000, 56.
3.02000, 56.
3.03000, 49.
3.04000, 58.
3.05000, 42.
3.06000, 46.
3.07000, 36.
3.08000, 37.
3.09000, 36.
3.10000, 40.
3.11000, 32.
3.12000, 39.
3.13000, 37.
3.14000, 32.
3.15000, 34.
3.16000, 47.
3.17000, 45.
3.18000, 53.
3.19000, 56.
3.20000, 80.
3.21000, 89.
3.22000, 126.
3.23000, 188.
3.24000, 234.
3.25000, 325.
3.26000, 356.
3.27000, 489.
3.28000, 560.
3.29000, 636.
3.30000, 747.
3.31000, 795.
3.32000, 779.
3.33000, 800.
3.34000, 682.
3.35000, 633.
3.36000, 559.
3.37000, 440.
3.38000, 355.
3.39000, 276.
3.40000, 238.
3.41000, 168.
3.42000, 134.
3.43000, 86.
3.44000, 74.
3.45000, 38.
3.46000, 53.
3.47000, 48.
3.48000, 59.
3.49000, 55.
3.50000, 51.
3.51000, 78.
3.52000, 68.
3.53000, 85.
3.54000, 105.
3.55000, 128.
3.56000, 163.
3.57000, 172.
3.58000, 235.
3.59000, 295.
3.60000, 381.
3.61000, 449.
3.62000, 512.
3.63000, 614.
3.64000, 759.
3.65000, 885.
3.66000, 1059.
3.67000, 1113.
3.68000, 1256.
3.69000, 1228.
3.70000, 1275.
3.71000, 1200.
3.72000, 1113.
3.73000, 938.
3.74000, 816.
3.75000, 703.
3.76000, 579.
3.77000, 485.
3.78000, 324.
3.79000, 249.
3.80000, 150.
3.81000, 135.
3.82000, 91.
3.83000, 54.
3.84000, 62.
3.85000, 39.
3.86000, 31.
3.87000, 40.
3.88000, 37.
3.89000, 39.
3.90000, 42.
3.91000, 60.
3.92000, 62.
3.93000, 89.
3.94000, 96.
3.95000, 117.
3.96000, 123.
3.97000, 143.
3.98000, 172.
3.99000, 195.
4.00000, 202.
4.01000, 218.
4.02000, 212.
4.03000, 185.
4.04000, 202.
4.05000, 178.
4.06000, 164.
4.07000, 138.
4.08000, 100.
4.09000, 86.
4.10000, 75.
4.11000, 74.
4.12000, 50.
4.13000, 56.
4.14000, 39.
4.15000, 26.
4.16000, 26.
4.17000, 29.
4.18000, 26.
4.19000, 29.
4.20000, 30.
4.21000, 30.
4.22000, 29.
4.23000, 34.
4.24000, 26.
4.25000, 28.
4.26000, 27.
4.27000, 32.
4.28000, 33.
4.29000, 40.
4.30000, 38.
4.31000, 30.
4.32000, 39.
4.33000, 25.
4.34000, 40.
4.35000, 45.
4.36000, 62.
4.37000, 69.
4.38000, 87.
4.39000, 119.
4.40000, 152.
4.41000, 184.
4.42000, 222.
4.43000, 296.
4.44000, 405.
4.45000, 471.
4.46000, 528.
4.47000, 629.
4.48000, 689.
4.49000, 740.
4.50000, 787.
4.51000, 804.
4.52000, 793.
4.53000, 736.
4.54000, 745.
4.55000, 600.
4.56000, 558.
4.57000, 499.
4.58000, 434.
4.59000, 350.
4.60000, 259.
4.61000, 252.
4.62000, 184.
4.63000, 147.
4.64000, 143.
4.65000, 142.
4.66000, 125.
4.67000, 107.
4.68000, 111.
4.69000, 93.
4.70000, 80.
4.71000, 100.
4.72000, 100.
4.73000, 87.
4.74000, 81.
4.75000, 68.
4.76000, 87.
4.77000, 78.
4.78000, 65.
4.79000, 84.
4.80000, 66.
4.81000, 70.
4.82000, 77.
4.83000, 114.
4.84000, 88.
4.85000, 110.
4.86000, 128.
4.87000, 126.
4.88000, 133.
4.89000, 160.
4.90000, 163.
4.91000, 157.
4.92000, 179.
4.93000, 182.
4.94000, 167.
4.95000, 196.
4.96000, 174.
4.97000, 161.
4.98000, 147.
4.99000, 145.
5.00000, 116.
5.01000, 111.
5.02000, 96.
5.03000, 60.
5.04000, 71.
5.05000, 70.
5.06000, 48.
5.07000, 41.
5.08000, 53.
5.09000, 66.
5.10000, 42.
5.11000, 67.
5.12000, 62.
5.13000, 62.
5.14000, 67.
5.15000, 41.
5.16000, 49.
5.17000, 49.
5.18000, 58.
5.19000, 47.
5.20000, 54.
5.21000, 50.
5.22000, 57.
5.23000, 60.
5.24000, 68.
5.25000, 57.
5.26000, 58.
5.27000, 44.
5.28000, 61.
5.29000, 75.
5.30000, 51.
5.31000, 65.
5.32000, 61.
5.33000, 57.
5.34000, 74.
5.35000, 95.
5.36000, 71.
5.37000, 67.
5.38000, 84.
5.39000, 79.
5.40000, 95.
5.41000, 72.
5.42000, 75.
5.43000, 75.
5.44000, 71.
5.45000, 72.
5.46000, 93.
5.47000, 72.
5.48000, 73.
5.49000, 64.
5.50000, 61.
5.51000, 55.
5.52000, 66.
5.53000, 64.
5.54000, 60.
5.55000, 62.
5.56000, 59.
5.57000, 57.
5.58000, 54.
5.59000, 58.
5.60000, 75.
5.61000, 54.
5.62000, 69.
5.63000, 51.
5.64000, 64.
5.65000, 54.
5.66000, 63.
5.67000, 63.
5.68000, 72.
5.69000, 69.
5.70000, 61.
5.71000, 57.
5.72000, 72.
5.73000, 58.
5.74000, 81.
5.75000, 85.
5.76000, 76.
5.77000, 86.
5.78000, 124.
5.79000, 139.
5.80000, 152.
5.81000, 187.
5.82000, 225.
5.83000, 283.
5.84000, 322.
5.85000, 368.
5.86000, 378.
5.87000, 473.
5.88000, 436.
5.89000, 455.
5.90000, 450.
5.91000, 446.
5.92000, 478.
5.93000, 395.
5.94000, 337.
5.95000, 335.
5.96000, 276.
5.97000, 246.
5.98000, 200.
5.99000, 179.
6.00000, 168.
6.01000, 163.
6.02000, 116.
6.03000, 101.
6.04000, 104.
6.05000, 102.
6.06000, 110.
6.07000, 97.
6.08000, 95.
6.09000, 81.
6.10000, 94.
6.11000, 86.
6.12000, 94.
6.13000, 113.
6.14000, 105.
6.15000, 115.
6.16000, 139.
6.17000, 119.
6.18000, 150.
6.19000, 160.
6.20000, 213.
6.21000, 281.
6.22000, 369.
6.23000, 559.
6.24000, 696.
6.25000, 990.
6.26000, 1375.
6.27000, 1925.
6.28000, 2561.
6.29000, 3488.
6.30000, 4609.
6.31000, 5697.
6.32000, 7240.
6.33000, 8757.
6.34000, 10258.
6.35000, 11812.
6.36000, 13483.
6.37000, 14544.
6.38000, 15808.
6.39000, 15964.
6.40000, 16387.
6.41000, 16139.
6.42000, 15638.
6.43000, 14262.
6.44000, 13111.
6.45000, 11634.
6.46000, 10029.
6.47000, 8313.
6.48000, 6892.
6.49000, 5520.
6.50000, 4341.
6.51000, 3423.
6.52000, 2377.
6.53000, 1760.
6.54000, 1360.
6.55000, 952.
6.56000, 604.
6.57000, 488.
6.58000, 326.
6.59000, 251.
6.60000, 194.
6.61000, 167.
6.62000, 130.
6.63000, 118.
6.64000, 119.
6.65000, 110.
6.66000, 123.
6.67000, 119.
6.68000, 97.
6.69000, 111.
6.70000, 83.
6.71000, 114.
6.72000, 106.
6.73000, 103.
6.74000, 108.
6.75000, 132.
6.76000, 98.
6.77000, 88.
6.78000, 111.
6.79000, 99.
6.80000, 130.
6.81000, 133.
6.82000, 148.
6.83000, 127.
6.84000, 143.
6.85000, 162.
6.86000, 174.
6.87000, 204.
6.88000, 215.
6.89000, 262.
6.90000, 286.
6.91000, 369.
6.92000, 463.
6.93000, 536.
6.94000, 705.
6.95000, 838.
6.96000, 987.
6.97000, 1187.
6.98000, 1424.
6.99000, 1707.
7.00000, 1856.
7.01000, 2131.
7.02000, 2288.
7.03000, 2473.
7.04000, 2507.
7.05000, 2600.
7.06000, 2596.
7.07000, 2601.
7.08000, 2443.
7.09000, 2199.
7.10000, 2034.
7.11000, 1701.
7.12000, 1578.
7.13000, 1369.
7.14000, 1112.
7.15000, 885.
7.16000, 672.
7.17000, 577.
7.18000, 408.
7.19000, 347.
7.20000, 261.
7.21000, 216.
7.22000, 147.
7.23000, 147.
7.24000, 99.
7.25000, 106.
7.26000, 71.
7.27000, 78.
7.28000, 89.
7.29000, 80.
7.30000, 79.
7.31000, 60.
7.32000, 78.
7.33000, 60.
7.34000, 73.
7.35000, 77.
7.36000, 63.
7.37000, 69.
7.38000, 62.
7.39000, 78.
7.40000, 91.
7.41000, 80.
7.42000, 71.
7.43000, 67.
7.44000, 92.
7.45000, 81.
7.46000, 92.
7.47000, 73.
7.48000, 77.
7.49000, 84.
7.50000, 83.
7.51000, 65.
7.52000, 68.
7.53000, 75.
7.54000, 65.
7.55000, 58.
7.56000, 82.
7.57000, 70.
7.58000, 69.
7.59000, 72.
7.60000, 72.
7.61000, 87.
7.62000, 54.
7.63000, 71.
7.64000, 79.
7.65000, 76.
7.66000, 93.
7.67000, 72.
7.68000, 72.
7.69000, 72.
7.70000, 76.
7.71000, 69.
7.72000, 82.
7.73000, 72.
7.74000, 79.
7.75000, 74.
7.76000, 88.
7.77000, 74.
7.78000, 76.
7.79000, 95.
7.80000, 103.
7.81000, 86.
7.82000, 86.
7.83000, 101.
7.84000, 106.
7.85000, 84.
7.86000, 101.
7.87000, 91.
7.88000, 90.
7.89000, 114.
7.90000, 101.
7.91000, 102.
7.92000, 98.
7.93000, 112.
7.94000, 116.
7.95000, 118.
7.96000, 116.
7.97000, 127.
7.98000, 133.
7.99000, 115.
8.00000, 136.
8.01000, 143.
8.02000, 130.
8.03000, 153.
8.04000, 140.
8.05000, 146.
8.06000, 150.
8.07000, 128.
8.08000, 144.
8.09000, 144.
8.10000, 139.
8.11000, 135.
8.12000, 129.
8.13000, 151.
8.14000, 156.
8.15000, 120.
8.16000, 146.
8.17000, 148.
8.18000, 136.
8.19000, 114.
8.20000, 101.
8.21000, 101.
8.22000, 105.
8.23000, 89.
8.24000, 117.
8.25000, 119.
8.26000, 102.
8.27000, 97.
8.28000, 102.
8.29000, 107.
8.30000, 95.
8.31000, 101.
8.32000, 112.
8.33000, 113.
8.34000, 100.
8.35000, 108.
8.36000, 109.
8.37000, 92.
8.38000, 85.
8.39000, 103.
8.40000, 103.
8.41000, 81.
8.42000, 117.
8.43000, 101.
8.44000, 99.
8.45000, 102.
8.46000, 105.
8.47000, 100.
8.48000, 108.
8.49000, 111.
8.50000, 106.
8.51000, 112.
8.52000, 110.
8.53000, 110.
8.54000, 111.
8.55000, 142.
8.56000, 133.
8.57000, 144.
8.58000, 153.
8.59000, 145.
8.60000, 143.
8.61000, 146.
8.62000, 140.
8.63000, 185.
8.64000, 141.
8.65000, 148.
8.66000, 151.
8.67000, 149.
8.68000, 140.
8.69000, 140.
8.70000, 141.
8.71000, 136.
8.72000, 119.
8.73000, 133.
8.74000, 124.
8.75000, 112.
8.76000, 112.
8.77000, 118.
8.78000, 136.
8.79000, 112.
8.80000, 111.
8.81000, 117.
8.82000, 120.
8.83000, 118.
8.84000, 123.
8.85000, 125.
8.86000, 114.
8.87000, 106.
8.88000, 113.
8.89000, 107.
8.90000, 110.
8.91000, 115.
8.92000, 127.
8.93000, 113.
8.94000, 123.
8.95000, 93.
8.96000, 100.
8.97000, 104.
8.98000, 128.
8.99000, 112.
9.00000, 102.
9.01000, 114.
9.02000, 114.
9.03000, 102.
9.04000, 109.
9.05000, 117.
9.06000, 103.
9.07000, 107.
9.08000, 133.
9.09000, 128.
9.10000, 106.
9.11000, 111.
9.12000, 145.
9.13000, 110.
9.14000, 132.
9.15000, 120.
9.16000, 120.
9.17000, 109.
9.18000, 104.
9.19000, 128.
9.20000, 146.
9.21000, 132.
9.22000, 125.
9.23000, 133.
9.24000, 131.
9.25000, 138.
9.26000, 127.
9.27000, 144.
9.28000, 126.
9.29000, 109.
9.30000, 118.
9.31000, 133.
9.32000, 137.
9.33000, 105.
9.34000, 99.
9.35000, 119.
9.36000, 116.
9.37000, 117.
9.38000, 102.
9.39000, 113.
9.40000, 117.
9.41000, 118.
9.42000, 116.
9.43000, 117.
9.44000, 118.
9.45000, 119.
9.46000, 132.
9.47000, 123.
9.48000, 126.
9.49000, 132.
9.50000, 140.
9.51000, 133.
9.52000, 126.
9.53000, 125.
9.54000, 131.
9.55000, 117.
9.56000, 122.
9.57000, 138.
9.58000, 124.
9.59000, 97.
9.60000, 118.
9.61000, 122.
9.62000, 127.
9.63000, 116.
9.64000, 122.
9.65000, 123.
9.66000, 115.
9.67000, 124.
9.68000, 140.
9.69000, 122.
9.70000, 120.
9.71000, 130.
9.72000, 119.
9.73000, 129.
9.74000, 120.
9.75000, 145.
9.76000, 127.
9.77000, 102.
9.78000, 100.
9.79000, 119.
9.80000, 117.
9.81000, 117.
9.82000, 129.
9.83000, 99.
9.84000, 106.
9.85000, 118.
9.86000, 116.
9.87000, 129.
9.88000, 120.
9.89000, 129.
9.90000, 113.
9.91000, 127.
9.92000, 138.
9.93000, 121.
9.94000, 97.
9.95000, 139.
9.96000, 116.
9.97000, 121.
9.98000, 115.
9.99000, 138.
10.00000, 120.
10.01000, 123.
10.02000, 129.
10.03000, 118.
10.04000, 118.
10.05000, 143.
10.06000, 130.
10.07000, 129.
10.08000, 122.
10.09000, 111.
10.10000, 109.
10.11000, 134.
10.12000, 130.
10.13000, 115.
10.14000, 99.
10.15000, 126.
10.16000, 124.
10.17000, 116.
10.18000, 106.
10.19000, 117.
10.20000, 125.
10.21000, 127.
10.22000, 140.
10.23000, 124.
10.24000, 117.
10.25000, 113.
10.26000, 124.
10.27000, 109.
10.28000, 127.
10.29000, 127.
10.30000, 116.
10.31000, 119.
10.32000, 126.
10.33000, 121.
10.34000, 133.
10.35000, 123.
10.36000, 137.
10.37000, 112.
10.38000, 148.
10.39000, 133.
10.40000, 104.
10.41000, 137.
10.42000, 128.
10.43000, 134.
10.44000, 139.
10.45000, 125.
10.46000, 144.
10.47000, 125.
10.48000, 160.
10.49000, 137.
10.50000, 172.
10.51000, 143.
10.52000, 146.
10.53000, 134.
10.54000, 127.
10.55000, 157.
10.56000, 133.
10.57000, 132.
10.58000, 121.
10.59000, 127.
10.60000, 119.
10.61000, 127.
10.62000, 139.
10.63000, 149.
10.64000, 111.
10.65000, 118.
10.66000, 130.
10.67000, 137.
10.68000, 142.
10.69000, 123.
10.70000, 127.
10.71000, 134.
10.72000, 128.
10.73000, 149.
10.74000, 120.
10.75000, 123.
10.76000, 118.
10.77000, 142.
10.78000, 149.
10.79000, 126.
10.80000, 145.
10.81000, 137.
10.82000, 156.
10.83000, 111.
10.84000, 132.
10.85000, 141.
10.86000, 131.
10.87000, 137.
10.88000, 131.
10.89000, 137.
10.90000, 143.
10.91000, 115.
10.92000, 166.
10.93000, 117.
10.94000, 147.
10.95000, 144.
10.96000, 139.
10.97000, 124.
10.98000, 132.
10.99000, 144.
11.00000, 141.
11.01000, 131.
11.02000, 150.
11.03000, 147.
11.04000, 120.
11.05000, 131.
11.06000, 133.
11.07000, 131.
11.08000, 130.
11.09000, 123.
11.10000, 129.
11.11000, 167.
11.12000, 118.
11.13000, 126.
11.14000, 137.
11.15000, 138.
11.16000, 142.
11.17000, 143.
11.18000, 132.
11.19000, 159.
11.20000, 131.
11.21000, 144.
11.22000, 132.
11.23000, 143.
11.24000, 148.
11.25000, 149.
11.26000, 148.
11.27000, 142.
11.28000, 138.
11.29000, 160.
11.30000, 114.
11.31000, 135.
11.32000, 140.
11.33000, 118.
11.34000, 137.
11.35000, 133.
11.36000, 139.
11.37000, 116.
11.38000, 149.
11.39000, 139.
11.40000, 128.
11.41000, 148.
11.42000, 136.
11.43000, 130.
11.44000, 131.
11.45000, 142.
11.46000, 140.
11.47000, 135.
11.48000, 139.
11.49000, 140.
11.50000, 159.
11.51000, 138.
11.52000, 138.
11.53000, 132.
11.54000, 139.
11.55000, 136.
11.56000, 143.
11.57000, 139.
11.58000, 141.
11.59000, 130.
11.60000, 154.
11.61000, 140.
11.62000, 134.
11.63000, 133.
11.64000, 120.
11.65000, 110.
11.66000, 141.
11.67000, 130.
11.68000, 142.
11.69000, 120.
11.70000, 151.
11.71000, 141.
11.72000, 140.
11.73000, 139.
11.74000, 153.
11.75000, 148.
11.76000, 118.
11.77000, 127.
11.78000, 138.
11.79000, 150.
11.80000, 149.
11.81000, 131.
11.82000, 134.
11.83000, 130.
11.84000, 141.
11.85000, 138.
11.86000, 163.
11.87000, 138.
11.88000, 151.
11.89000, 156.
11.90000, 128.
11.91000, 147.
11.92000, 154.
11.93000, 133.
11.94000, 137.
11.95000, 158.
11.96000, 143.
11.97000, 131.
11.98000, 153.
11.99000, 167.
12.00000, 115.
12.01000, 124.
12.02000, 136.
12.03000, 128.
12.04000, 131.
12.05000, 138.
12.06000, 157.
12.07000, 146.
12.08000, 140.
12.09000, 137.
12.10000, 153.
12.11000, 126.
12.12000, 147.
12.13000, 130.
12.14000, 130.
12.15000, 147.
12.16000, 152.
12.17000, 153.
12.18000, 118.
12.19000, 160.
12.20000, 148.
12.21000, 171.
12.22000, 145.
12.23000, 126.
12.24000, 158.
12.25000, 119.
12.26000, 147.
12.27000, 140.
12.28000, 145.
12.29000, 148.
12.30000, 141.
12.31000, 141.
12.32000, 137.
12.33000, 135.
12.34000, 158.
12.35000, 136.
12.36000, 148.
12.37000, 155.
12.38000, 142.
12.39000, 145.
12.40000, 149.
12.41000, 146.
12.42000, 120.
12.43000, 148.
12.44000, 155.
12.45000, 165.
12.46000, 147.
12.47000, 162.
12.48000, 143.
12.49000, 163.
12.50000, 153.
12.51000, 170.
12.52000, 152.
12.53000, 155.
12.54000, 138.
12.55000, 144.
12.56000, 153.
12.57000, 142.
12.58000, 170.
12.59000, 146.
12.60000, 131.
12.61000, 147.
12.62000, 147.
12.63000, 154.
12.64000, 142.
12.65000, 160.
12.66000, 154.
12.67000, 158.
12.68000, 161.
12.69000, 178.
12.70000, 177.
12.71000, 157.
12.72000, 187.
12.73000, 161.
12.74000, 184.
12.75000, 176.
12.76000, 170.
12.77000, 178.
12.78000, 161.
12.79000, 198.
12.80000, 182.
12.81000, 196.
12.82000, 183.
12.83000, 176.
12.84000, 192.
12.85000, 174.
12.86000, 188.
12.87000, 166.
12.88000, 188.
12.89000, 156.
12.90000, 174.
12.91000, 134.
12.92000, 178.
12.93000, 160.
12.94000, 148.
12.95000, 136.
12.96000, 156.
12.97000, 147.
12.98000, 128.
12.99000, 156.
13.00000, 177.
13.01000, 152.
13.02000, 158.
13.03000, 147.
13.04000, 154.
13.05000, 164.
13.06000, 169.
13.07000, 162.
13.08000, 146.
13.09000, 161.
13.10000, 166.
13.11000, 133.
13.12000, 145.
13.13000, 158.
13.14000, 136.
13.15000, 137.
13.16000, 137.
13.17000, 139.
13.18000, 148.
13.19000, 159.
13.20000, 146.
13.21000, 142.
13.22000, 156.
13.23000, 135.
13.24000, 174.
13.25000, 181.
13.26000, 167.
13.27000, 174.
13.28000, 164.
13.29000, 189.
13.30000, 183.
13.31000, 216.
13.32000, 197.
13.33000, 208.
13.34000, 183.
13.35000, 168.
13.36000, 194.
13.37000, 199.
13.38000, 210.
13.39000, 189.
13.40000, 222.
13.41000, 177.
13.42000, 209.
13.43000, 186.
13.44000, 192.
13.45000, 185.
13.46000, 163.
13.47000, 155.
13.48000, 171.
13.49000, 160.
13.50000, 174.
13.51000, 154.
13.52000, 159.
13.53000, 150.
13.54000, 169.
13.55000, 138.
13.56000, 150.
13.57000, 154.
13.58000, 149.
13.59000, 164.
13.60000, 154.
13.61000, 136.
13.62000, 166.
13.63000, 155.
13.64000, 156.
13.65000, 144.
13.66000, 163.
13.67000, 144.
13.68000, 122.
13.69000, 147.
13.70000, 180.
13.71000, 141.
13.72000, 157.
13.73000, 145.
13.74000, 145.
13.75000, 163.
13.76000, 147.
13.77000, 157.
13.78000, 148.
13.79000, 165.
13.80000, 157.
13.81000, 151.
13.82000, 133.
13.83000, 161.
13.84000, 149.
13.85000, 149.
13.86000, 174.
13.87000, 186.
13.88000, 176.
13.89000, 149.
13.90000, 162.
13.91000, 155.
13.92000, 164.
13.93000, 167.
13.94000, 182.
13.95000, 181.
13.96000, 215.
13.97000, 218.
13.98000, 215.
13.99000, 239.
14.00000, 254.
14.01000, 254.
14.02000, 306.
14.03000, 283.
14.04000, 358.
14.05000, 333.
14.06000, 380.
14.07000, 399.
14.08000, 402.
14.09000, 422.
14.10000, 420.
14.11000, 427.
14.12000, 461.
14.13000, 408.
14.14000, 458.
14.15000, 427.
14.16000, 426.
14.17000, 432.
14.18000, 412.
14.19000, 334.
14.20000, 332.
14.21000, 333.
14.22000, 341.
14.23000, 305.
14.24000, 243.
14.25000, 262.
14.26000, 275.
14.27000, 209.
14.28000, 216.
14.29000, 172.
14.30000, 173.
14.31000, 180.
14.32000, 166.
14.33000, 165.
14.34000, 166.
14.35000, 151.
14.36000, 149.
14.37000, 138.
14.38000, 155.
14.39000, 145.
14.40000, 149.
14.41000, 141.
14.42000, 134.
14.43000, 167.
14.44000, 140.
14.45000, 146.
14.46000, 151.
14.47000, 132.
14.48000, 142.
14.49000, 141.
14.50000, 152.
14.51000, 149.
14.52000, 150.
14.53000, 155.
14.54000, 145.
14.55000, 146.
14.56000, 170.
14.57000, 120.
14.58000, 143.
14.59000, 163.
14.60000, 175.
14.61000, 148.
14.62000, 138.
14.63000, 127.
14.64000, 130.
14.65000, 152.
14.66000, 144.
14.67000, 148.
14.68000, 154.
14.69000, 124.
14.70000, 155.
14.71000, 190.
14.72000, 147.
14.73000, 162.
14.74000, 144.
14.75000, 158.
14.76000, 142.
14.77000, 157.
14.78000, 161.
14.79000, 143.
14.80000, 169.
14.81000, 161.
14.82000, 163.
14.83000, 181.
14.84000, 188.
14.85000, 160.
14.86000, 178.
14.87000, 183.
14.88000, 194.
14.89000, 155.
14.90000, 195.
14.91000, 197.
14.92000, 167.
14.93000, 184.
14.94000, 198.
14.95000, 181.
14.96000, 190.
14.97000, 176.
14.98000, 172.
14.99000, 165.
15.00000, 161.
15.01000, 168.
15.02000, 166.
15.03000, 173.
15.04000, 147.
15.05000, 153.
15.06000, 144.
15.07000, 187.
15.08000, 146.
15.09000, 135.
15.10000, 186.
15.11000, 124.
15.12000, 154.
15.13000, 148.
15.14000, 150.
15.15000, 152.
15.16000, 141.
15.17000, 145.
15.18000, 132.
15.19000, 143.
15.20000, 160.
15.21000, 131.
15.22000, 156.
15.23000, 141.
15.24000, 137.
15.25000, 144.
15.26000, 138.
15.27000, 165.
15.28000, 148.
15.29000, 149.
15.30000, 119.
15.31000, 145.
15.32000, 129.
15.33000, 146.
15.34000, 158.
15.35000, 163.
15.36000, 160.
15.37000, 122.
15.38000, 152.
15.39000, 151.
15.40000, 147.
15.41000, 165.
15.42000, 163.
15.43000, 153.
15.44000, 153.
15.45000, 171.
15.46000, 144.
15.47000, 181.
15.48000, 183.
15.49000, 164.
15.50000, 190.
15.51000, 172.
15.52000, 190.
15.53000, 184.
15.54000, 225.
15.55000, 220.
15.56000, 222.
15.57000, 250.
15.58000, 275.
15.59000, 333.
15.60000, 323.
15.61000, 363.
15.62000, 352.
15.63000, 399.
15.64000, 428.
15.65000, 447.
15.66000, 468.
15.67000, 437.
15.68000, 498.
15.69000, 514.
15.70000, 531.
15.71000, 567.
15.72000, 549.
15.73000, 525.
15.74000, 525.
15.75000, 490.
15.76000, 551.
15.77000, 483.
15.78000, 497.
15.79000, 484.
15.80000, 474.
15.81000, 456.
15.82000, 460.
15.83000, 385.
15.84000, 382.
15.85000, 327.
15.86000, 330.
15.87000, 293.
15.88000, 319.
15.89000, 289.
15.90000, 237.
15.91000, 236.
15.92000, 213.
15.93000, 200.
15.94000, 187.
15.95000, 176.
15.96000, 179.
15.97000, 174.
15.98000, 168.
15.99000, 161.
16.00000, 142.
16.01000, 163.
16.02000, 162.
16.03000, 152.
16.04000, 144.
16.05000, 164.
16.06000, 170.
16.07000, 150.
16.08000, 153.
16.09000, 152.
16.10000, 149.
16.11000, 123.
16.12000, 147.
16.13000, 128.
16.14000, 134.
16.15000, 143.
16.16000, 136.
16.17000, 149.
16.18000, 161.
16.19000, 141.
16.20000, 136.
16.21000, 166.
16.22000, 152.
16.23000, 131.
16.24000, 162.
16.25000, 147.
16.26000, 166.
16.27000, 139.
16.28000, 144.
16.29000, 170.
16.30000, 125.
16.31000, 152.
16.32000, 157.
16.33000, 135.
16.34000, 130.
16.35000, 142.
16.36000, 128.
16.37000, 143.
16.38000, 140.
16.39000, 144.
16.40000, 144.
16.41000, 168.
16.42000, 165.
16.43000, 148.
16.44000, 139.
16.45000, 168.
16.46000, 151.
16.47000, 159.
16.48000, 162.
16.49000, 131.
16.50000, 162.
16.51000, 146.
16.52000, 160.
16.53000, 158.
16.54000, 143.
16.55000, 147.
16.56000, 157.
16.57000, 134.
16.58000, 141.
16.59000, 171.
16.60000, 159.
16.61000, 132.
16.62000, 156.
16.63000, 147.
16.64000, 155.
16.65000, 144.
16.66000, 151.
16.67000, 169.
16.68000, 154.
16.69000, 148.
16.70000, 176.
16.71000, 159.
16.72000, 127.
16.73000, 149.
16.74000, 151.
16.75000, 154.
16.76000, 148.
16.77000, 150.
16.78000, 147.
16.79000, 144.
16.80000, 156.
16.81000, 149.
16.82000, 147.
16.83000, 151.
16.84000, 126.
16.85000, 139.
16.86000, 150.
16.87000, 154.
16.88000, 149.
16.89000, 144.
16.90000, 152.
16.91000, 141.
16.92000, 151.
16.93000, 152.
16.94000, 149.
16.95000, 156.
16.96000, 141.
16.97000, 157.
16.98000, 157.
16.99000, 154.
17.00000, 149.
17.01000, 151.
17.02000, 148.
17.03000, 153.
17.04000, 144.
17.05000, 155.
17.06000, 131.
17.07000, 152.
17.08000, 156.
17.09000, 155.
17.10000, 148.
17.11000, 137.
17.12000, 133.
17.13000, 156.
17.14000, 155.
17.15000, 175.
17.16000, 138.
17.17000, 159.
17.18000, 151.
17.19000, 140.
17.20000, 142.
17.21000, 137.
17.22000, 163.
17.23000, 140.
17.24000, 156.
17.25000, 122.
17.26000, 168.
17.27000, 177.
17.28000, 141.
17.29000, 152.
17.30000, 141.
17.31000, 195.
17.32000, 164.
17.33000, 161.
17.34000, 156.
17.35000, 150.
17.36000, 164.
17.37000, 150.
17.38000, 190.
17.39000, 151.
17.40000, 153.
17.41000, 134.
17.42000, 168.
17.43000, 150.
17.44000, 181.
17.45000, 156.
17.46000, 188.
17.47000, 190.
17.48000, 181.
17.49000, 179.
17.50000, 191.
17.51000, 188.
17.52000, 194.
17.53000, 201.
17.54000, 194.
17.55000, 225.
17.56000, 210.
17.57000, 202.
17.58000, 212.
17.59000, 223.
17.60000, 215.
17.61000, 238.
17.62000, 224.
17.63000, 218.
17.64000, 265.
17.65000, 208.
17.66000, 216.
17.67000, 237.
17.68000, 236.
17.69000, 229.
17.70000, 233.
17.71000, 214.
17.72000, 195.
17.73000, 245.
17.74000, 184.
17.75000, 201.
17.76000, 235.
17.77000, 211.
17.78000, 204.
17.79000, 227.
17.80000, 214.
17.81000, 193.
17.82000, 192.
17.83000, 222.
17.84000, 214.
17.85000, 220.
17.86000, 210.
17.87000, 182.
17.88000, 201.
17.89000, 214.
17.90000, 223.
17.91000, 201.
17.92000, 202.
17.93000, 242.
17.94000, 230.
17.95000, 197.
17.96000, 188.
17.97000, 214.
17.98000, 210.
17.99000, 242.
18.00000, 205.
18.01000, 206.
18.02000, 228.
18.03000, 255.
18.04000, 214.
18.05000, 201.
18.06000, 244.
18.07000, 243.
18.08000, 238.
18.09000, 207.
18.10000, 252.
18.11000, 253.
18.12000, 232.
18.13000, 237.
18.14000, 251.
18.15000, 243.
18.16000, 282.
18.17000, 290.
18.18000, 247.
18.19000, 247.
18.20000, 262.
18.21000, 266.
18.22000, 263.
18.23000, 271.
18.24000, 281.
18.25000, 309.
18.26000, 276.
18.27000, 318.
18.28000, 289.
18.29000, 322.
18.30000, 344.
18.31000, 321.
18.32000, 332.
18.33000, 336.
18.34000, 331.
18.35000, 354.
18.36000, 403.
18.37000, 388.
18.38000, 401.
18.39000, 421.
18.40000, 433.
18.41000, 428.
18.42000, 432.
18.43000, 435.
18.44000, 430.
18.45000, 487.
18.46000, 485.
18.47000, 538.
18.48000, 555.
18.49000, 557.
18.50000, 559.
18.51000, 575.
18.52000, 577.
18.53000, 604.
18.54000, 616.
18.55000, 636.
18.56000, 676.
18.57000, 635.
18.58000, 674.
18.59000, 735.
18.60000, 764.
18.61000, 741.
18.62000, 744.
18.63000, 783.
18.64000, 789.
18.65000, 757.
18.66000, 779.
18.67000, 802.
18.68000, 824.
18.69000, 801.
18.70000, 800.
18.71000, 784.
18.72000, 860.
18.73000, 900.
18.74000, 892.
18.75000, 845.
18.76000, 892.
18.77000, 866.
18.78000, 861.
18.79000, 906.
18.80000, 878.
18.81000, 870.
18.82000, 903.
18.83000, 859.
18.84000, 890.
18.85000, 839.
18.86000, 815.
18.87000, 852.
18.88000, 828.
18.89000, 769.
18.90000, 853.
18.91000, 764.
18.92000, 787.
18.93000, 775.
18.94000, 804.
18.95000, 722.
18.96000, 729.
18.97000, 732.
18.98000, 725.
18.99000, 750.
19.00000, 677.
19.01000, 660.
19.02000, 654.
19.03000, 650.
19.04000, 594.
19.05000, 650.
19.06000, 593.
19.07000, 604.
19.08000, 605.
19.09000, 591.
19.10000, 520.
19.11000, 510.
19.12000, 526.
19.13000, 481.
19.14000, 496.
19.15000, 489.
19.16000, 447.
19.17000, 455.
19.18000, 435.
19.19000, 401.
19.20000, 397.
19.21000, 390.
19.22000, 395.
19.23000, 360.
19.24000, 353.
19.25000, 371.
19.26000, 348.
19.27000, 319.
19.28000, 329.
19.29000, 302.
19.30000, 344.
19.31000, 300.
19.32000, 304.
19.33000, 286.
19.34000, 281.
19.35000, 278.
19.36000, 273.
19.37000, 266.
19.38000, 270.
19.39000, 256.
19.40000, 248.
19.41000, 275.
19.42000, 257.
19.43000, 230.
19.44000, 241.
19.45000, 227.
19.46000, 234.
19.47000, 231.
19.48000, 219.
19.49000, 218.
19.50000, 219.
19.51000, 230.
19.52000, 229.
19.53000, 201.
19.54000, 197.
19.55000, 198.
19.56000, 242.
19.57000, 197.
19.58000, 203.
19.59000, 178.
19.60000, 202.
19.61000, 185.
19.62000, 206.
19.63000, 194.
19.64000, 200.
19.65000, 178.
19.66000, 165.
19.67000, 187.
19.68000, 187.
19.69000, 168.
19.70000, 179.
19.71000, 166.
19.72000, 159.
19.73000, 166.
19.74000, 148.
19.75000, 173.
19.76000, 150.
19.77000, 168.
19.78000, 169.
19.79000, 181.
19.80000, 156.
19.81000, 193.
19.82000, 197.
19.83000, 190.
19.84000, 185.
19.85000, 158.
19.86000, 205.
19.87000, 216.
19.88000, 214.
19.89000, 195.
19.90000, 231.
19.91000, 213.
19.92000, 228.
19.93000, 278.
19.94000, 256.
19.95000, 316.
19.96000, 299.
19.97000, 312.
19.98000, 356.
19.99000, 335.
20.00000, 367.
20.01000, 368.
20.02000, 389.
20.03000, 442.
20.04000, 465.
20.05000, 458.
20.06000, 492.
20.07000, 480.
20.08000, 494.
20.09000, 487.
20.10000, 478.
20.11000, 550.
20.12000, 509.
20.13000, 507.
20.14000, 534.
20.15000, 508.
20.16000, 538.
20.17000, 523.
20.18000, 556.
20.19000, 506.
20.20000, 543.
20.21000, 486.
20.22000, 515.
20.23000, 465.
20.24000, 436.
20.25000, 432.
20.26000, 359.
20.27000, 377.
20.28000, 353.
20.29000, 333.
20.30000, 317.
20.31000, 276.
20.32000, 261.
20.33000, 248.
20.34000, 238.
20.35000, 234.
20.36000, 213.
20.37000, 191.
20.38000, 200.
20.39000, 155.
20.40000, 179.
20.41000, 161.
20.42000, 183.
20.43000, 163.
20.44000, 176.
20.45000, 161.
20.46000, 153.
20.47000, 158.
20.48000, 140.
20.49000, 161.
20.50000, 180.
20.51000, 138.
20.52000, 146.
20.53000, 138.
20.54000, 167.
20.55000, 156.
20.56000, 168.
20.57000, 161.
20.58000, 167.
20.59000, 152.
20.60000, 193.
20.61000, 156.
20.62000, 174.
20.63000, 162.
20.64000, 191.
20.65000, 176.
20.66000, 194.
20.67000, 180.
20.68000, 176.
20.69000, 197.
20.70000, 194.
20.71000, 182.
20.72000, 195.
20.73000, 190.
20.74000, 215.
20.75000, 189.
20.76000, 215.
20.77000, 207.
20.78000, 197.
20.79000, 221.
20.80000, 192.
20.81000, 207.
20.82000, 243.
20.83000, 208.
20.84000, 212.
20.85000, 230.
20.86000, 227.
20.87000, 234.
20.88000, 214.
20.89000, 233.
20.90000, 219.
20.91000, 210.
20.92000, 237.
20.93000, 243.
20.94000, 240.
20.95000, 268.
20.96000, 236.
20.97000, 230.
20.98000, 244.
20.99000, 246.
21.00000, 250.
21.01000, 219.
21.02000, 242.
21.03000, 230.
21.04000, 241.
21.05000, 212.
21.06000, 216.
21.07000, 220.
21.08000, 226.
21.09000, 251.
21.10000, 238.
21.11000, 237.
21.12000, 208.
21.13000, 245.
21.14000, 215.
21.15000, 226.
21.16000, 226.
21.17000, 220.
21.18000, 217.
21.19000, 213.
21.20000, 238.
21.21000, 210.
21.22000, 210.
21.23000, 198.
21.24000, 218.
21.25000, 170.
21.26000, 185.
21.27000, 187.
21.28000, 191.
21.29000, 168.
21.30000, 189.
21.31000, 150.
21.32000, 199.
21.33000, 160.
21.34000, 172.
21.35000, 172.
21.36000, 178.
21.37000, 151.
21.38000, 175.
21.39000, 183.
21.40000, 155.
21.41000, 169.
21.42000, 164.
21.43000, 151.
21.44000, 148.
21.45000, 145.
21.46000, 161.
21.47000, 176.
21.48000, 138.
21.49000, 148.
21.50000, 150.
21.51000, 118.
21.52000, 150.
21.53000, 137.
21.54000, 141.
21.55000, 134.
21.56000, 116.
21.57000, 134.
21.58000, 134.
21.59000, 113.
21.60000, 117.
21.61000, 129.
21.62000, 111.
21.63000, 120.
21.64000, 126.
21.65000, 116.
21.66000, 100.
21.67000, 112.
21.68000, 110.
21.69000, 111.
21.70000, 118.
21.71000, 111.
21.72000, 131.
21.73000, 103.
21.74000, 128.
21.75000, 117.
21.76000, 112.
21.77000, 109.
21.78000, 113.
21.79000, 105.
21.80000, 109.
21.81000, 111.
21.82000, 120.
21.83000, 114.
21.84000, 97.
21.85000, 107.
21.86000, 116.
21.87000, 114.
21.88000, 113.
21.89000, 90.
21.90000, 93.
21.91000, 90.
21.92000, 84.
21.93000, 91.
21.94000, 93.
21.95000, 105.
21.96000, 101.
21.97000, 91.
21.98000, 94.
21.99000, 92.
22.00000, 97.
22.01000, 86.
22.02000, 87.
22.03000, 103.
22.04000, 97.
22.05000, 102.
22.06000, 89.
22.07000, 94.
22.08000, 95.
22.09000, 121.
22.10000, 106.
22.11000, 89.
22.12000, 92.
22.13000, 112.
22.14000, 80.
22.15000, 97.
22.16000, 89.
22.17000, 94.
22.18000, 86.
22.19000, 76.
22.20000, 62.
22.21000, 100.
22.22000, 80.
22.23000, 69.
22.24000, 76.
22.25000, 98.
22.26000, 84.
22.27000, 80.
22.28000, 87.
22.29000, 78.
22.30000, 80.
22.31000, 63.
22.32000, 95.
22.33000, 81.
22.34000, 103.
22.35000, 77.
22.36000, 77.
22.37000, 78.
22.38000, 77.
22.39000, 74.
22.40000, 85.
22.41000, 85.
22.42000, 78.
22.43000, 80.
22.44000, 89.
22.45000, 97.
22.46000, 61.
22.47000, 90.
22.48000, 87.
22.49000, 77.
22.50000, 106.
22.51000, 109.
22.52000, 75.
22.53000, 109.
22.54000, 118.
22.55000, 108.
22.56000, 106.
22.57000, 109.
22.58000, 123.
22.59000, 131.
22.60000, 145.
22.61000, 136.
22.62000, 122.
22.63000, 114.
22.64000, 132.
22.65000, 165.
22.66000, 129.
22.67000, 165.
22.68000, 152.
22.69000, 139.
22.70000, 132.
22.71000, 149.
22.72000, 155.
22.73000, 130.
22.74000, 127.
22.75000, 110.
22.76000, 144.
22.77000, 114.
22.78000, 108.
22.79000, 107.
22.80000, 100.
22.81000, 123.
22.82000, 96.
22.83000, 106.
22.84000, 106.
22.85000, 83.
22.86000, 77.
22.87000, 82.
22.88000, 73.
22.89000, 76.
22.90000, 84.
22.91000, 70.
22.92000, 81.
22.93000, 79.
22.94000, 63.
22.95000, 74.
22.96000, 83.
22.97000, 83.
22.98000, 77.
22.99000, 75.
23.00000, 89.
23.01000, 78.
23.02000, 81.
23.03000, 89.
23.04000, 83.
23.05000, 87.
23.06000, 55.
23.07000, 81.
23.08000, 65.
23.09000, 56.
23.10000, 66.
23.11000, 90.
23.12000, 83.
23.13000, 82.
23.14000, 81.
23.15000, 76.
23.16000, 92.
23.17000, 71.
23.18000, 77.
23.19000, 73.
23.20000, 80.
23.21000, 81.
23.22000, 78.
23.23000, 69.
23.24000, 68.
23.25000, 72.
23.26000, 57.
23.27000, 72.
23.28000, 65.
23.29000, 69.
23.30000, 59.
23.31000, 63.
23.32000, 61.
23.33000, 72.
23.34000, 65.
23.35000, 56.
23.36000, 68.
23.37000, 56.
23.38000, 69.
23.39000, 66.
23.40000, 74.
23.41000, 66.
23.42000, 55.
23.43000, 66.
23.44000, 60.
23.45000, 67.
23.46000, 67.
23.47000, 75.
23.48000, 82.
23.49000, 69.
23.50000, 59.
23.51000, 55.
23.52000, 67.
23.53000, 63.
23.54000, 63.
23.55000, 62.
23.56000, 62.
23.57000, 61.
23.58000, 61.
23.59000, 58.
23.60000, 67.
23.61000, 71.
23.62000, 58.
23.63000, 49.
23.64000, 64.
23.65000, 67.
23.66000, 74.
23.67000, 51.
23.68000, 70.
23.69000, 70.
23.70000, 78.
23.71000, 61.
23.72000, 86.
23.73000, 55.
23.74000, 72.
23.75000, 67.
23.76000, 60.
23.77000, 57.
23.78000, 63.
23.79000, 60.
23.80000, 66.
23.81000, 69.
23.82000, 68.
23.83000, 62.
23.84000, 56.
23.85000, 49.
23.86000, 74.
23.87000, 69.
23.88000, 72.
23.89000, 86.
23.90000, 64.
23.91000, 64.
23.92000, 58.
23.93000, 66.
23.94000, 54.
23.95000, 71.
23.96000, 47.
23.97000, 59.
23.98000, 61.
23.99000, 52.
24.00000, 53.
24.01000, 80.
24.02000, 60.
24.03000, 82.
24.04000, 77.
24.05000, 57.
24.06000, 58.
24.07000, 69.
24.08000, 56.
24.09000, 59.
24.10000, 62.
24.11000, 48.
24.12000, 58.
24.13000, 72.
24.14000, 63.
24.15000, 68.
24.16000, 56.
24.17000, 66.
24.18000, 72.
24.19000, 71.
24.20000, 61.
24.21000, 76.
24.22000, 65.
24.23000, 63.
24.24000, 81.
24.25000, 52.
24.26000, 67.
24.27000, 78.
24.28000, 66.
24.29000, 57.
24.30000, 60.
24.31000, 62.
24.32000, 65.
24.33000, 60.
24.34000, 57.
24.35000, 50.
24.36000, 59.
24.37000, 73.
24.38000, 65.
24.39000, 75.
24.40000, 57.
24.41000, 75.
24.42000, 64.
24.43000, 65.
24.44000, 56.
24.45000, 75.
24.46000, 57.
24.47000, 60.
24.48000, 65.
24.49000, 63.
24.50000, 60.
24.51000, 63.
24.52000, 72.
24.53000, 53.
24.54000, 60.
24.55000, 59.
24.56000, 47.
24.57000, 65.
24.58000, 65.
24.59000, 62.
24.60000, 63.
24.61000, 62.
24.62000, 74.
24.63000, 59.
24.64000, 69.
24.65000, 61.
24.66000, 67.
24.67000, 72.
24.68000, 59.
24.69000, 54.
24.70000, 55.
24.71000, 59.
24.72000, 57.
24.73000, 68.
24.74000, 62.
24.75000, 61.
24.76000, 55.
24.77000, 67.
24.78000, 70.
24.79000, 51.
24.80000, 50.
24.81000, 63.
24.82000, 68.
24.83000, 73.
24.84000, 58.
24.85000, 73.
24.86000, 65.
24.87000, 47.
24.88000, 59.
24.89000, 70.
24.90000, 73.
24.91000, 60.
24.92000, 61.
24.93000, 65.
24.94000, 62.
24.95000, 71.
24.96000, 63.
24.97000, 57.
24.98000, 51.
24.99000, 75.
25.00000, 66.
25.01000, 67.
25.02000, 63.
25.03000, 65.
25.04000, 75.
25.05000, 74.
25.06000, 70.
25.07000, 79.
25.08000, 64.
25.09000, 66.
25.10000, 64.
25.11000, 68.
25.12000, 74.
25.13000, 84.
25.14000, 68.
25.15000, 69.
25.16000, 69.
25.17000, 65.
25.18000, 61.
25.19000, 67.
25.20000, 63.
25.21000, 74.
25.22000, 76.
25.23000, 78.
25.24000, 78.
25.25000, 73.
25.26000, 63.
25.27000, 72.
25.28000, 62.
25.29000, 62.
25.30000, 72.
25.31000, 83.
25.32000, 83.
25.33000, 45.
25.34000, 77.
25.35000, 58.
25.36000, 69.
25.37000, 53.
25.38000, 59.
25.39000, 57.
25.40000, 57.
25.41000, 42.
25.42000, 72.
25.43000, 59.
25.44000, 67.
25.45000, 64.
25.46000, 56.
25.47000, 61.
25.48000, 57.
25.49000, 66.
25.50000, 70.
25.51000, 69.
25.52000, 66.
25.53000, 53.
25.54000, 59.
25.55000, 64.
25.56000, 46.
25.57000, 57.
25.58000, 69.
25.59000, 59.
25.60000, 60.
25.61000, 39.
25.62000, 62.
25.63000, 68.
25.64000, 39.
25.65000, 48.
25.66000, 71.
25.67000, 69.
25.68000, 55.
25.69000, 54.
25.70000, 48.
25.71000, 49.
25.72000, 58.
25.73000, 57.
25.74000, 53.
25.75000, 62.
25.76000, 56.
25.77000, 56.
25.78000, 53.
25.79000, 61.
25.80000, 47.
25.81000, 48.
25.82000, 52.
25.83000, 48.
25.84000, 51.
25.85000, 66.
25.86000, 50.
25.87000, 57.
25.88000, 52.
25.89000, 36.
25.90000, 46.
25.91000, 44.
25.92000, 57.
25.93000, 59.
25.94000, 55.
25.95000, 65.
25.96000, 56.
25.97000, 53.
25.98000, 62.
25.99000, 49.
26.00000, 52.
26.01000, 48.
26.02000, 66.
26.03000, 48.
26.04000, 43.
26.05000, 61.
26.06000, 62.
26.07000, 58.
26.08000, 46.
26.09000, 66.
26.10000, 61.
26.11000, 53.
26.12000, 64.
26.13000, 58.
26.14000, 50.
26.15000, 61.
26.16000, 45.
26.17000, 46.
26.18000, 52.
26.19000, 56.
26.20000, 53.
26.21000, 64.
26.22000, 65.
26.23000, 58.
26.24000, 50.
26.25000, 47.
26.26000, 58.
26.27000, 67.
26.28000, 58.
26.29000, 53.
26.30000, 54.
26.31000, 49.
26.32000, 44.
26.33000, 54.
26.34000, 60.
26.35000, 57.
26.36000, 51.
26.37000, 54.
26.38000, 52.
26.39000, 45.
26.40000, 37.
26.41000, 60.
26.42000, 51.
26.43000, 48.
26.44000, 43.
26.45000, 53.
26.46000, 39.
26.47000, 69.
26.48000, 40.
26.49000, 44.
26.50000, 52.
26.51000, 53.
26.52000, 51.
26.53000, 67.
26.54000, 54.
26.55000, 62.
26.56000, 60.
26.57000, 39.
26.58000, 47.
26.59000, 53.
26.60000, 55.
26.61000, 60.
26.62000, 40.
26.63000, 49.
26.64000, 55.
26.65000, 51.
26.66000, 50.
26.67000, 54.
26.68000, 49.
26.69000, 57.
26.70000, 41.
26.71000, 46.
26.72000, 38.
26.73000, 50.
26.74000, 53.
26.75000, 37.
26.76000, 52.
26.77000, 66.
26.78000, 48.
26.79000, 52.
26.80000, 51.
26.81000, 45.
26.82000, 56.
26.83000, 58.
26.84000, 46.
26.85000, 57.
26.86000, 41.
26.87000, 47.
26.88000, 38.
26.89000, 55.
26.90000, 47.
26.91000, 47.
26.92000, 47.
26.93000, 48.
26.94000, 55.
26.95000, 45.
26.96000, 49.
26.97000, 51.
26.98000, 57.
26.99000, 52.
27.00000, 49.
27.01000, 51.
27.02000, 45.
27.03000, 60.
27.04000, 40.
27.05000, 44.
27.06000, 50.
27.07000, 39.
27.08000, 50.
27.09000, 48.
27.10000, 40.
27.11000, 49.
27.12000, 51.
27.13000, 53.
27.14000, 53.
27.15000, 54.
27.16000, 54.
27.17000, 53.
27.18000, 50.
27.19000, 35.
27.20000, 44.
27.21000, 52.
27.22000, 43.
27.23000, 46.
27.24000, 55.
27.25000, 58.
27.26000, 45.
27.27000, 66.
27.28000, 48.
27.29000, 48.
27.30000, 49.
27.31000, 42.
27.32000, 56.
27.33000, 48.
27.34000, 52.
27.35000, 34.
27.36000, 39.
27.37000, 40.
27.38000, 49.
27.39000, 46.
27.40000, 56.
27.41000, 49.
27.42000, 48.
27.43000, 56.
27.44000, 33.
27.45000, 67.
27.46000, 56.
27.47000, 62.
27.48000, 52.
27.49000, 51.
27.50000, 48.
27.51000, 39.
27.52000, 56.
27.53000, 52.
27.54000, 42.
27.55000, 41.
27.56000, 53.
27.57000, 54.
27.58000, 48.
27.59000, 47.
27.60000, 43.
27.61000, 41.
27.62000, 37.
27.63000, 39.
27.64000, 54.
27.65000, 47.
27.66000, 57.
27.67000, 40.
27.68000, 49.
27.69000, 40.
27.70000, 48.
27.71000, 37.
27.72000, 36.
27.73000, 55.
27.74000, 41.
27.75000, 52.
27.76000, 49.
27.77000, 51.
27.78000, 44.
27.79000, 42.
27.80000, 45.
27.81000, 48.
27.82000, 38.
27.83000, 46.
27.84000, 43.
27.85000, 46.
27.86000, 46.
27.87000, 50.
27.88000, 63.
27.89000, 33.
27.90000, 49.
27.91000, 44.
27.92000, 46.
27.93000, 49.
27.94000, 41.
27.95000, 34.
27.96000, 54.
27.97000, 45.
27.98000, 51.
27.99000, 44.
28.00000, 52.
28.01000, 37.
28.02000, 48.
28.03000, 44.
28.04000, 49.
28.05000, 43.
28.06000, 48.
28.07000, 45.
28.08000, 43.
28.09000, 39.
28.10000, 50.
28.11000, 45.
28.12000, 50.
28.13000, 42.
28.14000, 43.
28.15000, 42.
28.16000, 41.
28.17000, 39.
28.18000, 55.
28.19000, 54.
28.20000, 47.
28.21000, 42.
28.22000, 42.
28.23000, 35.
28.24000, 41.
28.25000, 36.
28.26000, 49.
28.27000, 36.
28.28000, 45.
28.29000, 47.
28.30000, 34.
28.31000, 50.
28.32000, 35.
28.33000, 36.
28.34000, 37.
28.35000, 27.
28.36000, 45.
28.37000, 52.
28.38000, 44.
28.39000, 50.
28.40000, 46.
28.41000, 43.
28.42000, 37.
28.43000, 47.
28.44000, 43.
28.45000, 39.
28.46000, 44.
28.47000, 35.
28.48000, 37.
28.49000, 57.
28.50000, 41.
28.51000, 45.
28.52000, 52.
28.53000, 41.
28.54000, 44.
28.55000, 41.
28.56000, 44.
28.57000, 41.
28.58000, 39.
28.59000, 40.
28.60000, 36.
28.61000, 46.
28.62000, 42.
28.63000, 44.
28.64000, 45.
28.65000, 43.
28.66000, 46.
28.67000, 36.
28.68000, 34.
28.69000, 44.
28.70000, 41.
28.71000, 33.
28.72000, 31.
28.73000, 30.
28.74000, 45.
28.75000, 44.
28.76000, 38.
28.77000, 48.
28.78000, 34.
28.79000, 42.
28.80000, 37.
28.81000, 34.
28.82000, 33.
28.83000, 32.
28.84000, 41.
28.85000, 55.
28.86000, 40.
28.87000, 37.
28.88000, 45.
28.89000, 46.
28.90000, 36.
28.91000, 34.
28.92000, 43.
28.93000, 37.
28.94000, 51.
28.95000, 38.
28.96000, 33.
28.97000, 42.
28.98000, 48.
28.99000, 44.
29.00000, 46.
29.01000, 41.
29.02000, 43.
29.03000, 26.
29.04000, 49.
29.05000, 45.
29.06000, 49.
29.07000, 47.
29.08000, 44.
29.09000, 28.
29.10000, 39.
29.11000, 40.
29.12000, 36.
29.13000, 26.
29.14000, 36.
29.15000, 33.
29.16000, 27.
29.17000, 39.
29.18000, 40.
29.19000, 54.
29.20000, 33.
29.21000, 35.
29.22000, 32.
29.23000, 35.
29.24000, 36.
29.25000, 26.
29.26000, 29.
29.27000, 44.
29.28000, 36.
29.29000, 43.
29.30000, 35.
29.31000, 29.
29.32000, 33.
29.33000, 40.
29.34000, 36.
29.35000, 40.
29.36000, 37.
29.37000, 36.
29.38000, 37.
29.39000, 46.
29.40000, 32.
29.41000, 33.
29.42000, 33.
29.43000, 42.
29.44000, 29.
29.45000, 33.
29.46000, 38.
29.47000, 40.
29.48000, 28.
29.49000, 32.
29.50000, 39.
29.51000, 32.
29.52000, 39.
29.53000, 39.
29.54000, 38.
29.55000, 41.
29.56000, 42.
29.57000, 35.
29.58000, 42.
29.59000, 38.
29.60000, 39.
29.61000, 37.
29.62000, 31.
29.63000, 36.
29.64000, 35.
29.65000, 33.
29.66000, 37.
29.67000, 33.
29.68000, 35.
29.69000, 35.
29.70000, 41.
29.71000, 37.
29.72000, 32.
29.73000, 40.
29.74000, 24.
29.75000, 28.
29.76000, 26.
29.77000, 24.
29.78000, 44.
29.79000, 29.
29.80000, 45.
29.81000, 25.
29.82000, 39.
29.83000, 39.
29.84000, 32.
29.85000, 41.
29.86000, 43.
29.87000, 28.
29.88000, 38.
29.89000, 37.
29.90000, 33.
29.91000, 40.
29.92000, 39.
29.93000, 32.
29.94000, 42.
29.95000, 40.
29.96000, 42.
29.97000, 33.
29.98000, 27.
29.99000, 24.
30.00000, 39.
30.01000, 39.
30.02000, 39.
30.03000, 28.
30.04000, 40.
30.05000, 32.
30.06000, 39.
30.07000, 28.
30.08000, 34.
30.09000, 31.
30.10000, 38.
30.11000, 30.
30.12000, 45.
30.13000, 29.
30.14000, 30.
30.15000, 27.
30.16000, 40.
30.17000, 32.
30.18000, 34.
30.19000, 30.
30.20000, 34.
30.21000, 31.
30.22000, 34.
30.23000, 40.
30.24000, 37.
30.25000, 42.
30.26000, 46.
30.27000, 30.
30.28000, 40.
30.29000, 24.
30.30000, 35.
30.31000, 37.
30.32000, 26.
30.33000, 31.
30.34000, 33.
30.35000, 31.
30.36000, 38.
30.37000, 37.
30.38000, 33.
30.39000, 34.
30.40000, 31.
30.41000, 39.
30.42000, 32.
30.43000, 35.
30.44000, 41.
30.45000, 26.
30.46000, 28.
30.47000, 28.
30.48000, 39.
30.49000, 25.
30.50000, 22.
30.51000, 48.
30.52000, 26.
30.53000, 34.
30.54000, 29.
30.55000, 30.
30.56000, 30.
30.57000, 27.
30.58000, 34.
30.59000, 26.
30.60000, 21.
30.61000, 30.
30.62000, 35.
30.63000, 33.
30.64000, 34.
30.65000, 25.
30.66000, 29.
30.67000, 36.
30.68000, 23.
30.69000, 25.
30.70000, 38.
30.71000, 33.
30.72000, 29.
30.73000, 38.
30.74000, 26.
30.75000, 28.
30.76000, 25.
30.77000, 29.
30.78000, 27.
30.79000, 24.
30.80000, 33.
30.81000, 28.
30.82000, 27.
30.83000, 32.
30.84000, 35.
30.85000, 34.
30.86000, 27.
30.87000, 22.
30.88000, 24.
30.89000, 24.
30.90000, 31.
30.91000, 28.
30.92000, 25.
30.93000, 38.
30.94000, 36.
30.95000, 27.
30.96000, 30.
30.97000, 38.
30.98000, 38.
30.99000, 52.
31.00000, 32.
31.01000, 36.
31.02000, 29.
31.03000, 40.
31.04000, 23.
31.05000, 40.
31.06000, 27.
31.07000, 28.
31.08000, 26.
31.09000, 32.
31.10000, 39.
31.11000, 33.
31.12000, 24.
31.13000, 38.
31.14000, 28.
31.15000, 33.
31.16000, 32.
31.17000, 24.
31.18000, 42.
31.19000, 20.
31.20000, 34.
31.21000, 32.
31.22000, 29.
31.23000, 29.
31.24000, 36.
31.25000, 23.
31.26000, 27.
31.27000, 31.
31.28000, 31.
31.29000, 38.
31.30000, 29.
31.31000, 24.
31.32000, 27.
31.33000, 30.
31.34000, 32.
31.35000, 22.
31.36000, 30.
31.37000, 27.
31.38000, 29.
31.39000, 28.
31.40000, 28.
31.41000, 30.
31.42000, 33.
31.43000, 27.
31.44000, 33.
31.45000, 32.
31.46000, 32.
31.47000, 28.
31.48000, 38.
31.49000, 28.
31.50000, 25.
31.51000, 29.
31.52000, 30.
31.53000, 24.
31.54000, 36.
31.55000, 28.
31.56000, 28.
31.57000, 39.
31.58000, 25.
31.59000, 31.
31.60000, 34.
31.61000, 26.
31.62000, 24.
31.63000, 35.
31.64000, 36.
31.65000, 40.
31.66000, 37.
31.67000, 26.
31.68000, 25.
31.69000, 38.
31.70000, 43.
31.71000, 35.
31.72000, 34.
31.73000, 33.
31.74000, 36.
31.75000, 31.
31.76000, 28.
31.77000, 31.
31.78000, 30.
31.79000, 31.
31.80000, 29.
31.81000, 40.
31.82000, 41.
31.83000, 29.
31.84000, 36.
31.85000, 32.
31.86000, 36.
31.87000, 22.
31.88000, 29.
31.89000, 30.
31.90000, 30.
31.91000, 34.
31.92000, 31.
31.93000, 35.
31.94000, 37.
31.95000, 32.
31.96000, 35.
31.97000, 35.
31.98000, 34.
31.99000, 26.
32.00000, 38.
32.01000, 27.
32.02000, 31.
32.03000, 23.
32.04000, 32.
32.05000, 31.
32.06000, 43.
32.07000, 47.
32.08000, 35.
32.09000, 26.
32.10000, 31.
32.11000, 26.
32.12000, 43.
32.13000, 34.
32.14000, 30.
32.15000, 47.
32.16000, 26.
32.17000, 39.
32.18000, 29.
32.19000, 29.
32.20000, 31.
32.21000, 21.
32.22000, 29.
32.23000, 35.
32.24000, 23.
32.25000, 28.
32.26000, 31.
32.27000, 25.
32.28000, 33.
32.29000, 24.
32.30000, 37.
32.31000, 28.
32.32000, 26.
32.33000, 21.
32.34000, 25.
32.35000, 27.
32.36000, 24.
32.37000, 31.
32.38000, 27.
32.39000, 20.
32.40000, 33.
32.41000, 23.
32.42000, 18.
32.43000, 31.
32.44000, 25.
32.45000, 23.
32.46000, 18.
32.47000, 21.
32.48000, 19.
32.49000, 29.
32.50000, 21.
32.51000, 27.
32.52000, 18.
32.53000, 21.
32.54000, 24.
32.55000, 35.
32.56000, 19.
32.57000, 25.
32.58000, 27.
32.59000, 25.
32.60000, 25.
32.61000, 14.
32.62000, 21.
32.63000, 24.
32.64000, 22.
32.65000, 14.
32.66000, 20.
32.67000, 25.
32.68000, 18.
32.69000, 34.
32.70000, 26.
32.71000, 20.
32.72000, 17.
32.73000, 33.
32.74000, 25.
32.75000, 29.
32.76000, 22.
32.77000, 28.
32.78000, 26.
32.79000, 28.
32.80000, 22.
32.81000, 13.
32.82000, 21.
32.83000, 19.
32.84000, 23.
32.85000, 27.
32.86000, 21.
32.87000, 21.
32.88000, 25.
32.89000, 19.
32.90000, 27.
32.91000, 15.
32.92000, 28.
32.93000, 25.
32.94000, 23.
32.95000, 23.
32.96000, 14.
32.97000, 23.
32.98000, 27.
32.99000, 30.
33.00000, 32.
33.01000, 22.
33.02000, 29.
33.03000, 30.
33.04000, 19.
33.05000, 25.
33.06000, 31.
33.07000, 23.
33.08000, 29.
33.09000, 17.
33.10000, 17.
33.11000, 29.
33.12000, 20.
33.13000, 20.
33.14000, 24.
33.15000, 26.
33.16000, 18.
33.17000, 16.
33.18000, 25.
33.19000, 20.
33.20000, 26.
33.21000, 19.
33.22000, 27.
33.23000, 23.
33.24000, 18.
33.25000, 22.
33.26000, 19.
33.27000, 21.
33.28000, 15.
33.29000, 26.
33.30000, 18.
33.31000, 20.
33.32000, 23.
33.33000, 18.
33.34000, 28.
33.35000, 23.
33.36000, 23.
33.37000, 21.
33.38000, 20.
33.39000, 27.
33.40000, 23.
33.41000, 19.
33.42000, 17.
33.43000, 27.
33.44000, 23.
33.45000, 22.
33.46000, 29.
33.47000, 18.
33.48000, 25.
33.49000, 22.
33.50000, 28.
33.51000, 30.
33.52000, 21.
33.53000, 31.
33.54000, 22.
33.55000, 23.
33.56000, 21.
33.57000, 24.
33.58000, 18.
33.59000, 22.
33.60000, 22.
33.61000, 27.
33.62000, 17.
33.63000, 28.
33.64000, 23.
33.65000, 27.
33.66000, 16.
33.67000, 25.
33.68000, 25.
33.69000, 21.
33.70000, 21.
33.71000, 27.
33.72000, 19.
33.73000, 21.
33.74000, 26.
33.75000, 21.
33.76000, 18.
33.77000, 21.
33.78000, 22.
33.79000, 20.
33.80000, 27.
33.81000, 22.
33.82000, 21.
33.83000, 20.
33.84000, 22.
33.85000, 20.
33.86000, 25.
33.87000, 31.
33.88000, 18.
33.89000, 18.
33.90000, 15.
33.91000, 21.
33.92000, 21.
33.93000, 22.
33.94000, 18.
33.95000, 22.
33.96000, 22.
33.97000, 22.
33.98000, 19.
33.99000, 16.
34.00000, 20.
34.01000, 22.
34.02000, 9.
34.03000, 17.
34.04000, 20.
34.05000, 17.
34.06000, 23.
34.07000, 18.
34.08000, 25.
34.09000, 19.
34.10000, 24.
34.11000, 21.
34.12000, 20.
34.13000, 32.
34.14000, 24.
34.15000, 20.
34.16000, 17.
34.17000, 20.
34.18000, 19.
34.19000, 21.
34.20000, 28.
34.21000, 20.
34.22000, 18.
34.23000, 29.
34.24000, 17.
34.25000, 23.
34.26000, 16.
34.27000, 20.
34.28000, 22.
34.29000, 20.
34.30000, 19.
34.31000, 16.
34.32000, 22.
34.33000, 21.
34.34000, 20.
34.35000, 14.
34.36000, 13.
34.37000, 23.
34.38000, 24.
34.39000, 23.
34.40000, 21.
34.41000, 17.
34.42000, 15.
34.43000, 16.
34.44000, 20.
34.45000, 24.
34.46000, 22.
34.47000, 11.
34.48000, 20.
34.49000, 19.
34.50000, 22.
34.51000, 16.
34.52000, 11.
34.53000, 24.
34.54000, 16.
34.55000, 27.
34.56000, 28.
34.57000, 17.
34.58000, 17.
34.59000, 25.
34.60000, 23.
34.61000, 9.
34.62000, 14.
34.63000, 12.
34.64000, 23.
34.65000, 17.
34.66000, 18.
34.67000, 14.
34.68000, 19.
34.69000, 20.
34.70000, 29.
34.71000, 11.
34.72000, 10.
34.73000, 26.
34.74000, 13.
34.75000, 20.
34.76000, 19.
34.77000, 24.
34.78000, 13.
34.79000, 15.
34.80000, 20.
34.81000, 23.
34.82000, 22.
34.83000, 16.
34.84000, 18.
34.85000, 18.
34.86000, 16.
34.87000, 18.
34.88000, 18.
34.89000, 13.
34.90000, 15.
34.91000, 16.
34.92000, 23.
34.93000, 18.
34.94000, 21.
34.95000, 24.
34.96000, 12.
34.97000, 15.
34.98000, 12.
34.99000, 24.
35.00000, 14.
35.01000, 13.
35.02000, 16.
35.03000, 8.
35.04000, 15.
35.05000, 14.
35.06000, 18.
35.07000, 16.
35.08000, 19.
35.09000, 16.
35.10000, 17.
35.11000, 15.
35.12000, 13.
35.13000, 17.
35.14000, 16.
35.15000, 15.
35.16000, 16.
35.17000, 23.
35.18000, 13.
35.19000, 18.
35.20000, 25.
35.21000, 12.
35.22000, 17.
35.23000, 18.
35.24000, 11.
35.25000, 11.
35.26000, 16.
35.27000, 16.
35.28000, 18.
35.29000, 20.
35.30000, 10.
35.31000, 20.
35.32000, 14.
35.33000, 9.
35.34000, 18.
35.35000, 19.
35.36000, 13.
35.37000, 13.
35.38000, 23.
35.39000, 18.
35.40000, 18.
35.41000, 18.
35.42000, 11.
35.43000, 20.
35.44000, 20.
35.45000, 18.
35.46000, 19.
35.47000, 16.
35.48000, 15.
35.49000, 18.
35.50000, 13.
35.51000, 16.
35.52000, 25.
35.53000, 17.
35.54000, 18.
35.55000, 15.
35.56000, 13.
35.57000, 12.
35.58000, 19.
35.59000, 22.
35.60000, 10.
35.61000, 13.
35.62000, 20.
35.63000, 19.
35.64000, 19.
35.65000, 15.
35.66000, 14.
35.67000, 18.
35.68000, 15.
35.69000, 15.
35.70000, 5.
35.71000, 28.
35.72000, 15.
35.73000, 12.
35.74000, 19.
35.75000, 19.
35.76000, 12.
35.77000, 8.
35.78000, 18.
35.79000, 15.
35.80000, 14.
35.81000, 8.
35.82000, 22.
35.83000, 18.
35.84000, 18.
35.85000, 10.
35.86000, 17.
35.87000, 16.
35.88000, 13.
35.89000, 10.
35.90000, 11.
35.91000, 14.
35.92000, 16.
35.93000, 16.
35.94000, 19.
35.95000, 17.
35.96000, 14.
35.97000, 15.
35.98000, 17.
35.99000, 9.
36.00000, 13.
36.01000, 21.
36.02000, 14.
36.03000, 20.
36.04000, 13.
36.05000, 14.
36.06000, 10.
36.07000, 13.
36.08000, 14.
36.09000, 14.
36.10000, 23.
36.11000, 23.
36.12000, 13.
36.13000, 14.
36.14000, 22.
36.15000, 18.
36.16000, 16.
36.17000, 17.
36.18000, 11.
36.19000, 12.
36.20000, 14.
36.21000, 10.
36.22000, 12.
36.23000, 15.
36.24000, 14.
36.25000, 10.
36.26000, 13.
36.27000, 13.
36.28000, 25.
36.29000, 9.
36.30000, 18.
36.31000, 13.
36.32000, 15.
36.33000, 12.
36.34000, 21.
36.35000, 18.
36.36000, 11.
36.37000, 21.
36.38000, 16.
36.39000, 14.
36.40000, 14.
36.41000, 21.
36.42000, 8.
36.43000, 10.
36.44000, 13.
36.45000, 15.
36.46000, 12.
36.47000, 16.
36.48000, 17.
36.49000, 12.
36.50000, 15.
36.51000, 16.
36.52000, 13.
36.53000, 12.
36.54000, 17.
36.55000, 10.
36.56000, 6.
36.57000, 13.
36.58000, 9.
36.59000, 6.
36.60000, 11.
36.61000, 13.
36.62000, 11.
36.63000, 9.
36.64000, 8.
36.65000, 10.
36.66000, 15.
36.67000, 6.
36.68000, 22.
36.69000, 19.
36.70000, 13.
36.71000, 12.
36.72000, 12.
36.73000, 10.
36.74000, 11.
36.75000, 15.
36.76000, 8.
36.77000, 10.
36.78000, 11.
36.79000, 16.
36.80000, 8.
36.81000, 9.
36.82000, 11.
36.83000, 11.
36.84000, 11.
36.85000, 9.
36.86000, 8.
36.87000, 15.
36.88000, 14.
36.89000, 14.
36.90000, 12.
36.91000, 7.
36.92000, 13.
36.93000, 12.
36.94000, 14.
36.95000, 9.
36.96000, 8.
36.97000, 9.
36.98000, 10.
36.99000, 11.
37.00000, 10.
37.01000, 5.
37.02000, 16.
37.03000, 13.
37.04000, 9.
37.05000, 10.
37.06000, 9.
37.07000, 10.
37.08000, 13.
37.09000, 11.
37.10000, 11.
37.11000, 7.
37.12000, 11.
37.13000, 13.
37.14000, 13.
37.15000, 13.
37.16000, 8.
37.17000, 8.
37.18000, 10.
37.19000, 8.
37.20000, 5.
37.21000, 11.
37.22000, 9.
37.23000, 5.
37.24000, 10.
37.25000, 8.
37.26000, 14.
37.27000, 13.
37.28000, 9.
37.29000, 11.
37.30000, 9.
37.31000, 12.
37.32000, 17.
37.33000, 11.
37.34000, 13.
37.35000, 9.
37.36000, 9.
37.37000, 11.
37.38000, 6.
37.39000, 11.
37.40000, 11.
37.41000, 16.
37.42000, 8.
37.43000, 16.
37.44000, 10.
37.45000, 11.
37.46000, 6.
37.47000, 11.
37.48000, 14.
37.49000, 12.
37.50000, 15.
37.51000, 7.
37.52000, 10.
37.53000, 17.
37.54000, 13.
37.55000, 13.
37.56000, 5.
37.57000, 10.
37.58000, 14.
37.59000, 10.
37.60000, 11.
37.61000, 8.
37.62000, 5.
37.63000, 11.
37.64000, 13.
37.65000, 10.
37.66000, 9.
37.67000, 16.
37.68000, 14.
37.69000, 8.
37.70000, 7.
37.71000, 7.
37.72000, 5.
37.73000, 5.
37.74000, 6.
37.75000, 12.
37.76000, 8.
37.77000, 6.
37.78000, 13.
37.79000, 12.
37.80000, 10.
37.81000, 7.
37.82000, 8.
37.83000, 6.
37.84000, 14.
37.85000, 9.
37.86000, 9.
37.87000, 9.
37.88000, 8.
37.89000, 7.
37.90000, 11.
37.91000, 8.
37.92000, 11.
37.93000, 17.
37.94000, 8.
37.95000, 5.
37.96000, 9.
37.97000, 12.
37.98000, 7.
37.99000, 3.
38.00000, 8.
38.01000, 7.
38.02000, 8.
38.03000, 7.
38.04000, 9.
38.05000, 17.
38.06000, 6.
38.07000, 6.
38.08000, 7.
38.09000, 5.
38.10000, 12.
38.11000, 11.
38.12000, 16.
38.13000, 9.
38.14000, 9.
38.15000, 11.
38.16000, 9.
38.17000, 8.
38.18000, 10.
38.19000, 10.
38.20000, 7.
38.21000, 10.
38.22000, 8.
38.23000, 10.
38.24000, 6.
38.25000, 10.
38.26000, 9.
38.27000, 9.
38.28000, 8.
38.29000, 8.
38.30000, 6.
38.31000, 12.
38.32000, 12.
38.33000, 5.
38.34000, 8.
38.35000, 11.
38.36000, 6.
38.37000, 7.
38.38000, 10.
38.39000, 14.
38.40000, 9.
38.41000, 12.
38.42000, 8.
38.43000, 11.
38.44000, 8.
38.45000, 8.
38.46000, 7.
38.47000, 11.
38.48000, 7.
38.49000, 8.
38.50000, 15.
38.51000, 7.
38.52000, 11.
38.53000, 7.
38.54000, 8.
38.55000, 6.
38.56000, 5.
38.57000, 10.
38.58000, 12.
38.59000, 8.
38.60000, 7.
38.61000, 8.
38.62000, 15.
38.63000, 11.
38.64000, 5.
38.65000, 1.
38.66000, 7.
38.67000, 16.
38.68000, 9.
38.69000, 3.
38.70000, 5.
38.71000, 5.
38.72000, 9.
38.73000, 7.
38.74000, 8.
38.75000, 7.
38.76000, 7.
38.77000, 5.
38.78000, 11.
38.79000, 12.
38.80000, 7.
38.81000, 5.
38.82000, 6.
38.83000, 10.
38.84000, 10.
38.85000, 10.
38.86000, 10.
38.87000, 2.
38.88000, 3.
38.89000, 6.
38.90000, 12.
38.91000, 2.
38.92000, 9.
38.93000, 11.
38.94000, 9.
38.95000, 7.
38.96000, 5.
38.97000, 5.
38.98000, 6.
38.99000, 6.
39.00000, 7.
39.01000, 10.
39.02000, 9.
39.03000, 6.
39.04000, 9.
39.05000, 6.
39.06000, 10.
39.07000, 5.
39.08000, 13.
39.09000, 6.
39.10000, 11.
39.11000, 8.
39.12000, 8.
39.13000, 6.
39.14000, 5.
39.15000, 3.
39.16000, 9.
39.17000, 12.
39.18000, 13.
39.19000, 4.
39.20000, 11.
39.21000, 8.
39.22000, 9.
39.23000, 10.
39.24000, 4.
39.25000, 6.
39.26000, 5.
39.27000, 9.
39.28000, 9.
39.29000, 8.
39.30000, 7.
39.31000, 4.
39.32000, 8.
39.33000, 6.
39.34000, 4.
39.35000, 6.
39.36000, 7.
39.37000, 7.
39.38000, 6.
39.39000, 6.
39.40000, 5.
39.41000, 8.
39.42000, 4.
39.43000, 5.
39.44000, 8.
39.45000, 4.
39.46000, 8.
39.47000, 4.
39.48000, 10.
39.49000, 7.
39.50000, 4.
39.51000, 4.
39.52000, 4.
39.53000, 9.
39.54000, 8.
39.55000, 5.
39.56000, 4.
39.57000, 8.
39.58000, 4.
39.59000, 2.
39.60000, 4.
39.61000, 4.
39.62000, 12.
39.63000, 1.
39.64000, 4.
39.65000, 2.
39.66000, 7.
39.67000, 10.
39.68000, 5.
39.69000, 2.
39.70000, 7.
39.71000, 6.
39.72000, 5.
39.73000, 2.
39.74000, 8.
39.75000, 3.
39.76000, 6.
39.77000, 5.
39.78000, 5.
39.79000, 1.
39.80000, 7.
39.81000, 8.
39.82000, 3.
39.83000, 3.
39.84000, 4.
39.85000, 4.
39.86000, 7.
39.87000, 11.
39.88000, 7.
39.89000, 3.
39.90000, 2.
39.91000, 5.
39.92000, 8.
39.93000, 8.
39.94000, 4.
39.95000, 5.
39.96000, 6.
39.97000, 8.
39.98000, 4.
39.99000, 3.
40.00000, 6.
40.01000, 6.
40.02000, 8.
40.03000, 6.
40.04000, 4.
40.05000, 3.
40.06000, 3.
40.07000, 5.
40.08000, 6.
40.09000, 9.
40.10000, 14.
40.11000, 5.
40.12000, 6.
40.13000, 14.
40.14000, 6.
40.15000, 4.
40.16000, 9.
40.17000, 2.
40.18000, 9.
40.19000, 5.
40.20000, 3.
40.21000, 4.
40.22000, 10.
40.23000, 2.
40.24000, 5.
40.25000, 4.
40.26000, 4.
40.27000, 3.
40.28000, 8.
40.29000, 2.
40.30000, 4.
40.31000, 3.
40.32000, 5.
40.33000, 4.
40.34000, 4.
40.35000, 6.
40.36000, 6.
40.37000, 6.
40.38000, 4.
40.39000, 4.
40.40000, 2.
40.41000, 8.
40.42000, 5.
40.43000, 6.
40.44000, 2.
40.45000, 2.
40.46000, 7.
40.47000, 5.
40.48000, 5.
40.49000, 4.
40.50000, 2.
40.51000, 3.
40.52000, 1.
40.53000, 4.
40.54000, 3.
40.55000, 0.
#ENDOFDATA   : 
