#FORMAT      : EMSA/MAS Spectral Data File
#VERSION     : 1.0
#TITLE       : Spectrum 2
#DATE        : 21-AUG-2025
#TIME        : 15:06
#OWNER       : XGT7200
#NPOINTS     : 4096.
#NCOLUMNS    : 1.
#XUNITS      : keV
#YUNITS      : counts
#DATATYPE    : XY
#XPERCHAN    : 0.0100000
#OFFSET      : -0.400000
#SIGNALTYPE  : EDS
#CHOFFSET    : 40.0000
#LIVETIME    : 30.000000
#REALTIME    : 39.479019
#BEAMKV      : 50.0000
#PROBECUR    : 695000.
#MAGCAM      : 100.000
#XTILTSTGE   : 0.0
#AZIMANGLE   : 0.0
#ELEVANGLE   : 45.0
#XPOSITION mm: 0.0000
#YPOSITION mm: 0.0000
#ZPOSITION mm: 0.0000
##OXINSTPT   : 4
##OXINSTSTROB: 72.06
#SPECTRUM    : Spectral Data Starts Here
-0.40000, 0.
-0.39000, 0.
-0.38000, 0.
-0.37000, 0.
-0.36000, 0.
-0.35000, 0.
-0.34000, 0.
-0.33000, 0.
-0.32000, 0.
-0.31000, 0.
-0.30000, 0.
-0.29000, 0.
-0.28000, 0.
-0.27000, 0.
-0.26000, 0.
-0.25000, 0.
-0.24000, 0.
-0.23000, 0.
-0.22000, 0.
-0.21000, 0.
-0.20000, 0.
-0.19000, 0.
-0.18000, 0.
-0.17000, 0.
-0.16000, 0.
-0.15000, 0.
-0.14000, 0.
-0.13000, 0.
-0.12000, 0.
-0.11000, 0.
-0.10000, 0.
-0.09000, 0.
-0.08000, 0.
-0.07000, 0.
-0.06000, 0.
-0.05000, 0.
-0.04000, 0.
-0.03000, 0.
-0.02000, 0.
-0.01000, 0.
0.00000, 0.
0.01000, 0.
0.02000, 0.
0.03000, 0.
0.04000, 0.
0.05000, 0.
0.06000, 0.
0.07000, 0.
0.08000, 0.
0.09000, 0.
0.10000, 0.
0.11000, 0.
0.12000, 0.
0.13000, 0.
0.14000, 0.
0.15000, 0.
0.16000, 0.
0.17000, 0.
0.18000, 0.
0.19000, 0.
0.20000, 0.
0.21000, 0.
0.22000, 0.
0.23000, 0.
0.24000, 0.
0.25000, 0.
0.26000, 0.
0.27000, 0.
0.28000, 0.
0.29000, 0.
0.30000, 0.
0.31000, 0.
0.32000, 0.
0.33000, 0.
0.34000, 3.
0.35000, 4.
0.36000, 4.
0.37000, 7.
0.38000, 9.
0.39000, 20.
0.40000, 21.
0.41000, 22.
0.42000, 32.
0.43000, 34.
0.44000, 38.
0.45000, 29.
0.46000, 41.
0.47000, 51.
0.48000, 45.
0.49000, 48.
0.50000, 49.
0.51000, 36.
0.52000, 50.
0.53000, 35.
0.54000, 42.
0.55000, 41.
0.56000, 41.
0.57000, 34.
0.58000, 38.
0.59000, 54.
0.60000, 52.
0.61000, 40.
0.62000, 32.
0.63000, 43.
0.64000, 36.
0.65000, 39.
0.66000, 35.
0.67000, 30.
0.68000, 45.
0.69000, 30.
0.70000, 45.
0.71000, 37.
0.72000, 26.
0.73000, 43.
0.74000, 43.
0.75000, 46.
0.76000, 44.
0.77000, 35.
0.78000, 44.
0.79000, 42.
0.80000, 34.
0.81000, 36.
0.82000, 45.
0.83000, 36.
0.84000, 33.
0.85000, 42.
0.86000, 42.
0.87000, 29.
0.88000, 34.
0.89000, 31.
0.90000, 41.
0.91000, 43.
0.92000, 29.
0.93000, 46.
0.94000, 38.
0.95000, 52.
0.96000, 42.
0.97000, 35.
0.98000, 35.
0.99000, 46.
1.00000, 44.
1.01000, 42.
1.02000, 50.
1.03000, 55.
1.04000, 60.
1.05000, 64.
1.06000, 49.
1.07000, 42.
1.08000, 42.
1.09000, 45.
1.10000, 41.
1.11000, 48.
1.12000, 40.
1.13000, 35.
1.14000, 40.
1.15000, 43.
1.16000, 34.
1.17000, 37.
1.18000, 41.
1.19000, 40.
1.20000, 56.
1.21000, 61.
1.22000, 71.
1.23000, 88.
1.24000, 67.
1.25000, 74.
1.26000, 78.
1.27000, 88.
1.28000, 60.
1.29000, 63.
1.30000, 54.
1.31000, 54.
1.32000, 49.
1.33000, 39.
1.34000, 41.
1.35000, 55.
1.36000, 40.
1.37000, 45.
1.38000, 42.
1.39000, 71.
1.40000, 95.
1.41000, 152.
1.42000, 165.
1.43000, 263.
1.44000, 366.
1.45000, 466.
1.46000, 582.
1.47000, 713.
1.48000, 746.
1.49000, 717.
1.50000, 736.
1.51000, 637.
1.52000, 679.
1.53000, 560.
1.54000, 410.
1.55000, 344.
1.56000, 224.
1.57000, 185.
1.58000, 153.
1.59000, 109.
1.60000, 104.
1.61000, 83.
1.62000, 147.
1.63000, 190.
1.64000, 298.
1.65000, 489.
1.66000, 818.
1.67000, 1211.
1.68000, 1787.
1.69000, 2574.
1.70000, 3240.
1.71000, 4200.
1.72000, 4941.
1.73000, 5708.
1.74000, 5945.
1.75000, 6125.
1.76000, 5616.
1.77000, 5236.
1.78000, 4421.
1.79000, 3584.
1.80000, 2866.
1.81000, 2019.
1.82000, 1568.
1.83000, 1071.
1.84000, 748.
1.85000, 554.
1.86000, 380.
1.87000, 302.
1.88000, 199.
1.89000, 164.
1.90000, 120.
1.91000, 100.
1.92000, 92.
1.93000, 77.
1.94000, 61.
1.95000, 70.
1.96000, 67.
1.97000, 81.
1.98000, 74.
1.99000, 78.
2.00000, 91.
2.01000, 103.
2.02000, 89.
2.03000, 75.
2.04000, 85.
2.05000, 78.
2.06000, 63.
2.07000, 38.
2.08000, 60.
2.09000, 36.
2.10000, 40.
2.11000, 26.
2.12000, 30.
2.13000, 24.
2.14000, 23.
2.15000, 29.
2.16000, 28.
2.17000, 33.
2.18000, 27.
2.19000, 30.
2.20000, 23.
2.21000, 33.
2.22000, 24.
2.23000, 28.
2.24000, 27.
2.25000, 43.
2.26000, 50.
2.27000, 40.
2.28000, 55.
2.29000, 58.
2.30000, 62.
2.31000, 47.
2.32000, 51.
2.33000, 49.
2.34000, 52.
2.35000, 40.
2.36000, 50.
2.37000, 30.
2.38000, 35.
2.39000, 27.
2.40000, 30.
2.41000, 38.
2.42000, 28.
2.43000, 25.
2.44000, 34.
2.45000, 31.
2.46000, 11.
2.47000, 29.
2.48000, 31.
2.49000, 39.
2.50000, 29.
2.51000, 30.
2.52000, 47.
2.53000, 37.
2.54000, 37.
2.55000, 39.
2.56000, 48.
2.57000, 68.
2.58000, 79.
2.59000, 93.
2.60000, 100.
2.61000, 106.
2.62000, 170.
2.63000, 216.
2.64000, 240.
2.65000, 286.
2.66000, 323.
2.67000, 404.
2.68000, 451.
2.69000, 448.
2.70000, 486.
2.71000, 436.
2.72000, 426.
2.73000, 402.
2.74000, 334.
2.75000, 325.
2.76000, 263.
2.77000, 235.
2.78000, 214.
2.79000, 224.
2.80000, 222.
2.81000, 238.
2.82000, 265.
2.83000, 256.
2.84000, 238.
2.85000, 271.
2.86000, 252.
2.87000, 227.
2.88000, 215.
2.89000, 167.
2.90000, 181.
2.91000, 140.
2.92000, 125.
2.93000, 132.
2.94000, 118.
2.95000, 77.
2.96000, 72.
2.97000, 73.
2.98000, 56.
2.99000, 52.
3.00000, 56.
3.01000, 62.
3.02000, 47.
3.03000, 54.
3.04000, 57.
3.05000, 39.
3.06000, 36.
3.07000, 40.
3.08000, 28.
3.09000, 44.
3.10000, 25.
3.11000, 22.
3.12000, 16.
3.13000, 34.
3.14000, 45.
3.15000, 38.
3.16000, 39.
3.17000, 47.
3.18000, 49.
3.19000, 48.
3.20000, 78.
3.21000, 98.
3.22000, 132.
3.23000, 199.
3.24000, 243.
3.25000, 310.
3.26000, 381.
3.27000, 456.
3.28000, 533.
3.29000, 642.
3.30000, 698.
3.31000, 738.
3.32000, 730.
3.33000, 707.
3.34000, 678.
3.35000, 635.
3.36000, 537.
3.37000, 430.
3.38000, 323.
3.39000, 266.
3.40000, 208.
3.41000, 128.
3.42000, 128.
3.43000, 83.
3.44000, 82.
3.45000, 65.
3.46000, 48.
3.47000, 55.
3.48000, 55.
3.49000, 57.
3.50000, 66.
3.51000, 52.
3.52000, 77.
3.53000, 71.
3.54000, 104.
3.55000, 123.
3.56000, 138.
3.57000, 185.
3.58000, 234.
3.59000, 259.
3.60000, 340.
3.61000, 441.
3.62000, 512.
3.63000, 609.
3.64000, 749.
3.65000, 817.
3.66000, 963.
3.67000, 1060.
3.68000, 1141.
3.69000, 1190.
3.70000, 1132.
3.71000, 1154.
3.72000, 1012.
3.73000, 981.
3.74000, 801.
3.75000, 678.
3.76000, 569.
3.77000, 431.
3.78000, 296.
3.79000, 234.
3.80000, 147.
3.81000, 119.
3.82000, 80.
3.83000, 56.
3.84000, 39.
3.85000, 36.
3.86000, 19.
3.87000, 42.
3.88000, 33.
3.89000, 51.
3.90000, 40.
3.91000, 48.
3.92000, 54.
3.93000, 74.
3.94000, 89.
3.95000, 96.
3.96000, 118.
3.97000, 147.
3.98000, 182.
3.99000, 160.
4.00000, 203.
4.01000, 190.
4.02000, 184.
4.03000, 183.
4.04000, 189.
4.05000, 211.
4.06000, 163.
4.07000, 121.
4.08000, 109.
4.09000, 84.
4.10000, 85.
4.11000, 57.
4.12000, 51.
4.13000, 36.
4.14000, 41.
4.15000, 36.
4.16000, 35.
4.17000, 39.
4.18000, 29.
4.19000, 24.
4.20000, 32.
4.21000, 30.
4.22000, 21.
4.23000, 31.
4.24000, 28.
4.25000, 26.
4.26000, 27.
4.27000, 35.
4.28000, 31.
4.29000, 40.
4.30000, 29.
4.31000, 24.
4.32000, 41.
4.33000, 30.
4.34000, 41.
4.35000, 41.
4.36000, 55.
4.37000, 59.
4.38000, 55.
4.39000, 90.
4.40000, 108.
4.41000, 142.
4.42000, 198.
4.43000, 234.
4.44000, 287.
4.45000, 321.
4.46000, 389.
4.47000, 490.
4.48000, 497.
4.49000, 606.
4.50000, 633.
4.51000, 595.
4.52000, 605.
4.53000, 570.
4.54000, 545.
4.55000, 458.
4.56000, 414.
4.57000, 346.
4.58000, 273.
4.59000, 268.
4.60000, 219.
4.61000, 198.
4.62000, 190.
4.63000, 123.
4.64000, 113.
4.65000, 108.
4.66000, 107.
4.67000, 119.
4.68000, 98.
4.69000, 100.
4.70000, 101.
4.71000, 103.
4.72000, 76.
4.73000, 92.
4.74000, 76.
4.75000, 86.
4.76000, 54.
4.77000, 62.
4.78000, 80.
4.79000, 83.
4.80000, 73.
4.81000, 80.
4.82000, 86.
4.83000, 97.
4.84000, 112.
4.85000, 98.
4.86000, 111.
4.87000, 112.
4.88000, 128.
4.89000, 115.
4.90000, 131.
4.91000, 122.
4.92000, 155.
4.93000, 155.
4.94000, 162.
4.95000, 139.
4.96000, 120.
4.97000, 147.
4.98000, 128.
4.99000, 116.
5.00000, 109.
5.01000, 95.
5.02000, 80.
5.03000, 70.
5.04000, 68.
5.05000, 52.
5.06000, 60.
5.07000, 48.
5.08000, 52.
5.09000, 61.
5.10000, 58.
5.11000, 48.
5.12000, 54.
5.13000, 65.
5.14000, 55.
5.15000, 63.
5.16000, 40.
5.17000, 45.
5.18000, 52.
5.19000, 54.
5.20000, 63.
5.21000, 54.
5.22000, 60.
5.23000, 58.
5.24000, 51.
5.25000, 60.
5.26000, 66.
5.27000, 59.
5.28000, 63.
5.29000, 47.
5.30000, 55.
5.31000, 67.
5.32000, 54.
5.33000, 64.
5.34000, 61.
5.35000, 70.
5.36000, 52.
5.37000, 74.
5.38000, 72.
5.39000, 66.
5.40000, 72.
5.41000, 73.
5.42000, 72.
5.43000, 88.
5.44000, 82.
5.45000, 77.
5.46000, 76.
5.47000, 78.
5.48000, 73.
5.49000, 58.
5.50000, 66.
5.51000, 62.
5.52000, 52.
5.53000, 54.
5.54000, 61.
5.55000, 72.
5.56000, 59.
5.57000, 57.
5.58000, 69.
5.59000, 72.
5.60000, 66.
5.61000, 51.
5.62000, 52.
5.63000, 66.
5.64000, 53.
5.65000, 61.
5.66000, 57.
5.67000, 72.
5.68000, 58.
5.69000, 45.
5.70000, 52.
5.71000, 59.
5.72000, 68.
5.73000, 58.
5.74000, 83.
5.75000, 92.
5.76000, 90.
5.77000, 113.
5.78000, 107.
5.79000, 123.
5.80000, 184.
5.81000, 210.
5.82000, 234.
5.83000, 251.
5.84000, 328.
5.85000, 358.
5.86000, 405.
5.87000, 408.
5.88000, 488.
5.89000, 439.
5.90000, 467.
5.91000, 395.
5.92000, 404.
5.93000, 418.
5.94000, 362.
5.95000, 319.
5.96000, 315.
5.97000, 262.
5.98000, 229.
5.99000, 180.
6.00000, 156.
6.01000, 147.
6.02000, 105.
6.03000, 97.
6.04000, 90.
6.05000, 84.
6.06000, 97.
6.07000, 77.
6.08000, 73.
6.09000, 89.
6.10000, 89.
6.11000, 108.
6.12000, 111.
6.13000, 109.
6.14000, 117.
6.15000, 119.
6.16000, 141.
6.17000, 131.
6.18000, 167.
6.19000, 158.
6.20000, 249.
6.21000, 292.
6.22000, 392.
6.23000, 518.
6.24000, 751.
6.25000, 1033.
6.26000, 1380.
6.27000, 1883.
6.28000, 2649.
6.29000, 3466.
6.30000, 4511.
6.31000, 5698.
6.32000, 7183.
6.33000, 8744.
6.34000, 10191.
6.35000, 11885.
6.36000, 13522.
6.37000, 14393.
6.38000, 15600.
6.39000, 16200.
6.40000, 16227.
6.41000, 16017.
6.42000, 15259.
6.43000, 14239.
6.44000, 13102.
6.45000, 11475.
6.46000, 9916.
6.47000, 8595.
6.48000, 6818.
6.49000, 5497.
6.50000, 4247.
6.51000, 3240.
6.52000, 2497.
6.53000, 1766.
6.54000, 1281.
6.55000, 868.
6.56000, 669.
6.57000, 440.
6.58000, 342.
6.59000, 226.
6.60000, 192.
6.61000, 166.
6.62000, 146.
6.63000, 123.
6.64000, 101.
6.65000, 109.
6.66000, 108.
6.67000, 101.
6.68000, 115.
6.69000, 90.
6.70000, 104.
6.71000, 96.
6.72000, 102.
6.73000, 105.
6.74000, 99.
6.75000, 102.
6.76000, 123.
6.77000, 101.
6.78000, 91.
6.79000, 121.
6.80000, 122.
6.81000, 117.
6.82000, 130.
6.83000, 119.
6.84000, 145.
6.85000, 166.
6.86000, 162.
6.87000, 190.
6.88000, 210.
6.89000, 243.
6.90000, 319.
6.91000, 399.
6.92000, 425.
6.93000, 571.
6.94000, 705.
6.95000, 851.
6.96000, 1058.
6.97000, 1239.
6.98000, 1422.
6.99000, 1726.
7.00000, 1820.
7.01000, 2138.
7.02000, 2314.
7.03000, 2458.
7.04000, 2607.
7.05000, 2650.
7.06000, 2557.
7.07000, 2447.
7.08000, 2329.
7.09000, 2153.
7.10000, 2057.
7.11000, 1730.
7.12000, 1577.
7.13000, 1329.
7.14000, 1132.
7.15000, 916.
7.16000, 747.
7.17000, 592.
7.18000, 415.
7.19000, 364.
7.20000, 278.
7.21000, 212.
7.22000, 147.
7.23000, 128.
7.24000, 112.
7.25000, 100.
7.26000, 91.
7.27000, 66.
7.28000, 76.
7.29000, 78.
7.30000, 90.
7.31000, 71.
7.32000, 69.
7.33000, 83.
7.34000, 62.
7.35000, 76.
7.36000, 72.
7.37000, 68.
7.38000, 69.
7.39000, 76.
7.40000, 65.
7.41000, 71.
7.42000, 65.
7.43000, 84.
7.44000, 68.
7.45000, 86.
7.46000, 83.
7.47000, 75.
7.48000, 80.
7.49000, 72.
7.50000, 92.
7.51000, 88.
7.52000, 75.
7.53000, 56.
7.54000, 62.
7.55000, 75.
7.56000, 63.
7.57000, 75.
7.58000, 79.
7.59000, 66.
7.60000, 65.
7.61000, 81.
7.62000, 75.
7.63000, 69.
7.64000, 71.
7.65000, 82.
7.66000, 76.
7.67000, 67.
7.68000, 76.
7.69000, 72.
7.70000, 71.
7.71000, 84.
7.72000, 85.
7.73000, 84.
7.74000, 79.
7.75000, 91.
7.76000, 100.
7.77000, 78.
7.78000, 85.
7.79000, 86.
7.80000, 76.
7.81000, 76.
7.82000, 74.
7.83000, 100.
7.84000, 79.
7.85000, 88.
7.86000, 93.
7.87000, 85.
7.88000, 92.
7.89000, 104.
7.90000, 129.
7.91000, 127.
7.92000, 105.
7.93000, 116.
7.94000, 113.
7.95000, 116.
7.96000, 104.
7.97000, 122.
7.98000, 139.
7.99000, 125.
8.00000, 128.
8.01000, 137.
8.02000, 145.
8.03000, 165.
8.04000, 140.
8.05000, 137.
8.06000, 154.
8.07000, 144.
8.08000, 149.
8.09000, 140.
8.10000, 153.
8.11000, 154.
8.12000, 152.
8.13000, 140.
8.14000, 138.
8.15000, 129.
8.16000, 126.
8.17000, 146.
8.18000, 143.
8.19000, 122.
8.20000, 130.
8.21000, 113.
8.22000, 115.
8.23000, 111.
8.24000, 112.
8.25000, 120.
8.26000, 89.
8.27000, 97.
8.28000, 94.
8.29000, 109.
8.30000, 101.
8.31000, 104.
8.32000, 92.
8.33000, 102.
8.34000, 113.
8.35000, 83.
8.36000, 106.
8.37000, 109.
8.38000, 101.
8.39000, 95.
8.40000, 81.
8.41000, 89.
8.42000, 111.
8.43000, 117.
8.44000, 90.
8.45000, 91.
8.46000, 102.
8.47000, 87.
8.48000, 120.
8.49000, 120.
8.50000, 95.
8.51000, 102.
8.52000, 110.
8.53000, 114.
8.54000, 137.
8.55000, 139.
8.56000, 128.
8.57000, 144.
8.58000, 142.
8.59000, 166.
8.60000, 152.
8.61000, 166.
8.62000, 161.
8.63000, 143.
8.64000, 148.
8.65000, 153.
8.66000, 172.
8.67000, 135.
8.68000, 157.
8.69000, 135.
8.70000, 127.
8.71000, 136.
8.72000, 115.
8.73000, 120.
8.74000, 131.
8.75000, 127.
8.76000, 101.
8.77000, 103.
8.78000, 115.
8.79000, 103.
8.80000, 113.
8.81000, 96.
8.82000, 114.
8.83000, 108.
8.84000, 117.
8.85000, 113.
8.86000, 108.
8.87000, 132.
8.88000, 125.
8.89000, 110.
8.90000, 128.
8.91000, 109.
8.92000, 115.
8.93000, 101.
8.94000, 113.
8.95000, 127.
8.96000, 134.
8.97000, 108.
8.98000, 127.
8.99000, 115.
9.00000, 106.
9.01000, 113.
9.02000, 106.
9.03000, 92.
9.04000, 103.
9.05000, 127.
9.06000, 126.
9.07000, 114.
9.08000, 111.
9.09000, 124.
9.10000, 113.
9.11000, 115.
9.12000, 133.
9.13000, 109.
9.14000, 130.
9.15000, 114.
9.16000, 121.
9.17000, 110.
9.18000, 108.
9.19000, 126.
9.20000, 123.
9.21000, 116.
9.22000, 123.
9.23000, 114.
9.24000, 126.
9.25000, 127.
9.26000, 132.
9.27000, 131.
9.28000, 128.
9.29000, 127.
9.30000, 127.
9.31000, 126.
9.32000, 140.
9.33000, 126.
9.34000, 117.
9.35000, 113.
9.36000, 123.
9.37000, 105.
9.38000, 126.
9.39000, 110.
9.40000, 108.
9.41000, 122.
9.42000, 112.
9.43000, 120.
9.44000, 136.
9.45000, 135.
9.46000, 122.
9.47000, 100.
9.48000, 126.
9.49000, 111.
9.50000, 122.
9.51000, 118.
9.52000, 138.
9.53000, 112.
9.54000, 96.
9.55000, 131.
9.56000, 126.
9.57000, 122.
9.58000, 132.
9.59000, 119.
9.60000, 111.
9.61000, 98.
9.62000, 109.
9.63000, 117.
9.64000, 148.
9.65000, 116.
9.66000, 115.
9.67000, 122.
9.68000, 137.
9.69000, 135.
9.70000, 114.
9.71000, 120.
9.72000, 112.
9.73000, 109.
9.74000, 116.
9.75000, 137.
9.76000, 117.
9.77000, 106.
9.78000, 104.
9.79000, 124.
9.80000, 111.
9.81000, 105.
9.82000, 128.
9.83000, 108.
9.84000, 113.
9.85000, 116.
9.86000, 132.
9.87000, 138.
9.88000, 118.
9.89000, 123.
9.90000, 123.
9.91000, 106.
9.92000, 120.
9.93000, 125.
9.94000, 106.
9.95000, 127.
9.96000, 117.
9.97000, 114.
9.98000, 134.
9.99000, 136.
10.00000, 111.
10.01000, 108.
10.02000, 130.
10.03000, 118.
10.04000, 130.
10.05000, 128.
10.06000, 131.
10.07000, 121.
10.08000, 118.
10.09000, 118.
10.10000, 120.
10.11000, 127.
10.12000, 122.
10.13000, 129.
10.14000, 121.
10.15000, 120.
10.16000, 134.
10.17000, 115.
10.18000, 119.
10.19000, 131.
10.20000, 123.
10.21000, 125.
10.22000, 131.
10.23000, 117.
10.24000, 116.
10.25000, 139.
10.26000, 139.
10.27000, 130.
10.28000, 113.
10.29000, 123.
10.30000, 124.
10.31000, 110.
10.32000, 124.
10.33000, 111.
10.34000, 120.
10.35000, 122.
10.36000, 120.
10.37000, 148.
10.38000, 114.
10.39000, 126.
10.40000, 126.
10.41000, 159.
10.42000, 120.
10.43000, 140.
10.44000, 127.
10.45000, 141.
10.46000, 124.
10.47000, 150.
10.48000, 124.
10.49000, 143.
10.50000, 135.
10.51000, 160.
10.52000, 133.
10.53000, 139.
10.54000, 142.
10.55000, 142.
10.56000, 150.
10.57000, 128.
10.58000, 139.
10.59000, 117.
10.60000, 142.
10.61000, 135.
10.62000, 148.
10.63000, 143.
10.64000, 149.
10.65000, 114.
10.66000, 139.
10.67000, 130.
10.68000, 120.
10.69000, 128.
10.70000, 116.
10.71000, 125.
10.72000, 115.
10.73000, 144.
10.74000, 115.
10.75000, 124.
10.76000, 128.
10.77000, 127.
10.78000, 125.
10.79000, 134.
10.80000, 132.
10.81000, 147.
10.82000, 121.
10.83000, 125.
10.84000, 124.
10.85000, 125.
10.86000, 150.
10.87000, 146.
10.88000, 109.
10.89000, 121.
10.90000, 121.
10.91000, 135.
10.92000, 122.
10.93000, 134.
10.94000, 111.
10.95000, 149.
10.96000, 146.
10.97000, 125.
10.98000, 149.
10.99000, 126.
11.00000, 120.
11.01000, 143.
11.02000, 121.
11.03000, 137.
11.04000, 145.
11.05000, 153.
11.06000, 128.
11.07000, 149.
11.08000, 157.
11.09000, 134.
11.10000, 139.
11.11000, 152.
11.12000, 144.
11.13000, 132.
11.14000, 139.
11.15000, 155.
11.16000, 116.
11.17000, 100.
11.18000, 141.
11.19000, 133.
11.20000, 131.
11.21000, 141.
11.22000, 140.
11.23000, 143.
11.24000, 135.
11.25000, 111.
11.26000, 129.
11.27000, 143.
11.28000, 137.
11.29000, 144.
11.30000, 140.
11.31000, 150.
11.32000, 121.
11.33000, 116.
11.34000, 147.
11.35000, 127.
11.36000, 115.
11.37000, 136.
11.38000, 119.
11.39000, 125.
11.40000, 124.
11.41000, 124.
11.42000, 147.
11.43000, 127.
11.44000, 141.
11.45000, 137.
11.46000, 144.
11.47000, 143.
11.48000, 136.
11.49000, 123.
11.50000, 136.
11.51000, 147.
11.52000, 139.
11.53000, 119.
11.54000, 136.
11.55000, 145.
11.56000, 125.
11.57000, 159.
11.58000, 132.
11.59000, 109.
11.60000, 136.
11.61000, 140.
11.62000, 125.
11.63000, 137.
11.64000, 129.
11.65000, 129.
11.66000, 137.
11.67000, 136.
11.68000, 130.
11.69000, 127.
11.70000, 118.
11.71000, 142.
11.72000, 141.
11.73000, 138.
11.74000, 128.
11.75000, 120.
11.76000, 145.
11.77000, 143.
11.78000, 135.
11.79000, 133.
11.80000, 150.
11.81000, 143.
11.82000, 132.
11.83000, 139.
11.84000, 131.
11.85000, 137.
11.86000, 144.
11.87000, 135.
11.88000, 171.
11.89000, 148.
11.90000, 136.
11.91000, 120.
11.92000, 150.
11.93000, 149.
11.94000, 148.
11.95000, 141.
11.96000, 142.
11.97000, 144.
11.98000, 145.
11.99000, 141.
12.00000, 169.
12.01000, 139.
12.02000, 146.
12.03000, 142.
12.04000, 155.
12.05000, 147.
12.06000, 138.
12.07000, 144.
12.08000, 137.
12.09000, 132.
12.10000, 140.
12.11000, 144.
12.12000, 127.
12.13000, 140.
12.14000, 146.
12.15000, 156.
12.16000, 114.
12.17000, 137.
12.18000, 136.
12.19000, 117.
12.20000, 136.
12.21000, 151.
12.22000, 122.
12.23000, 148.
12.24000, 155.
12.25000, 162.
12.26000, 135.
12.27000, 139.
12.28000, 165.
12.29000, 148.
12.30000, 150.
12.31000, 148.
12.32000, 176.
12.33000, 139.
12.34000, 151.
12.35000, 148.
12.36000, 152.
12.37000, 138.
12.38000, 135.
12.39000, 124.
12.40000, 147.
12.41000, 148.
12.42000, 139.
12.43000, 153.
12.44000, 142.
12.45000, 154.
12.46000, 159.
12.47000, 150.
12.48000, 143.
12.49000, 149.
12.50000, 145.
12.51000, 139.
12.52000, 145.
12.53000, 164.
12.54000, 162.
12.55000, 162.
12.56000, 151.
12.57000, 163.
12.58000, 132.
12.59000, 153.
12.60000, 160.
12.61000, 164.
12.62000, 140.
12.63000, 157.
12.64000, 177.
12.65000, 164.
12.66000, 191.
12.67000, 153.
12.68000, 171.
12.69000, 137.
12.70000, 169.
12.71000, 176.
12.72000, 155.
12.73000, 155.
12.74000, 180.
12.75000, 184.
12.76000, 189.
12.77000, 210.
12.78000, 177.
12.79000, 199.
12.80000, 198.
12.81000, 167.
12.82000, 167.
12.83000, 152.
12.84000, 171.
12.85000, 172.
12.86000, 179.
12.87000, 173.
12.88000, 172.
12.89000, 178.
12.90000, 159.
12.91000, 161.
12.92000, 141.
12.93000, 166.
12.94000, 152.
12.95000, 158.
12.96000, 157.
12.97000, 130.
12.98000, 156.
12.99000, 149.
13.00000, 153.
13.01000, 157.
13.02000, 146.
13.03000, 156.
13.04000, 162.
13.05000, 154.
13.06000, 153.
13.07000, 146.
13.08000, 142.
13.09000, 141.
13.10000, 146.
13.11000, 164.
13.12000, 152.
13.13000, 138.
13.14000, 173.
13.15000, 149.
13.16000, 172.
13.17000, 157.
13.18000, 124.
13.19000, 146.
13.20000, 163.
13.21000, 145.
13.22000, 164.
13.23000, 187.
13.24000, 150.
13.25000, 160.
13.26000, 168.
13.27000, 173.
13.28000, 188.
13.29000, 167.
13.30000, 187.
13.31000, 197.
13.32000, 206.
13.33000, 183.
13.34000, 198.
13.35000, 176.
13.36000, 193.
13.37000, 184.
13.38000, 196.
13.39000, 173.
13.40000, 217.
13.41000, 186.
13.42000, 179.
13.43000, 170.
13.44000, 172.
13.45000, 173.
13.46000, 177.
13.47000, 170.
13.48000, 206.
13.49000, 182.
13.50000, 152.
13.51000, 155.
13.52000, 146.
13.53000, 162.
13.54000, 145.
13.55000, 160.
13.56000, 157.
13.57000, 173.
13.58000, 145.
13.59000, 143.
13.60000, 146.
13.61000, 174.
13.62000, 151.
13.63000, 151.
13.64000, 154.
13.65000, 129.
13.66000, 148.
13.67000, 146.
13.68000, 142.
13.69000, 143.
13.70000, 165.
13.71000, 162.
13.72000, 166.
13.73000, 141.
13.74000, 146.
13.75000, 139.
13.76000, 119.
13.77000, 166.
13.78000, 144.
13.79000, 127.
13.80000, 160.
13.81000, 173.
13.82000, 165.
13.83000, 134.
13.84000, 147.
13.85000, 159.
13.86000, 147.
13.87000, 150.
13.88000, 154.
13.89000, 145.
13.90000, 152.
13.91000, 149.
13.92000, 183.
13.93000, 163.
13.94000, 182.
13.95000, 188.
13.96000, 233.
13.97000, 219.
13.98000, 238.
13.99000, 222.
14.00000, 258.
14.01000, 262.
14.02000, 301.
14.03000, 317.
14.04000, 334.
14.05000, 343.
14.06000, 370.
14.07000, 392.
14.08000, 406.
14.09000, 422.
14.10000, 389.
14.11000, 404.
14.12000, 416.
14.13000, 415.
14.14000, 400.
14.15000, 397.
14.16000, 378.
14.17000, 398.
14.18000, 389.
14.19000, 363.
14.20000, 339.
14.21000, 322.
14.22000, 319.
14.23000, 308.
14.24000, 247.
14.25000, 275.
14.26000, 240.
14.27000, 170.
14.28000, 202.
14.29000, 189.
14.30000, 176.
14.31000, 164.
14.32000, 192.
14.33000, 170.
14.34000, 155.
14.35000, 146.
14.36000, 156.
14.37000, 183.
14.38000, 158.
14.39000, 146.
14.40000, 147.
14.41000, 151.
14.42000, 155.
14.43000, 137.
14.44000, 133.
14.45000, 145.
14.46000, 140.
14.47000, 134.
14.48000, 155.
14.49000, 151.
14.50000, 152.
14.51000, 138.
14.52000, 167.
14.53000, 157.
14.54000, 155.
14.55000, 143.
14.56000, 152.
14.57000, 147.
14.58000, 140.
14.59000, 149.
14.60000, 154.
14.61000, 148.
14.62000, 156.
14.63000, 149.
14.64000, 124.
14.65000, 117.
14.66000, 127.
14.67000, 160.
14.68000, 137.
14.69000, 142.
14.70000, 143.
14.71000, 164.
14.72000, 136.
14.73000, 158.
14.74000, 141.
14.75000, 157.
14.76000, 172.
14.77000, 162.
14.78000, 173.
14.79000, 162.
14.80000, 154.
14.81000, 173.
14.82000, 153.
14.83000, 197.
14.84000, 182.
14.85000, 161.
14.86000, 167.
14.87000, 171.
14.88000, 186.
14.89000, 197.
14.90000, 176.
14.91000, 171.
14.92000, 176.
14.93000, 166.
14.94000, 175.
14.95000, 177.
14.96000, 186.
14.97000, 183.
14.98000, 154.
14.99000, 200.
15.00000, 164.
15.01000, 158.
15.02000, 172.
15.03000, 178.
15.04000, 165.
15.05000, 132.
15.06000, 165.
15.07000, 153.
15.08000, 131.
15.09000, 150.
15.10000, 126.
15.11000, 161.
15.12000, 152.
15.13000, 158.
15.14000, 135.
15.15000, 151.
15.16000, 141.
15.17000, 157.
15.18000, 145.
15.19000, 152.
15.20000, 131.
15.21000, 156.
15.22000, 129.
15.23000, 165.
15.24000, 146.
15.25000, 141.
15.26000, 151.
15.27000, 151.
15.28000, 147.
15.29000, 139.
15.30000, 165.
15.31000, 144.
15.32000, 146.
15.33000, 148.
15.34000, 142.
15.35000, 141.
15.36000, 120.
15.37000, 162.
15.38000, 154.
15.39000, 138.
15.40000, 138.
15.41000, 180.
15.42000, 142.
15.43000, 157.
15.44000, 140.
15.45000, 166.
15.46000, 137.
15.47000, 138.
15.48000, 171.
15.49000, 172.
15.50000, 187.
15.51000, 191.
15.52000, 185.
15.53000, 216.
15.54000, 202.
15.55000, 204.
15.56000, 252.
15.57000, 243.
15.58000, 284.
15.59000, 298.
15.60000, 324.
15.61000, 369.
15.62000, 380.
15.63000, 420.
15.64000, 446.
15.65000, 426.
15.66000, 492.
15.67000, 562.
15.68000, 542.
15.69000, 520.
15.70000, 562.
15.71000, 591.
15.72000, 627.
15.73000, 541.
15.74000, 593.
15.75000, 545.
15.76000, 617.
15.77000, 545.
15.78000, 558.
15.79000, 516.
15.80000, 510.
15.81000, 478.
15.82000, 458.
15.83000, 411.
15.84000, 381.
15.85000, 322.
15.86000, 349.
15.87000, 319.
15.88000, 295.
15.89000, 267.
15.90000, 239.
15.91000, 206.
15.92000, 230.
15.93000, 223.
15.94000, 208.
15.95000, 169.
15.96000, 182.
15.97000, 176.
15.98000, 170.
15.99000, 141.
16.00000, 166.
16.01000, 161.
16.02000, 145.
16.03000, 162.
16.04000, 161.
16.05000, 139.
16.06000, 129.
16.07000, 130.
16.08000, 146.
16.09000, 135.
16.10000, 136.
16.11000, 156.
16.12000, 131.
16.13000, 152.
16.14000, 168.
16.15000, 159.
16.16000, 148.
16.17000, 153.
16.18000, 166.
16.19000, 165.
16.20000, 128.
16.21000, 150.
16.22000, 162.
16.23000, 123.
16.24000, 130.
16.25000, 124.
16.26000, 144.
16.27000, 143.
16.28000, 158.
16.29000, 166.
16.30000, 143.
16.31000, 163.
16.32000, 141.
16.33000, 132.
16.34000, 141.
16.35000, 155.
16.36000, 139.
16.37000, 161.
16.38000, 162.
16.39000, 137.
16.40000, 150.
16.41000, 144.
16.42000, 137.
16.43000, 146.
16.44000, 135.
16.45000, 133.
16.46000, 136.
16.47000, 147.
16.48000, 157.
16.49000, 166.
16.50000, 128.
16.51000, 170.
16.52000, 143.
16.53000, 154.
16.54000, 134.
16.55000, 172.
16.56000, 130.
16.57000, 163.
16.58000, 140.
16.59000, 124.
16.60000, 145.
16.61000, 143.
16.62000, 133.
16.63000, 137.
16.64000, 177.
16.65000, 133.
16.66000, 150.
16.67000, 158.
16.68000, 143.
16.69000, 142.
16.70000, 136.
16.71000, 139.
16.72000, 138.
16.73000, 142.
16.74000, 160.
16.75000, 149.
16.76000, 130.
16.77000, 147.
16.78000, 139.
16.79000, 158.
16.80000, 156.
16.81000, 145.
16.82000, 145.
16.83000, 145.
16.84000, 134.
16.85000, 141.
16.86000, 136.
16.87000, 147.
16.88000, 138.
16.89000, 153.
16.90000, 136.
16.91000, 169.
16.92000, 138.
16.93000, 145.
16.94000, 141.
16.95000, 132.
16.96000, 154.
16.97000, 143.
16.98000, 152.
16.99000, 153.
17.00000, 131.
17.01000, 133.
17.02000, 149.
17.03000, 138.
17.04000, 183.
17.05000, 130.
17.06000, 168.
17.07000, 133.
17.08000, 141.
17.09000, 152.
17.10000, 163.
17.11000, 152.
17.12000, 125.
17.13000, 146.
17.14000, 160.
17.15000, 136.
17.16000, 144.
17.17000, 151.
17.18000, 164.
17.19000, 153.
17.20000, 135.
17.21000, 161.
17.22000, 119.
17.23000, 148.
17.24000, 150.
17.25000, 156.
17.26000, 162.
17.27000, 157.
17.28000, 176.
17.29000, 156.
17.30000, 160.
17.31000, 130.
17.32000, 158.
17.33000, 140.
17.34000, 179.
17.35000, 132.
17.36000, 174.
17.37000, 156.
17.38000, 145.
17.39000, 161.
17.40000, 162.
17.41000, 154.
17.42000, 157.
17.43000, 151.
17.44000, 178.
17.45000, 181.
17.46000, 189.
17.47000, 184.
17.48000, 169.
17.49000, 189.
17.50000, 194.
17.51000, 188.
17.52000, 197.
17.53000, 238.
17.54000, 229.
17.55000, 216.
17.56000, 216.
17.57000, 210.
17.58000, 215.
17.59000, 232.
17.60000, 246.
17.61000, 239.
17.62000, 215.
17.63000, 220.
17.64000, 247.
17.65000, 241.
17.66000, 228.
17.67000, 253.
17.68000, 213.
17.69000, 218.
17.70000, 242.
17.71000, 241.
17.72000, 244.
17.73000, 217.
17.74000, 212.
17.75000, 183.
17.76000, 217.
17.77000, 166.
17.78000, 225.
17.79000, 203.
17.80000, 202.
17.81000, 185.
17.82000, 194.
17.83000, 191.
17.84000, 192.
17.85000, 202.
17.86000, 209.
17.87000, 202.
17.88000, 197.
17.89000, 211.
17.90000, 205.
17.91000, 216.
17.92000, 237.
17.93000, 236.
17.94000, 215.
17.95000, 181.
17.96000, 235.
17.97000, 209.
17.98000, 209.
17.99000, 198.
18.00000, 237.
18.01000, 250.
18.02000, 219.
18.03000, 217.
18.04000, 224.
18.05000, 218.
18.06000, 224.
18.07000, 215.
18.08000, 240.
18.09000, 206.
18.10000, 274.
18.11000, 233.
18.12000, 223.
18.13000, 237.
18.14000, 248.
18.15000, 240.
18.16000, 251.
18.17000, 265.
18.18000, 251.
18.19000, 280.
18.20000, 261.
18.21000, 273.
18.22000, 285.
18.23000, 279.
18.24000, 308.
18.25000, 327.
18.26000, 267.
18.27000, 312.
18.28000, 304.
18.29000, 297.
18.30000, 333.
18.31000, 317.
18.32000, 344.
18.33000, 379.
18.34000, 356.
18.35000, 371.
18.36000, 357.
18.37000, 419.
18.38000, 386.
18.39000, 454.
18.40000, 434.
18.41000, 443.
18.42000, 430.
18.43000, 446.
18.44000, 482.
18.45000, 523.
18.46000, 515.
18.47000, 481.
18.48000, 515.
18.49000, 599.
18.50000, 562.
18.51000, 539.
18.52000, 586.
18.53000, 589.
18.54000, 636.
18.55000, 650.
18.56000, 628.
18.57000, 663.
18.58000, 665.
18.59000, 677.
18.60000, 743.
18.61000, 711.
18.62000, 729.
18.63000, 757.
18.64000, 746.
18.65000, 844.
18.66000, 787.
18.67000, 809.
18.68000, 782.
18.69000, 831.
18.70000, 879.
18.71000, 857.
18.72000, 836.
18.73000, 887.
18.74000, 797.
18.75000, 835.
18.76000, 889.
18.77000, 866.
18.78000, 866.
18.79000, 842.
18.80000, 846.
18.81000, 872.
18.82000, 865.
18.83000, 811.
18.84000, 844.
18.85000, 814.
18.86000, 840.
18.87000, 823.
18.88000, 837.
18.89000, 819.
18.90000, 827.
18.91000, 852.
18.92000, 796.
18.93000, 735.
18.94000, 728.
18.95000, 749.
18.96000, 740.
18.97000, 669.
18.98000, 698.
18.99000, 705.
19.00000, 700.
19.01000, 611.
19.02000, 661.
19.03000, 657.
19.04000, 587.
19.05000, 588.
19.06000, 556.
19.07000, 559.
19.08000, 513.
19.09000, 520.
19.10000, 476.
19.11000, 518.
19.12000, 488.
19.13000, 451.
19.14000, 497.
19.15000, 479.
19.16000, 451.
19.17000, 420.
19.18000, 400.
19.19000, 404.
19.20000, 386.
19.21000, 363.
19.22000, 375.
19.23000, 382.
19.24000, 340.
19.25000, 389.
19.26000, 333.
19.27000, 350.
19.28000, 322.
19.29000, 309.
19.30000, 272.
19.31000, 318.
19.32000, 282.
19.33000, 308.
19.34000, 305.
19.35000, 253.
19.36000, 284.
19.37000, 266.
19.38000, 256.
19.39000, 253.
19.40000, 249.
19.41000, 254.
19.42000, 240.
19.43000, 251.
19.44000, 240.
19.45000, 242.
19.46000, 208.
19.47000, 249.
19.48000, 233.
19.49000, 224.
19.50000, 212.
19.51000, 245.
19.52000, 208.
19.53000, 220.
19.54000, 201.
19.55000, 211.
19.56000, 208.
19.57000, 196.
19.58000, 170.
19.59000, 186.
19.60000, 190.
19.61000, 183.
19.62000, 152.
19.63000, 173.
19.64000, 164.
19.65000, 177.
19.66000, 152.
19.67000, 145.
19.68000, 166.
19.69000, 183.
19.70000, 149.
19.71000, 160.
19.72000, 167.
19.73000, 165.
19.74000, 162.
19.75000, 150.
19.76000, 145.
19.77000, 144.
19.78000, 149.
19.79000, 151.
19.80000, 168.
19.81000, 165.
19.82000, 161.
19.83000, 192.
19.84000, 195.
19.85000, 185.
19.86000, 188.
19.87000, 222.
19.88000, 208.
19.89000, 195.
19.90000, 226.
19.91000, 246.
19.92000, 256.
19.93000, 257.
19.94000, 246.
19.95000, 292.
19.96000, 266.
19.97000, 304.
19.98000, 280.
19.99000, 370.
20.00000, 373.
20.01000, 373.
20.02000, 410.
20.03000, 414.
20.04000, 424.
20.05000, 431.
20.06000, 501.
20.07000, 457.
20.08000, 521.
20.09000, 481.
20.10000, 481.
20.11000, 543.
20.12000, 488.
20.13000, 536.
20.14000, 493.
20.15000, 550.
20.16000, 561.
20.17000, 516.
20.18000, 496.
20.19000, 477.
20.20000, 479.
20.21000, 473.
20.22000, 453.
20.23000, 453.
20.24000, 419.
20.25000, 439.
20.26000, 398.
20.27000, 375.
20.28000, 340.
20.29000, 301.
20.30000, 313.
20.31000, 269.
20.32000, 243.
20.33000, 270.
20.34000, 247.
20.35000, 211.
20.36000, 212.
20.37000, 200.
20.38000, 180.
20.39000, 170.
20.40000, 167.
20.41000, 184.
20.42000, 157.
20.43000, 160.
20.44000, 131.
20.45000, 140.
20.46000, 158.
20.47000, 144.
20.48000, 155.
20.49000, 145.
20.50000, 174.
20.51000, 166.
20.52000, 168.
20.53000, 160.
20.54000, 155.
20.55000, 148.
20.56000, 154.
20.57000, 167.
20.58000, 169.
20.59000, 171.
20.60000, 154.
20.61000, 170.
20.62000, 173.
20.63000, 170.
20.64000, 166.
20.65000, 162.
20.66000, 179.
20.67000, 191.
20.68000, 169.
20.69000, 172.
20.70000, 185.
20.71000, 191.
20.72000, 169.
20.73000, 196.
20.74000, 215.
20.75000, 177.
20.76000, 239.
20.77000, 211.
20.78000, 198.
20.79000, 190.
20.80000, 224.
20.81000, 193.
20.82000, 217.
20.83000, 226.
20.84000, 234.
20.85000, 212.
20.86000, 221.
20.87000, 195.
20.88000, 202.
20.89000, 233.
20.90000, 235.
20.91000, 216.
20.92000, 224.
20.93000, 224.
20.94000, 230.
20.95000, 224.
20.96000, 216.
20.97000, 248.
20.98000, 221.
20.99000, 251.
21.00000, 231.
21.01000, 231.
21.02000, 215.
21.03000, 208.
21.04000, 217.
21.05000, 252.
21.06000, 204.
21.07000, 219.
21.08000, 212.
21.09000, 225.
21.10000, 230.
21.11000, 201.
21.12000, 201.
21.13000, 213.
21.14000, 240.
21.15000, 192.
21.16000, 184.
21.17000, 216.
21.18000, 211.
21.19000, 205.
21.20000, 235.
21.21000, 208.
21.22000, 210.
21.23000, 196.
21.24000, 191.
21.25000, 224.
21.26000, 199.
21.27000, 201.
21.28000, 221.
21.29000, 189.
21.30000, 194.
21.31000, 179.
21.32000, 162.
21.33000, 200.
21.34000, 161.
21.35000, 181.
21.36000, 170.
21.37000, 162.
21.38000, 157.
21.39000, 149.
21.40000, 151.
21.41000, 156.
21.42000, 154.
21.43000, 146.
21.44000, 137.
21.45000, 130.
21.46000, 154.
21.47000, 148.
21.48000, 142.
21.49000, 121.
21.50000, 147.
21.51000, 130.
21.52000, 129.
21.53000, 124.
21.54000, 136.
21.55000, 117.
21.56000, 138.
21.57000, 135.
21.58000, 105.
21.59000, 140.
21.60000, 104.
21.61000, 118.
21.62000, 132.
21.63000, 128.
21.64000, 126.
21.65000, 134.
21.66000, 96.
21.67000, 116.
21.68000, 105.
21.69000, 123.
21.70000, 101.
21.71000, 129.
21.72000, 98.
21.73000, 112.
21.74000, 111.
21.75000, 104.
21.76000, 130.
21.77000, 121.
21.78000, 97.
21.79000, 107.
21.80000, 98.
21.81000, 113.
21.82000, 99.
21.83000, 86.
21.84000, 92.
21.85000, 89.
21.86000, 104.
21.87000, 107.
21.88000, 89.
21.89000, 90.
21.90000, 95.
21.91000, 99.
21.92000, 95.
21.93000, 89.
21.94000, 76.
21.95000, 89.
21.96000, 75.
21.97000, 79.
21.98000, 103.
21.99000, 95.
22.00000, 90.
22.01000, 70.
22.02000, 95.
22.03000, 101.
22.04000, 98.
22.05000, 103.
22.06000, 90.
22.07000, 91.
22.08000, 94.
22.09000, 95.
22.10000, 93.
22.11000, 86.
22.12000, 79.
22.13000, 71.
22.14000, 87.
22.15000, 91.
22.16000, 101.
22.17000, 94.
22.18000, 84.
22.19000, 90.
22.20000, 84.
22.21000, 75.
22.22000, 74.
22.23000, 82.
22.24000, 85.
22.25000, 95.
22.26000, 96.
22.27000, 77.
22.28000, 81.
22.29000, 81.
22.30000, 88.
22.31000, 83.
22.32000, 76.
22.33000, 91.
22.34000, 77.
22.35000, 96.
22.36000, 74.
22.37000, 82.
22.38000, 92.
22.39000, 63.
22.40000, 85.
22.41000, 90.
22.42000, 84.
22.43000, 91.
22.44000, 85.
22.45000, 83.
22.46000, 85.
22.47000, 89.
22.48000, 93.
22.49000, 83.
22.50000, 105.
22.51000, 92.
22.52000, 84.
22.53000, 80.
22.54000, 78.
22.55000, 104.
22.56000, 119.
22.57000, 103.
22.58000, 106.
22.59000, 105.
22.60000, 136.
22.61000, 136.
22.62000, 115.
22.63000, 121.
22.64000, 119.
22.65000, 114.
22.66000, 142.
22.67000, 121.
22.68000, 135.
22.69000, 143.
22.70000, 140.
22.71000, 132.
22.72000, 126.
22.73000, 105.
22.74000, 126.
22.75000, 117.
22.76000, 109.
22.77000, 132.
22.78000, 110.
22.79000, 107.
22.80000, 117.
22.81000, 78.
22.82000, 104.
22.83000, 98.
22.84000, 105.
22.85000, 85.
22.86000, 89.
22.87000, 83.
22.88000, 87.
22.89000, 92.
22.90000, 58.
22.91000, 80.
22.92000, 76.
22.93000, 69.
22.94000, 80.
22.95000, 69.
22.96000, 71.
22.97000, 77.
22.98000, 75.
22.99000, 74.
23.00000, 70.
23.01000, 65.
23.02000, 82.
23.03000, 78.
23.04000, 86.
23.05000, 74.
23.06000, 77.
23.07000, 76.
23.08000, 86.
23.09000, 72.
23.10000, 87.
23.11000, 94.
23.12000, 73.
23.13000, 90.
23.14000, 78.
23.15000, 76.
23.16000, 73.
23.17000, 85.
23.18000, 76.
23.19000, 80.
23.20000, 88.
23.21000, 78.
23.22000, 85.
23.23000, 78.
23.24000, 71.
23.25000, 65.
23.26000, 73.
23.27000, 67.
23.28000, 63.
23.29000, 59.
23.30000, 72.
23.31000, 66.
23.32000, 79.
23.33000, 65.
23.34000, 79.
23.35000, 68.
23.36000, 66.
23.37000, 71.
23.38000, 66.
23.39000, 57.
23.40000, 65.
23.41000, 54.
23.42000, 69.
23.43000, 63.
23.44000, 68.
23.45000, 53.
23.46000, 66.
23.47000, 66.
23.48000, 92.
23.49000, 55.
23.50000, 69.
23.51000, 58.
23.52000, 62.
23.53000, 53.
23.54000, 75.
23.55000, 67.
23.56000, 72.
23.57000, 68.
23.58000, 65.
23.59000, 63.
23.60000, 58.
23.61000, 66.
23.62000, 80.
23.63000, 63.
23.64000, 69.
23.65000, 74.
23.66000, 66.
23.67000, 89.
23.68000, 67.
23.69000, 64.
23.70000, 58.
23.71000, 62.
23.72000, 59.
23.73000, 59.
23.74000, 55.
23.75000, 49.
23.76000, 58.
23.77000, 46.
23.78000, 69.
23.79000, 76.
23.80000, 65.
23.81000, 63.
23.82000, 67.
23.83000, 67.
23.84000, 75.
23.85000, 49.
23.86000, 60.
23.87000, 65.
23.88000, 66.
23.89000, 67.
23.90000, 75.
23.91000, 79.
23.92000, 59.
23.93000, 61.
23.94000, 61.
23.95000, 57.
23.96000, 78.
23.97000, 52.
23.98000, 62.
23.99000, 64.
24.00000, 70.
24.01000, 57.
24.02000, 48.
24.03000, 60.
24.04000, 58.
24.05000, 61.
24.06000, 71.
24.07000, 66.
24.08000, 51.
24.09000, 61.
24.10000, 61.
24.11000, 66.
24.12000, 69.
24.13000, 59.
24.14000, 71.
24.15000, 68.
24.16000, 64.
24.17000, 71.
24.18000, 53.
24.19000, 69.
24.20000, 56.
24.21000, 54.
24.22000, 46.
24.23000, 71.
24.24000, 64.
24.25000, 54.
24.26000, 58.
24.27000, 60.
24.28000, 68.
24.29000, 56.
24.30000, 54.
24.31000, 72.
24.32000, 54.
24.33000, 71.
24.34000, 64.
24.35000, 50.
24.36000, 70.
24.37000, 77.
24.38000, 66.
24.39000, 63.
24.40000, 61.
24.41000, 68.
24.42000, 52.
24.43000, 60.
24.44000, 62.
24.45000, 50.
24.46000, 66.
24.47000, 53.
24.48000, 62.
24.49000, 62.
24.50000, 65.
24.51000, 56.
24.52000, 59.
24.53000, 62.
24.54000, 51.
24.55000, 67.
24.56000, 56.
24.57000, 65.
24.58000, 73.
24.59000, 55.
24.60000, 45.
24.61000, 59.
24.62000, 61.
24.63000, 61.
24.64000, 57.
24.65000, 68.
24.66000, 64.
24.67000, 48.
24.68000, 70.
24.69000, 71.
24.70000, 56.
24.71000, 72.
24.72000, 54.
24.73000, 55.
24.74000, 55.
24.75000, 64.
24.76000, 47.
24.77000, 58.
24.78000, 65.
24.79000, 74.
24.80000, 70.
24.81000, 70.
24.82000, 63.
24.83000, 68.
24.84000, 63.
24.85000, 84.
24.86000, 71.
24.87000, 70.
24.88000, 73.
24.89000, 49.
24.90000, 61.
24.91000, 69.
24.92000, 69.
24.93000, 60.
24.94000, 64.
24.95000, 52.
24.96000, 70.
24.97000, 52.
24.98000, 52.
24.99000, 62.
25.00000, 57.
25.01000, 70.
25.02000, 72.
25.03000, 68.
25.04000, 72.
25.05000, 56.
25.06000, 81.
25.07000, 65.
25.08000, 65.
25.09000, 70.
25.10000, 59.
25.11000, 59.
25.12000, 69.
25.13000, 79.
25.14000, 79.
25.15000, 52.
25.16000, 64.
25.17000, 70.
25.18000, 84.
25.19000, 59.
25.20000, 52.
25.21000, 61.
25.22000, 49.
25.23000, 74.
25.24000, 75.
25.25000, 80.
25.26000, 72.
25.27000, 63.
25.28000, 43.
25.29000, 78.
25.30000, 74.
25.31000, 65.
25.32000, 62.
25.33000, 56.
25.34000, 75.
25.35000, 55.
25.36000, 82.
25.37000, 59.
25.38000, 64.
25.39000, 67.
25.40000, 63.
25.41000, 56.
25.42000, 66.
25.43000, 70.
25.44000, 65.
25.45000, 62.
25.46000, 48.
25.47000, 49.
25.48000, 54.
25.49000, 50.
25.50000, 69.
25.51000, 56.
25.52000, 42.
25.53000, 48.
25.54000, 58.
25.55000, 59.
25.56000, 60.
25.57000, 63.
25.58000, 56.
25.59000, 59.
25.60000, 56.
25.61000, 59.
25.62000, 53.
25.63000, 57.
25.64000, 46.
25.65000, 63.
25.66000, 51.
25.67000, 55.
25.68000, 57.
25.69000, 63.
25.70000, 47.
25.71000, 58.
25.72000, 54.
25.73000, 47.
25.74000, 47.
25.75000, 51.
25.76000, 63.
25.77000, 61.
25.78000, 51.
25.79000, 59.
25.80000, 61.
25.81000, 52.
25.82000, 47.
25.83000, 44.
25.84000, 43.
25.85000, 56.
25.86000, 48.
25.87000, 56.
25.88000, 50.
25.89000, 56.
25.90000, 59.
25.91000, 55.
25.92000, 46.
25.93000, 66.
25.94000, 61.
25.95000, 50.
25.96000, 45.
25.97000, 52.
25.98000, 47.
25.99000, 53.
26.00000, 47.
26.01000, 42.
26.02000, 48.
26.03000, 64.
26.04000, 50.
26.05000, 51.
26.06000, 48.
26.07000, 49.
26.08000, 55.
26.09000, 43.
26.10000, 53.
26.11000, 52.
26.12000, 54.
26.13000, 63.
26.14000, 53.
26.15000, 67.
26.16000, 61.
26.17000, 55.
26.18000, 45.
26.19000, 53.
26.20000, 43.
26.21000, 44.
26.22000, 56.
26.23000, 49.
26.24000, 48.
26.25000, 54.
26.26000, 51.
26.27000, 54.
26.28000, 55.
26.29000, 49.
26.30000, 38.
26.31000, 64.
26.32000, 52.
26.33000, 61.
26.34000, 59.
26.35000, 53.
26.36000, 54.
26.37000, 46.
26.38000, 49.
26.39000, 54.
26.40000, 58.
26.41000, 50.
26.42000, 56.
26.43000, 39.
26.44000, 51.
26.45000, 57.
26.46000, 39.
26.47000, 47.
26.48000, 53.
26.49000, 45.
26.50000, 45.
26.51000, 58.
26.52000, 43.
26.53000, 47.
26.54000, 54.
26.55000, 50.
26.56000, 45.
26.57000, 53.
26.58000, 55.
26.59000, 46.
26.60000, 46.
26.61000, 42.
26.62000, 61.
26.63000, 50.
26.64000, 52.
26.65000, 59.
26.66000, 41.
26.67000, 48.
26.68000, 53.
26.69000, 49.
26.70000, 55.
26.71000, 54.
26.72000, 59.
26.73000, 55.
26.74000, 56.
26.75000, 47.
26.76000, 47.
26.77000, 47.
26.78000, 49.
26.79000, 48.
26.80000, 49.
26.81000, 47.
26.82000, 46.
26.83000, 55.
26.84000, 44.
26.85000, 56.
26.86000, 56.
26.87000, 49.
26.88000, 56.
26.89000, 50.
26.90000, 47.
26.91000, 59.
26.92000, 47.
26.93000, 54.
26.94000, 46.
26.95000, 44.
26.96000, 51.
26.97000, 47.
26.98000, 55.
26.99000, 45.
27.00000, 43.
27.01000, 49.
27.02000, 56.
27.03000, 46.
27.04000, 37.
27.05000, 47.
27.06000, 41.
27.07000, 49.
27.08000, 57.
27.09000, 48.
27.10000, 47.
27.11000, 48.
27.12000, 59.
27.13000, 39.
27.14000, 41.
27.15000, 49.
27.16000, 45.
27.17000, 64.
27.18000, 54.
27.19000, 37.
27.20000, 54.
27.21000, 48.
27.22000, 62.
27.23000, 49.
27.24000, 42.
27.25000, 56.
27.26000, 43.
27.27000, 40.
27.28000, 49.
27.29000, 51.
27.30000, 56.
27.31000, 53.
27.32000, 45.
27.33000, 43.
27.34000, 41.
27.35000, 53.
27.36000, 44.
27.37000, 54.
27.38000, 54.
27.39000, 48.
27.40000, 43.
27.41000, 43.
27.42000, 39.
27.43000, 43.
27.44000, 48.
27.45000, 46.
27.46000, 54.
27.47000, 53.
27.48000, 53.
27.49000, 43.
27.50000, 60.
27.51000, 54.
27.52000, 44.
27.53000, 63.
27.54000, 46.
27.55000, 37.
27.56000, 51.
27.57000, 50.
27.58000, 41.
27.59000, 38.
27.60000, 55.
27.61000, 31.
27.62000, 46.
27.63000, 54.
27.64000, 58.
27.65000, 56.
27.66000, 37.
27.67000, 45.
27.68000, 51.
27.69000, 45.
27.70000, 42.
27.71000, 43.
27.72000, 56.
27.73000, 48.
27.74000, 48.
27.75000, 52.
27.76000, 59.
27.77000, 48.
27.78000, 39.
27.79000, 37.
27.80000, 43.
27.81000, 46.
27.82000, 50.
27.83000, 46.
27.84000, 47.
27.85000, 40.
27.86000, 41.
27.87000, 52.
27.88000, 43.
27.89000, 51.
27.90000, 45.
27.91000, 42.
27.92000, 56.
27.93000, 39.
27.94000, 47.
27.95000, 43.
27.96000, 36.
27.97000, 38.
27.98000, 37.
27.99000, 41.
28.00000, 37.
28.01000, 33.
28.02000, 52.
28.03000, 38.
28.04000, 43.
28.05000, 45.
28.06000, 31.
28.07000, 36.
28.08000, 38.
28.09000, 43.
28.10000, 50.
28.11000, 45.
28.12000, 36.
28.13000, 45.
28.14000, 53.
28.15000, 44.
28.16000, 46.
28.17000, 52.
28.18000, 32.
28.19000, 51.
28.20000, 43.
28.21000, 52.
28.22000, 43.
28.23000, 38.
28.24000, 43.
28.25000, 50.
28.26000, 50.
28.27000, 37.
28.28000, 39.
28.29000, 53.
28.30000, 48.
28.31000, 44.
28.32000, 45.
28.33000, 34.
28.34000, 42.
28.35000, 45.
28.36000, 35.
28.37000, 37.
28.38000, 37.
28.39000, 45.
28.40000, 35.
28.41000, 46.
28.42000, 40.
28.43000, 31.
28.44000, 42.
28.45000, 38.
28.46000, 35.
28.47000, 41.
28.48000, 40.
28.49000, 49.
28.50000, 46.
28.51000, 47.
28.52000, 48.
28.53000, 47.
28.54000, 33.
28.55000, 52.
28.56000, 49.
28.57000, 47.
28.58000, 42.
28.59000, 31.
28.60000, 43.
28.61000, 36.
28.62000, 46.
28.63000, 30.
28.64000, 37.
28.65000, 38.
28.66000, 33.
28.67000, 37.
28.68000, 44.
28.69000, 44.
28.70000, 39.
28.71000, 35.
28.72000, 39.
28.73000, 40.
28.74000, 39.
28.75000, 29.
28.76000, 36.
28.77000, 34.
28.78000, 33.
28.79000, 36.
28.80000, 32.
28.81000, 40.
28.82000, 39.
28.83000, 36.
28.84000, 26.
28.85000, 24.
28.86000, 34.
28.87000, 40.
28.88000, 52.
28.89000, 36.
28.90000, 46.
28.91000, 42.
28.92000, 39.
28.93000, 39.
28.94000, 40.
28.95000, 33.
28.96000, 42.
28.97000, 36.
28.98000, 40.
28.99000, 36.
29.00000, 44.
29.01000, 30.
29.02000, 33.
29.03000, 45.
29.04000, 36.
29.05000, 42.
29.06000, 43.
29.07000, 34.
29.08000, 50.
29.09000, 33.
29.10000, 43.
29.11000, 37.
29.12000, 39.
29.13000, 37.
29.14000, 37.
29.15000, 35.
29.16000, 44.
29.17000, 43.
29.18000, 51.
29.19000, 27.
29.20000, 38.
29.21000, 39.
29.22000, 41.
29.23000, 47.
29.24000, 44.
29.25000, 41.
29.26000, 31.
29.27000, 45.
29.28000, 39.
29.29000, 35.
29.30000, 50.
29.31000, 27.
29.32000, 36.
29.33000, 43.
29.34000, 35.
29.35000, 54.
29.36000, 41.
29.37000, 37.
29.38000, 38.
29.39000, 35.
29.40000, 32.
29.41000, 43.
29.42000, 32.
29.43000, 29.
29.44000, 39.
29.45000, 39.
29.46000, 29.
29.47000, 25.
29.48000, 19.
29.49000, 40.
29.50000, 34.
29.51000, 47.
29.52000, 38.
29.53000, 29.
29.54000, 50.
29.55000, 41.
29.56000, 38.
29.57000, 27.
29.58000, 37.
29.59000, 35.
29.60000, 26.
29.61000, 42.
29.62000, 21.
29.63000, 45.
29.64000, 40.
29.65000, 38.
29.66000, 34.
29.67000, 22.
29.68000, 39.
29.69000, 34.
29.70000, 35.
29.71000, 30.
29.72000, 27.
29.73000, 33.
29.74000, 42.
29.75000, 40.
29.76000, 48.
29.77000, 41.
29.78000, 36.
29.79000, 40.
29.80000, 37.
29.81000, 32.
29.82000, 42.
29.83000, 33.
29.84000, 35.
29.85000, 29.
29.86000, 39.
29.87000, 34.
29.88000, 43.
29.89000, 31.
29.90000, 32.
29.91000, 37.
29.92000, 30.
29.93000, 40.
29.94000, 26.
29.95000, 32.
29.96000, 43.
29.97000, 40.
29.98000, 18.
29.99000, 24.
30.00000, 33.
30.01000, 38.
30.02000, 25.
30.03000, 31.
30.04000, 26.
30.05000, 35.
30.06000, 36.
30.07000, 34.
30.08000, 21.
30.09000, 35.
30.10000, 33.
30.11000, 38.
30.12000, 26.
30.13000, 28.
30.14000, 32.
30.15000, 39.
30.16000, 31.
30.17000, 27.
30.18000, 31.
30.19000, 31.
30.20000, 29.
30.21000, 30.
30.22000, 38.
30.23000, 19.
30.24000, 29.
30.25000, 28.
30.26000, 31.
30.27000, 27.
30.28000, 28.
30.29000, 34.
30.30000, 24.
30.31000, 35.
30.32000, 33.
30.33000, 33.
30.34000, 24.
30.35000, 34.
30.36000, 32.
30.37000, 36.
30.38000, 21.
30.39000, 31.
30.40000, 42.
30.41000, 29.
30.42000, 33.
30.43000, 49.
30.44000, 32.
30.45000, 25.
30.46000, 24.
30.47000, 40.
30.48000, 31.
30.49000, 25.
30.50000, 36.
30.51000, 36.
30.52000, 22.
30.53000, 29.
30.54000, 35.
30.55000, 32.
30.56000, 24.
30.57000, 29.
30.58000, 37.
30.59000, 28.
30.60000, 31.
30.61000, 32.
30.62000, 29.
30.63000, 27.
30.64000, 37.
30.65000, 26.
30.66000, 32.
30.67000, 41.
30.68000, 37.
30.69000, 27.
30.70000, 31.
30.71000, 31.
30.72000, 42.
30.73000, 24.
30.74000, 38.
30.75000, 32.
30.76000, 41.
30.77000, 28.
30.78000, 32.
30.79000, 22.
30.80000, 28.
30.81000, 21.
30.82000, 31.
30.83000, 33.
30.84000, 33.
30.85000, 36.
30.86000, 34.
30.87000, 29.
30.88000, 37.
30.89000, 33.
30.90000, 32.
30.91000, 33.
30.92000, 26.
30.93000, 34.
30.94000, 23.
30.95000, 42.
30.96000, 38.
30.97000, 28.
30.98000, 21.
30.99000, 35.
31.00000, 33.
31.01000, 33.
31.02000, 25.
31.03000, 28.
31.04000, 20.
31.05000, 28.
31.06000, 29.
31.07000, 25.
31.08000, 29.
31.09000, 26.
31.10000, 33.
31.11000, 37.
31.12000, 28.
31.13000, 25.
31.14000, 28.
31.15000, 33.
31.16000, 27.
31.17000, 29.
31.18000, 29.
31.19000, 25.
31.20000, 37.
31.21000, 31.
31.22000, 29.
31.23000, 25.
31.24000, 27.
31.25000, 29.
31.26000, 24.
31.27000, 28.
31.28000, 26.
31.29000, 23.
31.30000, 24.
31.31000, 31.
31.32000, 32.
31.33000, 24.
31.34000, 32.
31.35000, 23.
31.36000, 27.
31.37000, 25.
31.38000, 25.
31.39000, 34.
31.40000, 39.
31.41000, 27.
31.42000, 32.
31.43000, 29.
31.44000, 31.
31.45000, 24.
31.46000, 40.
31.47000, 19.
31.48000, 25.
31.49000, 25.
31.50000, 32.
31.51000, 26.
31.52000, 23.
31.53000, 25.
31.54000, 32.
31.55000, 31.
31.56000, 26.
31.57000, 25.
31.58000, 18.
31.59000, 33.
31.60000, 28.
31.61000, 23.
31.62000, 29.
31.63000, 31.
31.64000, 28.
31.65000, 37.
31.66000, 24.
31.67000, 31.
31.68000, 21.
31.69000, 43.
31.70000, 28.
31.71000, 31.
31.72000, 31.
31.73000, 47.
31.74000, 34.
31.75000, 29.
31.76000, 25.
31.77000, 33.
31.78000, 35.
31.79000, 41.
31.80000, 31.
31.81000, 32.
31.82000, 32.
31.83000, 30.
31.84000, 40.
31.85000, 38.
31.86000, 40.
31.87000, 18.
31.88000, 32.
31.89000, 32.
31.90000, 30.
31.91000, 30.
31.92000, 20.
31.93000, 26.
31.94000, 30.
31.95000, 34.
31.96000, 26.
31.97000, 33.
31.98000, 26.
31.99000, 38.
32.00000, 27.
32.01000, 31.
32.02000, 33.
32.03000, 24.
32.04000, 28.
32.05000, 40.
32.06000, 27.
32.07000, 35.
32.08000, 35.
32.09000, 30.
32.10000, 26.
32.11000, 34.
32.12000, 24.
32.13000, 21.
32.14000, 42.
32.15000, 39.
32.16000, 36.
32.17000, 33.
32.18000, 26.
32.19000, 29.
32.20000, 30.
32.21000, 36.
32.22000, 24.
32.23000, 27.
32.24000, 30.
32.25000, 28.
32.26000, 41.
32.27000, 27.
32.28000, 25.
32.29000, 25.
32.30000, 28.
32.31000, 21.
32.32000, 26.
32.33000, 21.
32.34000, 27.
32.35000, 30.
32.36000, 26.
32.37000, 31.
32.38000, 24.
32.39000, 31.
32.40000, 20.
32.41000, 22.
32.42000, 18.
32.43000, 25.
32.44000, 23.
32.45000, 18.
32.46000, 18.
32.47000, 29.
32.48000, 22.
32.49000, 19.
32.50000, 22.
32.51000, 21.
32.52000, 22.
32.53000, 25.
32.54000, 17.
32.55000, 23.
32.56000, 27.
32.57000, 10.
32.58000, 34.
32.59000, 25.
32.60000, 26.
32.61000, 25.
32.62000, 21.
32.63000, 16.
32.64000, 26.
32.65000, 22.
32.66000, 17.
32.67000, 21.
32.68000, 25.
32.69000, 25.
32.70000, 31.
32.71000, 24.
32.72000, 16.
32.73000, 17.
32.74000, 29.
32.75000, 28.
32.76000, 19.
32.77000, 22.
32.78000, 27.
32.79000, 28.
32.80000, 26.
32.81000, 19.
32.82000, 17.
32.83000, 22.
32.84000, 16.
32.85000, 19.
32.86000, 24.
32.87000, 15.
32.88000, 28.
32.89000, 30.
32.90000, 24.
32.91000, 25.
32.92000, 29.
32.93000, 19.
32.94000, 21.
32.95000, 25.
32.96000, 23.
32.97000, 23.
32.98000, 25.
32.99000, 24.
33.00000, 23.
33.01000, 22.
33.02000, 23.
33.03000, 34.
33.04000, 25.
33.05000, 16.
33.06000, 17.
33.07000, 24.
33.08000, 17.
33.09000, 28.
33.10000, 13.
33.11000, 33.
33.12000, 18.
33.13000, 29.
33.14000, 25.
33.15000, 23.
33.16000, 21.
33.17000, 25.
33.18000, 27.
33.19000, 20.
33.20000, 24.
33.21000, 15.
33.22000, 26.
33.23000, 29.
33.24000, 27.
33.25000, 27.
33.26000, 18.
33.27000, 21.
33.28000, 24.
33.29000, 26.
33.30000, 24.
33.31000, 17.
33.32000, 14.
33.33000, 21.
33.34000, 17.
33.35000, 29.
33.36000, 16.
33.37000, 28.
33.38000, 21.
33.39000, 21.
33.40000, 28.
33.41000, 29.
33.42000, 16.
33.43000, 21.
33.44000, 18.
33.45000, 30.
33.46000, 25.
33.47000, 20.
33.48000, 28.
33.49000, 24.
33.50000, 18.
33.51000, 24.
33.52000, 18.
33.53000, 21.
33.54000, 13.
33.55000, 19.
33.56000, 20.
33.57000, 19.
33.58000, 21.
33.59000, 25.
33.60000, 20.
33.61000, 12.
33.62000, 31.
33.63000, 19.
33.64000, 20.
33.65000, 13.
33.66000, 18.
33.67000, 10.
33.68000, 21.
33.69000, 26.
33.70000, 16.
33.71000, 23.
33.72000, 14.
33.73000, 14.
33.74000, 18.
33.75000, 17.
33.76000, 24.
33.77000, 18.
33.78000, 18.
33.79000, 15.
33.80000, 19.
33.81000, 17.
33.82000, 23.
33.83000, 14.
33.84000, 20.
33.85000, 19.
33.86000, 20.
33.87000, 17.
33.88000, 17.
33.89000, 14.
33.90000, 23.
33.91000, 20.
33.92000, 19.
33.93000, 21.
33.94000, 12.
33.95000, 24.
33.96000, 13.
33.97000, 18.
33.98000, 16.
33.99000, 22.
34.00000, 18.
34.01000, 13.
34.02000, 24.
34.03000, 15.
34.04000, 27.
34.05000, 27.
34.06000, 27.
34.07000, 20.
34.08000, 20.
34.09000, 16.
34.10000, 14.
34.11000, 16.
34.12000, 20.
34.13000, 20.
34.14000, 20.
34.15000, 16.
34.16000, 25.
34.17000, 24.
34.18000, 18.
34.19000, 23.
34.20000, 17.
34.21000, 20.
34.22000, 17.
34.23000, 19.
34.24000, 18.
34.25000, 14.
34.26000, 22.
34.27000, 19.
34.28000, 16.
34.29000, 26.
34.30000, 18.
34.31000, 13.
34.32000, 13.
34.33000, 22.
34.34000, 20.
34.35000, 16.
34.36000, 19.
34.37000, 25.
34.38000, 10.
34.39000, 14.
34.40000, 19.
34.41000, 15.
34.42000, 26.
34.43000, 13.
34.44000, 16.
34.45000, 15.
34.46000, 13.
34.47000, 15.
34.48000, 20.
34.49000, 20.
34.50000, 13.
34.51000, 13.
34.52000, 22.
34.53000, 15.
34.54000, 13.
34.55000, 14.
34.56000, 17.
34.57000, 14.
34.58000, 13.
34.59000, 15.
34.60000, 15.
34.61000, 17.
34.62000, 20.
34.63000, 19.
34.64000, 21.
34.65000, 16.
34.66000, 10.
34.67000, 22.
34.68000, 28.
34.69000, 12.
34.70000, 14.
34.71000, 17.
34.72000, 18.
34.73000, 9.
34.74000, 20.
34.75000, 18.
34.76000, 15.
34.77000, 15.
34.78000, 11.
34.79000, 11.
34.80000, 15.
34.81000, 16.
34.82000, 16.
34.83000, 15.
34.84000, 21.
34.85000, 14.
34.86000, 24.
34.87000, 17.
34.88000, 13.
34.89000, 15.
34.90000, 13.
34.91000, 16.
34.92000, 14.
34.93000, 13.
34.94000, 14.
34.95000, 16.
34.96000, 16.
34.97000, 19.
34.98000, 16.
34.99000, 15.
35.00000, 14.
35.01000, 18.
35.02000, 19.
35.03000, 17.
35.04000, 14.
35.05000, 14.
35.06000, 13.
35.07000, 18.
35.08000, 12.
35.09000, 21.
35.10000, 19.
35.11000, 14.
35.12000, 18.
35.13000, 17.
35.14000, 12.
35.15000, 12.
35.16000, 22.
35.17000, 16.
35.18000, 13.
35.19000, 17.
35.20000, 17.
35.21000, 13.
35.22000, 16.
35.23000, 18.
35.24000, 17.
35.25000, 21.
35.26000, 14.
35.27000, 15.
35.28000, 26.
35.29000, 16.
35.30000, 12.
35.31000, 13.
35.32000, 11.
35.33000, 13.
35.34000, 20.
35.35000, 15.
35.36000, 18.
35.37000, 18.
35.38000, 15.
35.39000, 16.
35.40000, 14.
35.41000, 15.
35.42000, 10.
35.43000, 11.
35.44000, 20.
35.45000, 21.
35.46000, 14.
35.47000, 18.
35.48000, 23.
35.49000, 14.
35.50000, 14.
35.51000, 13.
35.52000, 13.
35.53000, 14.
35.54000, 12.
35.55000, 10.
35.56000, 16.
35.57000, 21.
35.58000, 23.
35.59000, 20.
35.60000, 8.
35.61000, 15.
35.62000, 14.
35.63000, 13.
35.64000, 16.
35.65000, 15.
35.66000, 13.
35.67000, 11.
35.68000, 14.
35.69000, 8.
35.70000, 16.
35.71000, 23.
35.72000, 10.
35.73000, 9.
35.74000, 17.
35.75000, 15.
35.76000, 13.
35.77000, 10.
35.78000, 16.
35.79000, 17.
35.80000, 13.
35.81000, 14.
35.82000, 10.
35.83000, 24.
35.84000, 15.
35.85000, 11.
35.86000, 14.
35.87000, 19.
35.88000, 12.
35.89000, 9.
35.90000, 12.
35.91000, 15.
35.92000, 13.
35.93000, 14.
35.94000, 13.
35.95000, 11.
35.96000, 12.
35.97000, 16.
35.98000, 15.
35.99000, 12.
36.00000, 13.
36.01000, 11.
36.02000, 16.
36.03000, 15.
36.04000, 10.
36.05000, 8.
36.06000, 13.
36.07000, 18.
36.08000, 16.
36.09000, 10.
36.10000, 14.
36.11000, 20.
36.12000, 10.
36.13000, 11.
36.14000, 22.
36.15000, 12.
36.16000, 18.
36.17000, 21.
36.18000, 17.
36.19000, 15.
36.20000, 11.
36.21000, 16.
36.22000, 17.
36.23000, 21.
36.24000, 17.
36.25000, 13.
36.26000, 12.
36.27000, 11.
36.28000, 19.
36.29000, 8.
36.30000, 14.
36.31000, 12.
36.32000, 18.
36.33000, 11.
36.34000, 13.
36.35000, 15.
36.36000, 16.
36.37000, 9.
36.38000, 9.
36.39000, 15.
36.40000, 16.
36.41000, 18.
36.42000, 18.
36.43000, 16.
36.44000, 16.
36.45000, 19.
36.46000, 18.
36.47000, 14.
36.48000, 23.
36.49000, 12.
36.50000, 12.
36.51000, 9.
36.52000, 8.
36.53000, 17.
36.54000, 12.
36.55000, 13.
36.56000, 12.
36.57000, 8.
36.58000, 8.
36.59000, 8.
36.60000, 16.
36.61000, 13.
36.62000, 15.
36.63000, 10.
36.64000, 12.
36.65000, 19.
36.66000, 10.
36.67000, 8.
36.68000, 15.
36.69000, 12.
36.70000, 9.
36.71000, 11.
36.72000, 9.
36.73000, 13.
36.74000, 10.
36.75000, 14.
36.76000, 16.
36.77000, 19.
36.78000, 13.
36.79000, 15.
36.80000, 7.
36.81000, 11.
36.82000, 11.
36.83000, 15.
36.84000, 10.
36.85000, 10.
36.86000, 17.
36.87000, 10.
36.88000, 10.
36.89000, 15.
36.90000, 9.
36.91000, 13.
36.92000, 10.
36.93000, 14.
36.94000, 13.
36.95000, 11.
36.96000, 8.
36.97000, 12.
36.98000, 12.
36.99000, 12.
37.00000, 15.
37.01000, 7.
37.02000, 14.
37.03000, 10.
37.04000, 12.
37.05000, 10.
37.06000, 12.
37.07000, 10.
37.08000, 19.
37.09000, 16.
37.10000, 10.
37.11000, 9.
37.12000, 17.
37.13000, 21.
37.14000, 11.
37.15000, 14.
37.16000, 11.
37.17000, 7.
37.18000, 15.
37.19000, 10.
37.20000, 13.
37.21000, 6.
37.22000, 9.
37.23000, 17.
37.24000, 6.
37.25000, 11.
37.26000, 10.
37.27000, 6.
37.28000, 7.
37.29000, 12.
37.30000, 9.
37.31000, 12.
37.32000, 14.
37.33000, 21.
37.34000, 13.
37.35000, 13.
37.36000, 6.
37.37000, 11.
37.38000, 9.
37.39000, 13.
37.40000, 8.
37.41000, 9.
37.42000, 10.
37.43000, 14.
37.44000, 14.
37.45000, 11.
37.46000, 17.
37.47000, 8.
37.48000, 15.
37.49000, 6.
37.50000, 8.
37.51000, 10.
37.52000, 9.
37.53000, 10.
37.54000, 9.
37.55000, 5.
37.56000, 8.
37.57000, 17.
37.58000, 13.
37.59000, 10.
37.60000, 11.
37.61000, 13.
37.62000, 12.
37.63000, 11.
37.64000, 9.
37.65000, 8.
37.66000, 7.
37.67000, 7.
37.68000, 9.
37.69000, 19.
37.70000, 12.
37.71000, 6.
37.72000, 8.
37.73000, 9.
37.74000, 9.
37.75000, 3.
37.76000, 6.
37.77000, 10.
37.78000, 6.
37.79000, 12.
37.80000, 12.
37.81000, 10.
37.82000, 5.
37.83000, 8.
37.84000, 9.
37.85000, 5.
37.86000, 9.
37.87000, 9.
37.88000, 6.
37.89000, 11.
37.90000, 7.
37.91000, 9.
37.92000, 12.
37.93000, 15.
37.94000, 5.
37.95000, 10.
37.96000, 8.
37.97000, 8.
37.98000, 6.
37.99000, 10.
38.00000, 7.
38.01000, 2.
38.02000, 5.
38.03000, 4.
38.04000, 11.
38.05000, 8.
38.06000, 11.
38.07000, 8.
38.08000, 2.
38.09000, 8.
38.10000, 7.
38.11000, 6.
38.12000, 4.
38.13000, 8.
38.14000, 5.
38.15000, 6.
38.16000, 9.
38.17000, 8.
38.18000, 6.
38.19000, 3.
38.20000, 9.
38.21000, 7.
38.22000, 13.
38.23000, 11.
38.24000, 8.
38.25000, 5.
38.26000, 11.
38.27000, 11.
38.28000, 6.
38.29000, 8.
38.30000, 7.
38.31000, 12.
38.32000, 9.
38.33000, 11.
38.34000, 8.
38.35000, 13.
38.36000, 8.
38.37000, 12.
38.38000, 5.
38.39000, 7.
38.40000, 5.
38.41000, 8.
38.42000, 8.
38.43000, 13.
38.44000, 11.
38.45000, 8.
38.46000, 3.
38.47000, 8.
38.48000, 11.
38.49000, 11.
38.50000, 7.
38.51000, 2.
38.52000, 9.
38.53000, 8.
38.54000, 9.
38.55000, 6.
38.56000, 8.
38.57000, 6.
38.58000, 9.
38.59000, 4.
38.60000, 3.
38.61000, 10.
38.62000, 7.
38.63000, 5.
38.64000, 5.
38.65000, 4.
38.66000, 9.
38.67000, 6.
38.68000, 8.
38.69000, 7.
38.70000, 4.
38.71000, 3.
38.72000, 5.
38.73000, 4.
38.74000, 5.
38.75000, 6.
38.76000, 4.
38.77000, 7.
38.78000, 7.
38.79000, 4.
38.80000, 5.
38.81000, 12.
38.82000, 9.
38.83000, 7.
38.84000, 5.
38.85000, 6.
38.86000, 10.
38.87000, 6.
38.88000, 4.
38.89000, 7.
38.90000, 6.
38.91000, 8.
38.92000, 5.
38.93000, 10.
38.94000, 5.
38.95000, 5.
38.96000, 9.
38.97000, 6.
38.98000, 2.
38.99000, 5.
39.00000, 4.
39.01000, 9.
39.02000, 7.
39.03000, 9.
39.04000, 4.
39.05000, 4.
39.06000, 11.
39.07000, 2.
39.08000, 8.
39.09000, 7.
39.10000, 7.
39.11000, 4.
39.12000, 4.
39.13000, 7.
39.14000, 4.
39.15000, 6.
39.16000, 3.
39.17000, 12.
39.18000, 6.
39.19000, 7.
39.20000, 2.
39.21000, 8.
39.22000, 7.
39.23000, 7.
39.24000, 4.
39.25000, 8.
39.26000, 6.
39.27000, 4.
39.28000, 9.
39.29000, 7.
39.30000, 5.
39.31000, 2.
39.32000, 6.
39.33000, 9.
39.34000, 6.
39.35000, 10.
39.36000, 6.
39.37000, 7.
39.38000, 3.
39.39000, 8.
39.40000, 4.
39.41000, 7.
39.42000, 4.
39.43000, 7.
39.44000, 6.
39.45000, 9.
39.46000, 3.
39.47000, 6.
39.48000, 9.
39.49000, 6.
39.50000, 2.
39.51000, 1.
39.52000, 5.
39.53000, 6.
39.54000, 4.
39.55000, 9.
39.56000, 11.
39.57000, 4.
39.58000, 5.
39.59000, 6.
39.60000, 7.
39.61000, 4.
39.62000, 4.
39.63000, 6.
39.64000, 4.
39.65000, 2.
39.66000, 9.
39.67000, 3.
39.68000, 7.
39.69000, 9.
39.70000, 3.
39.71000, 14.
39.72000, 7.
39.73000, 4.
39.74000, 4.
39.75000, 3.
39.76000, 3.
39.77000, 5.
39.78000, 9.
39.79000, 4.
39.80000, 2.
39.81000, 6.
39.82000, 9.
39.83000, 7.
39.84000, 5.
39.85000, 4.
39.86000, 1.
39.87000, 3.
39.88000, 3.
39.89000, 6.
39.90000, 5.
39.91000, 6.
39.92000, 6.
39.93000, 2.
39.94000, 4.
39.95000, 6.
39.96000, 4.
39.97000, 4.
39.98000, 5.
39.99000, 3.
40.00000, 3.
40.01000, 4.
40.02000, 9.
40.03000, 5.
40.04000, 6.
40.05000, 4.
40.06000, 5.
40.07000, 6.
40.08000, 3.
40.09000, 5.
40.10000, 6.
40.11000, 3.
40.12000, 8.
40.13000, 6.
40.14000, 8.
40.15000, 6.
40.16000, 6.
40.17000, 4.
40.18000, 2.
40.19000, 4.
40.20000, 7.
40.21000, 6.
40.22000, 4.
40.23000, 5.
40.24000, 5.
40.25000, 5.
40.26000, 3.
40.27000, 4.
40.28000, 4.
40.29000, 3.
40.30000, 3.
40.31000, 3.
40.32000, 7.
40.33000, 6.
40.34000, 2.
40.35000, 5.
40.36000, 4.
40.37000, 4.
40.38000, 2.
40.39000, 2.
40.40000, 5.
40.41000, 3.
40.42000, 9.
40.43000, 1.
40.44000, 5.
40.45000, 4.
40.46000, 4.
40.47000, 1.
40.48000, 3.
40.49000, 3.
40.50000, 1.
40.51000, 3.
40.52000, 4.
40.53000, 4.
40.54000, 6.
40.55000, 0.
#ENDOFDATA   : 
