#FORMAT      : EMSA/MAS Spectral Data File
#VERSION     : 1.0
#TITLE       : Spectrum 1
#DATE        : 21-AUG-2025
#TIME        : 15:05
#OWNER       : XGT7200
#NPOINTS     : 4096.
#NCOLUMNS    : 1.
#XUNITS      : keV
#YUNITS      : counts
#DATATYPE    : XY
#XPERCHAN    : 0.0100000
#OFFSET      : -0.400000
#SIGNALTYPE  : EDS
#CHOFFSET    : 40.0000
#LIVETIME    : 30.000000
#REALTIME    : 39.598787
#BEAMKV      : 50.0000
#PROBECUR    : 733000.
#MAGCAM      : 100.000
#XTILTSTGE   : 0.0
#AZIMANGLE   : 0.0
#ELEVANGLE   : 45.0
#XPOSITION mm: 0.0000
#YPOSITION mm: 0.0000
#ZPOSITION mm: 0.0000
##OXINSTPT   : 4
##OXINSTSTROB: 71.96
#SPECTRUM    : Spectral Data Starts Here
-0.40000, 0.
-0.39000, 0.
-0.38000, 0.
-0.37000, 0.
-0.36000, 0.
-0.35000, 0.
-0.34000, 0.
-0.33000, 0.
-0.32000, 0.
-0.31000, 0.
-0.30000, 0.
-0.29000, 0.
-0.28000, 0.
-0.27000, 0.
-0.26000, 0.
-0.25000, 0.
-0.24000, 0.
-0.23000, 0.
-0.22000, 0.
-0.21000, 0.
-0.20000, 0.
-0.19000, 0.
-0.18000, 0.
-0.17000, 0.
-0.16000, 0.
-0.15000, 0.
-0.14000, 0.
-0.13000, 0.
-0.12000, 0.
-0.11000, 0.
-0.10000, 0.
-0.09000, 0.
-0.08000, 0.
-0.07000, 0.
-0.06000, 0.
-0.05000, 0.
-0.04000, 0.
-0.03000, 0.
-0.02000, 0.
-0.01000, 0.
0.00000, 0.
0.01000, 0.
0.02000, 0.
0.03000, 0.
0.04000, 0.
0.05000, 0.
0.06000, 0.
0.07000, 0.
0.08000, 0.
0.09000, 0.
0.10000, 0.
0.11000, 0.
0.12000, 0.
0.13000, 0.
0.14000, 0.
0.15000, 0.
0.16000, 0.
0.17000, 0.
0.18000, 0.
0.19000, 0.
0.20000, 0.
0.21000, 0.
0.22000, 0.
0.23000, 0.
0.24000, 0.
0.25000, 0.
0.26000, 0.
0.27000, 0.
0.28000, 0.
0.29000, 0.
0.30000, 0.
0.31000, 0.
0.32000, 0.
0.33000, 0.
0.34000, 0.
0.35000, 3.
0.36000, 6.
0.37000, 9.
0.38000, 16.
0.39000, 19.
0.40000, 15.
0.41000, 24.
0.42000, 30.
0.43000, 33.
0.44000, 32.
0.45000, 48.
0.46000, 47.
0.47000, 44.
0.48000, 43.
0.49000, 42.
0.50000, 43.
0.51000, 44.
0.52000, 43.
0.53000, 49.
0.54000, 45.
0.55000, 46.
0.56000, 35.
0.57000, 43.
0.58000, 37.
0.59000, 39.
0.60000, 40.
0.61000, 39.
0.62000, 55.
0.63000, 46.
0.64000, 37.
0.65000, 32.
0.66000, 43.
0.67000, 34.
0.68000, 45.
0.69000, 37.
0.70000, 41.
0.71000, 26.
0.72000, 35.
0.73000, 45.
0.74000, 40.
0.75000, 43.
0.76000, 38.
0.77000, 33.
0.78000, 25.
0.79000, 39.
0.80000, 30.
0.81000, 35.
0.82000, 39.
0.83000, 29.
0.84000, 34.
0.85000, 22.
0.86000, 35.
0.87000, 42.
0.88000, 34.
0.89000, 32.
0.90000, 48.
0.91000, 51.
0.92000, 46.
0.93000, 36.
0.94000, 43.
0.95000, 56.
0.96000, 38.
0.97000, 48.
0.98000, 45.
0.99000, 42.
1.00000, 45.
1.01000, 52.
1.02000, 46.
1.03000, 54.
1.04000, 48.
1.05000, 69.
1.06000, 51.
1.07000, 62.
1.08000, 62.
1.09000, 46.
1.10000, 48.
1.11000, 40.
1.12000, 53.
1.13000, 37.
1.14000, 42.
1.15000, 43.
1.16000, 40.
1.17000, 39.
1.18000, 39.
1.19000, 51.
1.20000, 60.
1.21000, 54.
1.22000, 81.
1.23000, 79.
1.24000, 76.
1.25000, 78.
1.26000, 92.
1.27000, 95.
1.28000, 63.
1.29000, 67.
1.30000, 52.
1.31000, 57.
1.32000, 41.
1.33000, 58.
1.34000, 46.
1.35000, 42.
1.36000, 36.
1.37000, 43.
1.38000, 66.
1.39000, 71.
1.40000, 92.
1.41000, 150.
1.42000, 189.
1.43000, 270.
1.44000, 383.
1.45000, 474.
1.46000, 598.
1.47000, 678.
1.48000, 784.
1.49000, 805.
1.50000, 823.
1.51000, 773.
1.52000, 632.
1.53000, 554.
1.54000, 450.
1.55000, 332.
1.56000, 259.
1.57000, 208.
1.58000, 141.
1.59000, 124.
1.60000, 111.
1.61000, 110.
1.62000, 143.
1.63000, 213.
1.64000, 305.
1.65000, 561.
1.66000, 832.
1.67000, 1324.
1.68000, 1968.
1.69000, 2572.
1.70000, 3523.
1.71000, 4494.
1.72000, 5173.
1.73000, 5899.
1.74000, 6271.
1.75000, 6405.
1.76000, 6134.
1.77000, 5321.
1.78000, 4609.
1.79000, 3643.
1.80000, 2888.
1.81000, 2123.
1.82000, 1589.
1.83000, 1094.
1.84000, 734.
1.85000, 562.
1.86000, 414.
1.87000, 289.
1.88000, 222.
1.89000, 156.
1.90000, 116.
1.91000, 110.
1.92000, 68.
1.93000, 96.
1.94000, 60.
1.95000, 50.
1.96000, 64.
1.97000, 79.
1.98000, 78.
1.99000, 85.
2.00000, 96.
2.01000, 83.
2.02000, 74.
2.03000, 79.
2.04000, 70.
2.05000, 67.
2.06000, 64.
2.07000, 49.
2.08000, 54.
2.09000, 40.
2.10000, 37.
2.11000, 53.
2.12000, 28.
2.13000, 34.
2.14000, 28.
2.15000, 34.
2.16000, 46.
2.17000, 30.
2.18000, 28.
2.19000, 35.
2.20000, 35.
2.21000, 30.
2.22000, 33.
2.23000, 31.
2.24000, 40.
2.25000, 36.
2.26000, 38.
2.27000, 37.
2.28000, 45.
2.29000, 47.
2.30000, 45.
2.31000, 43.
2.32000, 45.
2.33000, 39.
2.34000, 49.
2.35000, 39.
2.36000, 41.
2.37000, 38.
2.38000, 35.
2.39000, 30.
2.40000, 32.
2.41000, 37.
2.42000, 34.
2.43000, 38.
2.44000, 39.
2.45000, 38.
2.46000, 20.
2.47000, 33.
2.48000, 47.
2.49000, 31.
2.50000, 25.
2.51000, 42.
2.52000, 41.
2.53000, 28.
2.54000, 37.
2.55000, 69.
2.56000, 50.
2.57000, 59.
2.58000, 64.
2.59000, 74.
2.60000, 112.
2.61000, 102.
2.62000, 149.
2.63000, 192.
2.64000, 213.
2.65000, 283.
2.66000, 325.
2.67000, 354.
2.68000, 385.
2.69000, 438.
2.70000, 371.
2.71000, 410.
2.72000, 374.
2.73000, 351.
2.74000, 334.
2.75000, 322.
2.76000, 273.
2.77000, 271.
2.78000, 254.
2.79000, 226.
2.80000, 279.
2.81000, 290.
2.82000, 314.
2.83000, 307.
2.84000, 308.
2.85000, 319.
2.86000, 282.
2.87000, 264.
2.88000, 243.
2.89000, 232.
2.90000, 205.
2.91000, 172.
2.92000, 130.
2.93000, 134.
2.94000, 104.
2.95000, 90.
2.96000, 79.
2.97000, 74.
2.98000, 63.
2.99000, 59.
3.00000, 56.
3.01000, 60.
3.02000, 51.
3.03000, 55.
3.04000, 44.
3.05000, 32.
3.06000, 43.
3.07000, 22.
3.08000, 40.
3.09000, 40.
3.10000, 36.
3.11000, 34.
3.12000, 28.
3.13000, 29.
3.14000, 39.
3.15000, 39.
3.16000, 30.
3.17000, 37.
3.18000, 63.
3.19000, 59.
3.20000, 82.
3.21000, 100.
3.22000, 124.
3.23000, 196.
3.24000, 266.
3.25000, 320.
3.26000, 415.
3.27000, 507.
3.28000, 595.
3.29000, 723.
3.30000, 767.
3.31000, 847.
3.32000, 837.
3.33000, 782.
3.34000, 778.
3.35000, 696.
3.36000, 570.
3.37000, 472.
3.38000, 397.
3.39000, 286.
3.40000, 217.
3.41000, 173.
3.42000, 119.
3.43000, 104.
3.44000, 71.
3.45000, 66.
3.46000, 56.
3.47000, 61.
3.48000, 59.
3.49000, 41.
3.50000, 68.
3.51000, 68.
3.52000, 68.
3.53000, 100.
3.54000, 110.
3.55000, 123.
3.56000, 158.
3.57000, 199.
3.58000, 277.
3.59000, 318.
3.60000, 369.
3.61000, 401.
3.62000, 532.
3.63000, 632.
3.64000, 794.
3.65000, 800.
3.66000, 962.
3.67000, 1149.
3.68000, 1212.
3.69000, 1221.
3.70000, 1234.
3.71000, 1213.
3.72000, 1058.
3.73000, 911.
3.74000, 775.
3.75000, 681.
3.76000, 522.
3.77000, 435.
3.78000, 288.
3.79000, 227.
3.80000, 185.
3.81000, 115.
3.82000, 81.
3.83000, 60.
3.84000, 41.
3.85000, 52.
3.86000, 25.
3.87000, 36.
3.88000, 40.
3.89000, 36.
3.90000, 53.
3.91000, 49.
3.92000, 70.
3.93000, 76.
3.94000, 82.
3.95000, 103.
3.96000, 109.
3.97000, 141.
3.98000, 156.
3.99000, 163.
4.00000, 211.
4.01000, 209.
4.02000, 195.
4.03000, 178.
4.04000, 191.
4.05000, 177.
4.06000, 174.
4.07000, 154.
4.08000, 113.
4.09000, 83.
4.10000, 73.
4.11000, 52.
4.12000, 56.
4.13000, 37.
4.14000, 39.
4.15000, 25.
4.16000, 38.
4.17000, 26.
4.18000, 34.
4.19000, 33.
4.20000, 28.
4.21000, 24.
4.22000, 32.
4.23000, 23.
4.24000, 26.
4.25000, 38.
4.26000, 34.
4.27000, 32.
4.28000, 36.
4.29000, 32.
4.30000, 40.
4.31000, 38.
4.32000, 33.
4.33000, 43.
4.34000, 36.
4.35000, 52.
4.36000, 51.
4.37000, 61.
4.38000, 87.
4.39000, 107.
4.40000, 126.
4.41000, 169.
4.42000, 188.
4.43000, 239.
4.44000, 322.
4.45000, 378.
4.46000, 427.
4.47000, 522.
4.48000, 531.
4.49000, 659.
4.50000, 650.
4.51000, 627.
4.52000, 689.
4.53000, 661.
4.54000, 591.
4.55000, 500.
4.56000, 500.
4.57000, 402.
4.58000, 359.
4.59000, 276.
4.60000, 231.
4.61000, 203.
4.62000, 164.
4.63000, 130.
4.64000, 138.
4.65000, 128.
4.66000, 119.
4.67000, 103.
4.68000, 114.
4.69000, 110.
4.70000, 81.
4.71000, 96.
4.72000, 73.
4.73000, 66.
4.74000, 72.
4.75000, 78.
4.76000, 61.
4.77000, 59.
4.78000, 73.
4.79000, 68.
4.80000, 87.
4.81000, 77.
4.82000, 96.
4.83000, 85.
4.84000, 95.
4.85000, 101.
4.86000, 115.
4.87000, 117.
4.88000, 114.
4.89000, 144.
4.90000, 179.
4.91000, 165.
4.92000, 149.
4.93000, 181.
4.94000, 175.
4.95000, 158.
4.96000, 139.
4.97000, 158.
4.98000, 122.
4.99000, 105.
5.00000, 110.
5.01000, 109.
5.02000, 79.
5.03000, 70.
5.04000, 84.
5.05000, 69.
5.06000, 59.
5.07000, 58.
5.08000, 64.
5.09000, 57.
5.10000, 60.
5.11000, 54.
5.12000, 52.
5.13000, 41.
5.14000, 55.
5.15000, 46.
5.16000, 49.
5.17000, 52.
5.18000, 58.
5.19000, 54.
5.20000, 53.
5.21000, 62.
5.22000, 59.
5.23000, 66.
5.24000, 54.
5.25000, 67.
5.26000, 49.
5.27000, 71.
5.28000, 67.
5.29000, 62.
5.30000, 77.
5.31000, 59.
5.32000, 64.
5.33000, 47.
5.34000, 66.
5.35000, 74.
5.36000, 70.
5.37000, 62.
5.38000, 73.
5.39000, 84.
5.40000, 57.
5.41000, 68.
5.42000, 86.
5.43000, 88.
5.44000, 81.
5.45000, 68.
5.46000, 71.
5.47000, 76.
5.48000, 68.
5.49000, 63.
5.50000, 73.
5.51000, 78.
5.52000, 76.
5.53000, 58.
5.54000, 59.
5.55000, 70.
5.56000, 69.
5.57000, 57.
5.58000, 58.
5.59000, 55.
5.60000, 56.
5.61000, 56.
5.62000, 58.
5.63000, 45.
5.64000, 48.
5.65000, 45.
5.66000, 61.
5.67000, 61.
5.68000, 62.
5.69000, 41.
5.70000, 77.
5.71000, 54.
5.72000, 57.
5.73000, 74.
5.74000, 66.
5.75000, 97.
5.76000, 87.
5.77000, 104.
5.78000, 109.
5.79000, 140.
5.80000, 187.
5.81000, 214.
5.82000, 254.
5.83000, 278.
5.84000, 290.
5.85000, 375.
5.86000, 368.
5.87000, 425.
5.88000, 435.
5.89000, 457.
5.90000, 459.
5.91000, 445.
5.92000, 438.
5.93000, 394.
5.94000, 357.
5.95000, 282.
5.96000, 291.
5.97000, 239.
5.98000, 194.
5.99000, 179.
6.00000, 152.
6.01000, 144.
6.02000, 124.
6.03000, 93.
6.04000, 90.
6.05000, 95.
6.06000, 73.
6.07000, 87.
6.08000, 87.
6.09000, 96.
6.10000, 91.
6.11000, 88.
6.12000, 92.
6.13000, 74.
6.14000, 101.
6.15000, 99.
6.16000, 111.
6.17000, 151.
6.18000, 134.
6.19000, 170.
6.20000, 223.
6.21000, 287.
6.22000, 375.
6.23000, 522.
6.24000, 666.
6.25000, 970.
6.26000, 1413.
6.27000, 1916.
6.28000, 2643.
6.29000, 3412.
6.30000, 4389.
6.31000, 5772.
6.32000, 6911.
6.33000, 8615.
6.34000, 10120.
6.35000, 11639.
6.36000, 13079.
6.37000, 14384.
6.38000, 15355.
6.39000, 15650.
6.40000, 15931.
6.41000, 15765.
6.42000, 15284.
6.43000, 13955.
6.44000, 12744.
6.45000, 11415.
6.46000, 9771.
6.47000, 8120.
6.48000, 6651.
6.49000, 5437.
6.50000, 4116.
6.51000, 3134.
6.52000, 2326.
6.53000, 1746.
6.54000, 1279.
6.55000, 912.
6.56000, 602.
6.57000, 486.
6.58000, 318.
6.59000, 215.
6.60000, 207.
6.61000, 159.
6.62000, 161.
6.63000, 112.
6.64000, 95.
6.65000, 122.
6.66000, 126.
6.67000, 103.
6.68000, 95.
6.69000, 100.
6.70000, 102.
6.71000, 97.
6.72000, 123.
6.73000, 110.
6.74000, 94.
6.75000, 94.
6.76000, 103.
6.77000, 118.
6.78000, 124.
6.79000, 133.
6.80000, 117.
6.81000, 121.
6.82000, 137.
6.83000, 122.
6.84000, 150.
6.85000, 148.
6.86000, 183.
6.87000, 185.
6.88000, 216.
6.89000, 239.
6.90000, 338.
6.91000, 360.
6.92000, 480.
6.93000, 565.
6.94000, 700.
6.95000, 763.
6.96000, 988.
6.97000, 1206.
6.98000, 1426.
6.99000, 1665.
7.00000, 1826.
7.01000, 2088.
7.02000, 2212.
7.03000, 2438.
7.04000, 2519.
7.05000, 2629.
7.06000, 2457.
7.07000, 2442.
7.08000, 2359.
7.09000, 2162.
7.10000, 1998.
7.11000, 1716.
7.12000, 1534.
7.13000, 1282.
7.14000, 1098.
7.15000, 909.
7.16000, 724.
7.17000, 549.
7.18000, 438.
7.19000, 331.
7.20000, 273.
7.21000, 212.
7.22000, 138.
7.23000, 133.
7.24000, 116.
7.25000, 109.
7.26000, 87.
7.27000, 73.
7.28000, 81.
7.29000, 87.
7.30000, 85.
7.31000, 69.
7.32000, 77.
7.33000, 64.
7.34000, 74.
7.35000, 81.
7.36000, 65.
7.37000, 83.
7.38000, 67.
7.39000, 76.
7.40000, 84.
7.41000, 77.
7.42000, 82.
7.43000, 64.
7.44000, 91.
7.45000, 76.
7.46000, 91.
7.47000, 81.
7.48000, 84.
7.49000, 80.
7.50000, 62.
7.51000, 98.
7.52000, 81.
7.53000, 107.
7.54000, 65.
7.55000, 83.
7.56000, 69.
7.57000, 65.
7.58000, 74.
7.59000, 91.
7.60000, 65.
7.61000, 60.
7.62000, 60.
7.63000, 77.
7.64000, 85.
7.65000, 89.
7.66000, 57.
7.67000, 91.
7.68000, 85.
7.69000, 95.
7.70000, 83.
7.71000, 77.
7.72000, 81.
7.73000, 59.
7.74000, 90.
7.75000, 80.
7.76000, 82.
7.77000, 79.
7.78000, 77.
7.79000, 88.
7.80000, 79.
7.81000, 87.
7.82000, 85.
7.83000, 83.
7.84000, 95.
7.85000, 94.
7.86000, 103.
7.87000, 86.
7.88000, 109.
7.89000, 115.
7.90000, 90.
7.91000, 86.
7.92000, 89.
7.93000, 104.
7.94000, 121.
7.95000, 102.
7.96000, 131.
7.97000, 112.
7.98000, 140.
7.99000, 131.
8.00000, 116.
8.01000, 136.
8.02000, 145.
8.03000, 132.
8.04000, 143.
8.05000, 135.
8.06000, 134.
8.07000, 154.
8.08000, 140.
8.09000, 148.
8.10000, 138.
8.11000, 138.
8.12000, 136.
8.13000, 148.
8.14000, 137.
8.15000, 161.
8.16000, 166.
8.17000, 133.
8.18000, 131.
8.19000, 114.
8.20000, 134.
8.21000, 135.
8.22000, 127.
8.23000, 115.
8.24000, 116.
8.25000, 101.
8.26000, 107.
8.27000, 108.
8.28000, 92.
8.29000, 106.
8.30000, 113.
8.31000, 99.
8.32000, 109.
8.33000, 99.
8.34000, 89.
8.35000, 97.
8.36000, 89.
8.37000, 102.
8.38000, 95.
8.39000, 116.
8.40000, 109.
8.41000, 99.
8.42000, 107.
8.43000, 93.
8.44000, 107.
8.45000, 105.
8.46000, 97.
8.47000, 95.
8.48000, 118.
8.49000, 109.
8.50000, 120.
8.51000, 129.
8.52000, 109.
8.53000, 142.
8.54000, 123.
8.55000, 131.
8.56000, 137.
8.57000, 133.
8.58000, 121.
8.59000, 134.
8.60000, 151.
8.61000, 145.
8.62000, 151.
8.63000, 158.
8.64000, 167.
8.65000, 139.
8.66000, 163.
8.67000, 147.
8.68000, 139.
8.69000, 138.
8.70000, 137.
8.71000, 148.
8.72000, 135.
8.73000, 130.
8.74000, 120.
8.75000, 115.
8.76000, 119.
8.77000, 109.
8.78000, 119.
8.79000, 93.
8.80000, 100.
8.81000, 117.
8.82000, 103.
8.83000, 112.
8.84000, 128.
8.85000, 112.
8.86000, 94.
8.87000, 135.
8.88000, 104.
8.89000, 99.
8.90000, 104.
8.91000, 104.
8.92000, 106.
8.93000, 107.
8.94000, 120.
8.95000, 106.
8.96000, 120.
8.97000, 129.
8.98000, 126.
8.99000, 110.
9.00000, 84.
9.01000, 121.
9.02000, 120.
9.03000, 125.
9.04000, 106.
9.05000, 99.
9.06000, 120.
9.07000, 102.
9.08000, 108.
9.09000, 122.
9.10000, 107.
9.11000, 114.
9.12000, 124.
9.13000, 115.
9.14000, 128.
9.15000, 115.
9.16000, 121.
9.17000, 132.
9.18000, 124.
9.19000, 107.
9.20000, 115.
9.21000, 120.
9.22000, 139.
9.23000, 120.
9.24000, 119.
9.25000, 132.
9.26000, 119.
9.27000, 129.
9.28000, 107.
9.29000, 104.
9.30000, 131.
9.31000, 111.
9.32000, 122.
9.33000, 115.
9.34000, 125.
9.35000, 127.
9.36000, 119.
9.37000, 108.
9.38000, 119.
9.39000, 139.
9.40000, 122.
9.41000, 112.
9.42000, 119.
9.43000, 126.
9.44000, 110.
9.45000, 132.
9.46000, 104.
9.47000, 118.
9.48000, 125.
9.49000, 108.
9.50000, 117.
9.51000, 117.
9.52000, 102.
9.53000, 136.
9.54000, 133.
9.55000, 117.
9.56000, 121.
9.57000, 115.
9.58000, 133.
9.59000, 134.
9.60000, 119.
9.61000, 108.
9.62000, 125.
9.63000, 115.
9.64000, 129.
9.65000, 116.
9.66000, 119.
9.67000, 112.
9.68000, 122.
9.69000, 129.
9.70000, 125.
9.71000, 121.
9.72000, 122.
9.73000, 122.
9.74000, 122.
9.75000, 117.
9.76000, 137.
9.77000, 112.
9.78000, 135.
9.79000, 125.
9.80000, 122.
9.81000, 91.
9.82000, 136.
9.83000, 133.
9.84000, 118.
9.85000, 112.
9.86000, 117.
9.87000, 101.
9.88000, 130.
9.89000, 109.
9.90000, 118.
9.91000, 132.
9.92000, 120.
9.93000, 111.
9.94000, 108.
9.95000, 133.
9.96000, 136.
9.97000, 118.
9.98000, 109.
9.99000, 122.
10.00000, 89.
10.01000, 132.
10.02000, 103.
10.03000, 115.
10.04000, 121.
10.05000, 115.
10.06000, 106.
10.07000, 121.
10.08000, 105.
10.09000, 130.
10.10000, 135.
10.11000, 107.
10.12000, 123.
10.13000, 119.
10.14000, 137.
10.15000, 117.
10.16000, 110.
10.17000, 148.
10.18000, 116.
10.19000, 119.
10.20000, 122.
10.21000, 119.
10.22000, 101.
10.23000, 119.
10.24000, 133.
10.25000, 120.
10.26000, 109.
10.27000, 130.
10.28000, 134.
10.29000, 107.
10.30000, 122.
10.31000, 118.
10.32000, 118.
10.33000, 115.
10.34000, 120.
10.35000, 122.
10.36000, 132.
10.37000, 106.
10.38000, 125.
10.39000, 127.
10.40000, 133.
10.41000, 123.
10.42000, 131.
10.43000, 145.
10.44000, 124.
10.45000, 149.
10.46000, 150.
10.47000, 135.
10.48000, 129.
10.49000, 119.
10.50000, 146.
10.51000, 143.
10.52000, 146.
10.53000, 163.
10.54000, 133.
10.55000, 153.
10.56000, 136.
10.57000, 136.
10.58000, 138.
10.59000, 136.
10.60000, 133.
10.61000, 139.
10.62000, 141.
10.63000, 150.
10.64000, 147.
10.65000, 142.
10.66000, 136.
10.67000, 145.
10.68000, 145.
10.69000, 133.
10.70000, 133.
10.71000, 122.
10.72000, 107.
10.73000, 119.
10.74000, 139.
10.75000, 134.
10.76000, 114.
10.77000, 112.
10.78000, 129.
10.79000, 127.
10.80000, 108.
10.81000, 122.
10.82000, 118.
10.83000, 147.
10.84000, 137.
10.85000, 141.
10.86000, 133.
10.87000, 137.
10.88000, 133.
10.89000, 141.
10.90000, 129.
10.91000, 118.
10.92000, 98.
10.93000, 122.
10.94000, 138.
10.95000, 127.
10.96000, 114.
10.97000, 144.
10.98000, 146.
10.99000, 124.
11.00000, 139.
11.01000, 133.
11.02000, 143.
11.03000, 147.
11.04000, 139.
11.05000, 141.
11.06000, 127.
11.07000, 131.
11.08000, 118.
11.09000, 119.
11.10000, 135.
11.11000, 105.
11.12000, 144.
11.13000, 146.
11.14000, 145.
11.15000, 132.
11.16000, 142.
11.17000, 146.
11.18000, 121.
11.19000, 130.
11.20000, 133.
11.21000, 133.
11.22000, 122.
11.23000, 149.
11.24000, 133.
11.25000, 146.
11.26000, 131.
11.27000, 128.
11.28000, 132.
11.29000, 142.
11.30000, 145.
11.31000, 142.
11.32000, 150.
11.33000, 113.
11.34000, 137.
11.35000, 120.
11.36000, 125.
11.37000, 134.
11.38000, 144.
11.39000, 140.
11.40000, 146.
11.41000, 121.
11.42000, 139.
11.43000, 156.
11.44000, 140.
11.45000, 142.
11.46000, 131.
11.47000, 148.
11.48000, 132.
11.49000, 156.
11.50000, 135.
11.51000, 130.
11.52000, 140.
11.53000, 126.
11.54000, 139.
11.55000, 116.
11.56000, 140.
11.57000, 127.
11.58000, 166.
11.59000, 154.
11.60000, 143.
11.61000, 140.
11.62000, 109.
11.63000, 145.
11.64000, 157.
11.65000, 149.
11.66000, 132.
11.67000, 136.
11.68000, 136.
11.69000, 127.
11.70000, 153.
11.71000, 113.
11.72000, 139.
11.73000, 139.
11.74000, 142.
11.75000, 128.
11.76000, 153.
11.77000, 171.
11.78000, 141.
11.79000, 122.
11.80000, 135.
11.81000, 151.
11.82000, 142.
11.83000, 128.
11.84000, 134.
11.85000, 136.
11.86000, 134.
11.87000, 163.
11.88000, 148.
11.89000, 147.
11.90000, 159.
11.91000, 139.
11.92000, 144.
11.93000, 128.
11.94000, 146.
11.95000, 116.
11.96000, 134.
11.97000, 132.
11.98000, 136.
11.99000, 146.
12.00000, 147.
12.01000, 130.
12.02000, 143.
12.03000, 147.
12.04000, 144.
12.05000, 150.
12.06000, 143.
12.07000, 118.
12.08000, 136.
12.09000, 145.
12.10000, 133.
12.11000, 147.
12.12000, 148.
12.13000, 130.
12.14000, 119.
12.15000, 126.
12.16000, 135.
12.17000, 136.
12.18000, 144.
12.19000, 137.
12.20000, 144.
12.21000, 165.
12.22000, 124.
12.23000, 138.
12.24000, 141.
12.25000, 152.
12.26000, 125.
12.27000, 168.
12.28000, 138.
12.29000, 136.
12.30000, 125.
12.31000, 136.
12.32000, 155.
12.33000, 124.
12.34000, 146.
12.35000, 158.
12.36000, 130.
12.37000, 149.
12.38000, 142.
12.39000, 131.
12.40000, 153.
12.41000, 125.
12.42000, 152.
12.43000, 146.
12.44000, 126.
12.45000, 161.
12.46000, 143.
12.47000, 146.
12.48000, 136.
12.49000, 133.
12.50000, 159.
12.51000, 160.
12.52000, 152.
12.53000, 146.
12.54000, 156.
12.55000, 129.
12.56000, 139.
12.57000, 147.
12.58000, 147.
12.59000, 143.
12.60000, 156.
12.61000, 138.
12.62000, 164.
12.63000, 170.
12.64000, 151.
12.65000, 147.
12.66000, 173.
12.67000, 147.
12.68000, 154.
12.69000, 133.
12.70000, 147.
12.71000, 167.
12.72000, 162.
12.73000, 165.
12.74000, 172.
12.75000, 171.
12.76000, 168.
12.77000, 178.
12.78000, 186.
12.79000, 172.
12.80000, 187.
12.81000, 190.
12.82000, 175.
12.83000, 204.
12.84000, 174.
12.85000, 165.
12.86000, 187.
12.87000, 156.
12.88000, 146.
12.89000, 166.
12.90000, 179.
12.91000, 177.
12.92000, 169.
12.93000, 171.
12.94000, 145.
12.95000, 154.
12.96000, 146.
12.97000, 153.
12.98000, 153.
12.99000, 158.
13.00000, 137.
13.01000, 170.
13.02000, 141.
13.03000, 173.
13.04000, 154.
13.05000, 131.
13.06000, 182.
13.07000, 128.
13.08000, 144.
13.09000, 145.
13.10000, 139.
13.11000, 137.
13.12000, 146.
13.13000, 164.
13.14000, 147.
13.15000, 148.
13.16000, 139.
13.17000, 160.
13.18000, 166.
13.19000, 170.
13.20000, 148.
13.21000, 157.
13.22000, 167.
13.23000, 157.
13.24000, 172.
13.25000, 184.
13.26000, 158.
13.27000, 182.
13.28000, 156.
13.29000, 186.
13.30000, 183.
13.31000, 175.
13.32000, 172.
13.33000, 201.
13.34000, 170.
13.35000, 209.
13.36000, 202.
13.37000, 217.
13.38000, 232.
13.39000, 198.
13.40000, 203.
13.41000, 171.
13.42000, 171.
13.43000, 162.
13.44000, 190.
13.45000, 191.
13.46000, 174.
13.47000, 202.
13.48000, 184.
13.49000, 174.
13.50000, 154.
13.51000, 161.
13.52000, 152.
13.53000, 150.
13.54000, 178.
13.55000, 169.
13.56000, 157.
13.57000, 163.
13.58000, 138.
13.59000, 158.
13.60000, 147.
13.61000, 157.
13.62000, 155.
13.63000, 146.
13.64000, 144.
13.65000, 159.
13.66000, 141.
13.67000, 164.
13.68000, 142.
13.69000, 132.
13.70000, 153.
13.71000, 163.
13.72000, 139.
13.73000, 150.
13.74000, 177.
13.75000, 167.
13.76000, 153.
13.77000, 143.
13.78000, 149.
13.79000, 135.
13.80000, 149.
13.81000, 144.
13.82000, 149.
13.83000, 126.
13.84000, 154.
13.85000, 139.
13.86000, 151.
13.87000, 139.
13.88000, 145.
13.89000, 142.
13.90000, 179.
13.91000, 160.
13.92000, 158.
13.93000, 196.
13.94000, 175.
13.95000, 167.
13.96000, 192.
13.97000, 224.
13.98000, 224.
13.99000, 246.
14.00000, 271.
14.01000, 274.
14.02000, 278.
14.03000, 318.
14.04000, 326.
14.05000, 356.
14.06000, 344.
14.07000, 382.
14.08000, 386.
14.09000, 380.
14.10000, 386.
14.11000, 444.
14.12000, 428.
14.13000, 426.
14.14000, 432.
14.15000, 419.
14.16000, 377.
14.17000, 388.
14.18000, 391.
14.19000, 368.
14.20000, 346.
14.21000, 350.
14.22000, 310.
14.23000, 336.
14.24000, 291.
14.25000, 267.
14.26000, 254.
14.27000, 239.
14.28000, 186.
14.29000, 195.
14.30000, 192.
14.31000, 166.
14.32000, 181.
14.33000, 162.
14.34000, 175.
14.35000, 160.
14.36000, 156.
14.37000, 155.
14.38000, 165.
14.39000, 163.
14.40000, 156.
14.41000, 155.
14.42000, 166.
14.43000, 142.
14.44000, 140.
14.45000, 136.
14.46000, 151.
14.47000, 154.
14.48000, 157.
14.49000, 137.
14.50000, 145.
14.51000, 150.
14.52000, 147.
14.53000, 148.
14.54000, 152.
14.55000, 141.
14.56000, 156.
14.57000, 125.
14.58000, 147.
14.59000, 160.
14.60000, 134.
14.61000, 146.
14.62000, 161.
14.63000, 153.
14.64000, 150.
14.65000, 154.
14.66000, 145.
14.67000, 146.
14.68000, 134.
14.69000, 151.
14.70000, 152.
14.71000, 141.
14.72000, 144.
14.73000, 128.
14.74000, 155.
14.75000, 158.
14.76000, 133.
14.77000, 148.
14.78000, 169.
14.79000, 155.
14.80000, 158.
14.81000, 169.
14.82000, 163.
14.83000, 174.
14.84000, 151.
14.85000, 160.
14.86000, 186.
14.87000, 181.
14.88000, 187.
14.89000, 169.
14.90000, 195.
14.91000, 184.
14.92000, 185.
14.93000, 154.
14.94000, 154.
14.95000, 183.
14.96000, 195.
14.97000, 191.
14.98000, 183.
14.99000, 168.
15.00000, 180.
15.01000, 161.
15.02000, 164.
15.03000, 151.
15.04000, 172.
15.05000, 168.
15.06000, 150.
15.07000, 163.
15.08000, 175.
15.09000, 160.
15.10000, 149.
15.11000, 134.
15.12000, 147.
15.13000, 135.
15.14000, 151.
15.15000, 132.
15.16000, 153.
15.17000, 141.
15.18000, 152.
15.19000, 130.
15.20000, 153.
15.21000, 131.
15.22000, 139.
15.23000, 164.
15.24000, 138.
15.25000, 147.
15.26000, 154.
15.27000, 139.
15.28000, 152.
15.29000, 148.
15.30000, 150.
15.31000, 131.
15.32000, 144.
15.33000, 161.
15.34000, 159.
15.35000, 142.
15.36000, 153.
15.37000, 146.
15.38000, 136.
15.39000, 144.
15.40000, 151.
15.41000, 174.
15.42000, 150.
15.43000, 151.
15.44000, 165.
15.45000, 152.
15.46000, 156.
15.47000, 168.
15.48000, 157.
15.49000, 176.
15.50000, 187.
15.51000, 189.
15.52000, 185.
15.53000, 198.
15.54000, 170.
15.55000, 215.
15.56000, 227.
15.57000, 246.
15.58000, 264.
15.59000, 273.
15.60000, 319.
15.61000, 324.
15.62000, 335.
15.63000, 369.
15.64000, 376.
15.65000, 416.
15.66000, 465.
15.67000, 464.
15.68000, 471.
15.69000, 514.
15.70000, 527.
15.71000, 508.
15.72000, 524.
15.73000, 557.
15.74000, 526.
15.75000, 549.
15.76000, 483.
15.77000, 509.
15.78000, 496.
15.79000, 482.
15.80000, 422.
15.81000, 442.
15.82000, 410.
15.83000, 359.
15.84000, 341.
15.85000, 332.
15.86000, 346.
15.87000, 276.
15.88000, 294.
15.89000, 281.
15.90000, 243.
15.91000, 206.
15.92000, 206.
15.93000, 212.
15.94000, 157.
15.95000, 221.
15.96000, 175.
15.97000, 184.
15.98000, 175.
15.99000, 160.
16.00000, 145.
16.01000, 172.
16.02000, 156.
16.03000, 146.
16.04000, 148.
16.05000, 177.
16.06000, 148.
16.07000, 153.
16.08000, 155.
16.09000, 151.
16.10000, 147.
16.11000, 149.
16.12000, 141.
16.13000, 134.
16.14000, 146.
16.15000, 144.
16.16000, 158.
16.17000, 146.
16.18000, 148.
16.19000, 155.
16.20000, 151.
16.21000, 137.
16.22000, 142.
16.23000, 135.
16.24000, 128.
16.25000, 152.
16.26000, 146.
16.27000, 155.
16.28000, 146.
16.29000, 153.
16.30000, 145.
16.31000, 134.
16.32000, 136.
16.33000, 123.
16.34000, 148.
16.35000, 127.
16.36000, 163.
16.37000, 136.
16.38000, 146.
16.39000, 143.
16.40000, 139.
16.41000, 123.
16.42000, 124.
16.43000, 141.
16.44000, 145.
16.45000, 180.
16.46000, 142.
16.47000, 163.
16.48000, 169.
16.49000, 158.
16.50000, 170.
16.51000, 130.
16.52000, 152.
16.53000, 157.
16.54000, 151.
16.55000, 151.
16.56000, 165.
16.57000, 156.
16.58000, 160.
16.59000, 164.
16.60000, 157.
16.61000, 156.
16.62000, 154.
16.63000, 146.
16.64000, 187.
16.65000, 154.
16.66000, 153.
16.67000, 150.
16.68000, 134.
16.69000, 166.
16.70000, 165.
16.71000, 156.
16.72000, 149.
16.73000, 138.
16.74000, 156.
16.75000, 151.
16.76000, 156.
16.77000, 150.
16.78000, 173.
16.79000, 147.
16.80000, 128.
16.81000, 161.
16.82000, 130.
16.83000, 129.
16.84000, 142.
16.85000, 146.
16.86000, 136.
16.87000, 151.
16.88000, 132.
16.89000, 145.
16.90000, 158.
16.91000, 143.
16.92000, 169.
16.93000, 136.
16.94000, 147.
16.95000, 154.
16.96000, 146.
16.97000, 141.
16.98000, 134.
16.99000, 179.
17.00000, 142.
17.01000, 149.
17.02000, 152.
17.03000, 147.
17.04000, 154.
17.05000, 148.
17.06000, 127.
17.07000, 144.
17.08000, 167.
17.09000, 149.
17.10000, 170.
17.11000, 166.
17.12000, 141.
17.13000, 157.
17.14000, 157.
17.15000, 172.
17.16000, 138.
17.17000, 167.
17.18000, 161.
17.19000, 155.
17.20000, 139.
17.21000, 165.
17.22000, 156.
17.23000, 179.
17.24000, 140.
17.25000, 158.
17.26000, 155.
17.27000, 159.
17.28000, 180.
17.29000, 136.
17.30000, 139.
17.31000, 143.
17.32000, 167.
17.33000, 130.
17.34000, 151.
17.35000, 149.
17.36000, 146.
17.37000, 161.
17.38000, 163.
17.39000, 153.
17.40000, 184.
17.41000, 162.
17.42000, 173.
17.43000, 170.
17.44000, 153.
17.45000, 156.
17.46000, 199.
17.47000, 173.
17.48000, 193.
17.49000, 188.
17.50000, 182.
17.51000, 172.
17.52000, 198.
17.53000, 173.
17.54000, 210.
17.55000, 226.
17.56000, 231.
17.57000, 228.
17.58000, 225.
17.59000, 225.
17.60000, 215.
17.61000, 223.
17.62000, 243.
17.63000, 232.
17.64000, 246.
17.65000, 223.
17.66000, 217.
17.67000, 229.
17.68000, 212.
17.69000, 232.
17.70000, 227.
17.71000, 243.
17.72000, 250.
17.73000, 223.
17.74000, 195.
17.75000, 194.
17.76000, 211.
17.77000, 196.
17.78000, 211.
17.79000, 211.
17.80000, 204.
17.81000, 202.
17.82000, 197.
17.83000, 179.
17.84000, 210.
17.85000, 194.
17.86000, 193.
17.87000, 194.
17.88000, 213.
17.89000, 210.
17.90000, 224.
17.91000, 206.
17.92000, 176.
17.93000, 225.
17.94000, 215.
17.95000, 212.
17.96000, 262.
17.97000, 223.
17.98000, 221.
17.99000, 192.
18.00000, 230.
18.01000, 250.
18.02000, 229.
18.03000, 229.
18.04000, 238.
18.05000, 217.
18.06000, 231.
18.07000, 240.
18.08000, 259.
18.09000, 230.
18.10000, 225.
18.11000, 223.
18.12000, 236.
18.13000, 228.
18.14000, 237.
18.15000, 274.
18.16000, 283.
18.17000, 254.
18.18000, 271.
18.19000, 274.
18.20000, 270.
18.21000, 269.
18.22000, 270.
18.23000, 291.
18.24000, 290.
18.25000, 315.
18.26000, 303.
18.27000, 297.
18.28000, 303.
18.29000, 316.
18.30000, 337.
18.31000, 341.
18.32000, 341.
18.33000, 365.
18.34000, 355.
18.35000, 407.
18.36000, 362.
18.37000, 400.
18.38000, 427.
18.39000, 451.
18.40000, 396.
18.41000, 462.
18.42000, 459.
18.43000, 450.
18.44000, 470.
18.45000, 425.
18.46000, 473.
18.47000, 526.
18.48000, 511.
18.49000, 497.
18.50000, 578.
18.51000, 583.
18.52000, 542.
18.53000, 631.
18.54000, 643.
18.55000, 666.
18.56000, 679.
18.57000, 700.
18.58000, 667.
18.59000, 679.
18.60000, 758.
18.61000, 775.
18.62000, 723.
18.63000, 749.
18.64000, 772.
18.65000, 813.
18.66000, 790.
18.67000, 805.
18.68000, 862.
18.69000, 831.
18.70000, 844.
18.71000, 869.
18.72000, 873.
18.73000, 779.
18.74000, 841.
18.75000, 928.
18.76000, 892.
18.77000, 832.
18.78000, 901.
18.79000, 857.
18.80000, 890.
18.81000, 888.
18.82000, 877.
18.83000, 810.
18.84000, 871.
18.85000, 926.
18.86000, 883.
18.87000, 898.
18.88000, 806.
18.89000, 811.
18.90000, 823.
18.91000, 805.
18.92000, 794.
18.93000, 828.
18.94000, 772.
18.95000, 738.
18.96000, 731.
18.97000, 736.
18.98000, 740.
18.99000, 728.
19.00000, 678.
19.01000, 652.
19.02000, 614.
19.03000, 624.
19.04000, 627.
19.05000, 643.
19.06000, 591.
19.07000, 602.
19.08000, 553.
19.09000, 516.
19.10000, 520.
19.11000, 531.
19.12000, 498.
19.13000, 473.
19.14000, 483.
19.15000, 455.
19.16000, 461.
19.17000, 418.
19.18000, 409.
19.19000, 431.
19.20000, 425.
19.21000, 382.
19.22000, 380.
19.23000, 372.
19.24000, 376.
19.25000, 368.
19.26000, 346.
19.27000, 332.
19.28000, 351.
19.29000, 284.
19.30000, 314.
19.31000, 291.
19.32000, 305.
19.33000, 304.
19.34000, 304.
19.35000, 280.
19.36000, 264.
19.37000, 289.
19.38000, 256.
19.39000, 228.
19.40000, 265.
19.41000, 234.
19.42000, 252.
19.43000, 251.
19.44000, 220.
19.45000, 220.
19.46000, 239.
19.47000, 234.
19.48000, 215.
19.49000, 245.
19.50000, 225.
19.51000, 199.
19.52000, 195.
19.53000, 198.
19.54000, 202.
19.55000, 196.
19.56000, 228.
19.57000, 214.
19.58000, 206.
19.59000, 192.
19.60000, 222.
19.61000, 184.
19.62000, 205.
19.63000, 185.
19.64000, 186.
19.65000, 162.
19.66000, 164.
19.67000, 171.
19.68000, 186.
19.69000, 158.
19.70000, 204.
19.71000, 171.
19.72000, 159.
19.73000, 156.
19.74000, 181.
19.75000, 168.
19.76000, 165.
19.77000, 192.
19.78000, 173.
19.79000, 179.
19.80000, 148.
19.81000, 169.
19.82000, 155.
19.83000, 204.
19.84000, 172.
19.85000, 174.
19.86000, 188.
19.87000, 202.
19.88000, 188.
19.89000, 207.
19.90000, 219.
19.91000, 215.
19.92000, 249.
19.93000, 283.
19.94000, 268.
19.95000, 291.
19.96000, 311.
19.97000, 346.
19.98000, 353.
19.99000, 332.
20.00000, 381.
20.01000, 405.
20.02000, 413.
20.03000, 418.
20.04000, 430.
20.05000, 464.
20.06000, 493.
20.07000, 498.
20.08000, 543.
20.09000, 529.
20.10000, 533.
20.11000, 542.
20.12000, 525.
20.13000, 573.
20.14000, 558.
20.15000, 556.
20.16000, 538.
20.17000, 499.
20.18000, 514.
20.19000, 549.
20.20000, 510.
20.21000, 486.
20.22000, 498.
20.23000, 464.
20.24000, 436.
20.25000, 419.
20.26000, 374.
20.27000, 368.
20.28000, 364.
20.29000, 307.
20.30000, 272.
20.31000, 290.
20.32000, 268.
20.33000, 236.
20.34000, 237.
20.35000, 210.
20.36000, 211.
20.37000, 223.
20.38000, 183.
20.39000, 183.
20.40000, 168.
20.41000, 163.
20.42000, 173.
20.43000, 167.
20.44000, 135.
20.45000, 160.
20.46000, 146.
20.47000, 142.
20.48000, 144.
20.49000, 154.
20.50000, 151.
20.51000, 146.
20.52000, 156.
20.53000, 135.
20.54000, 155.
20.55000, 149.
20.56000, 170.
20.57000, 159.
20.58000, 164.
20.59000, 149.
20.60000, 152.
20.61000, 149.
20.62000, 169.
20.63000, 173.
20.64000, 199.
20.65000, 191.
20.66000, 191.
20.67000, 189.
20.68000, 191.
20.69000, 189.
20.70000, 185.
20.71000, 166.
20.72000, 230.
20.73000, 197.
20.74000, 195.
20.75000, 217.
20.76000, 227.
20.77000, 201.
20.78000, 228.
20.79000, 203.
20.80000, 227.
20.81000, 226.
20.82000, 207.
20.83000, 217.
20.84000, 239.
20.85000, 243.
20.86000, 214.
20.87000, 217.
20.88000, 211.
20.89000, 213.
20.90000, 240.
20.91000, 249.
20.92000, 260.
20.93000, 231.
20.94000, 229.
20.95000, 233.
20.96000, 222.
20.97000, 246.
20.98000, 253.
20.99000, 234.
21.00000, 221.
21.01000, 215.
21.02000, 231.
21.03000, 249.
21.04000, 242.
21.05000, 247.
21.06000, 235.
21.07000, 244.
21.08000, 226.
21.09000, 227.
21.10000, 210.
21.11000, 220.
21.12000, 213.
21.13000, 237.
21.14000, 216.
21.15000, 208.
21.16000, 199.
21.17000, 204.
21.18000, 221.
21.19000, 237.
21.20000, 197.
21.21000, 196.
21.22000, 212.
21.23000, 209.
21.24000, 192.
21.25000, 187.
21.26000, 200.
21.27000, 190.
21.28000, 175.
21.29000, 182.
21.30000, 198.
21.31000, 180.
21.32000, 193.
21.33000, 155.
21.34000, 189.
21.35000, 184.
21.36000, 155.
21.37000, 179.
21.38000, 171.
21.39000, 177.
21.40000, 158.
21.41000, 154.
21.42000, 148.
21.43000, 165.
21.44000, 160.
21.45000, 152.
21.46000, 157.
21.47000, 143.
21.48000, 157.
21.49000, 155.
21.50000, 125.
21.51000, 134.
21.52000, 145.
21.53000, 104.
21.54000, 142.
21.55000, 141.
21.56000, 110.
21.57000, 131.
21.58000, 144.
21.59000, 129.
21.60000, 116.
21.61000, 130.
21.62000, 123.
21.63000, 117.
21.64000, 107.
21.65000, 120.
21.66000, 138.
21.67000, 114.
21.68000, 117.
21.69000, 105.
21.70000, 105.
21.71000, 112.
21.72000, 112.
21.73000, 125.
21.74000, 105.
21.75000, 137.
21.76000, 110.
21.77000, 105.
21.78000, 99.
21.79000, 104.
21.80000, 103.
21.81000, 105.
21.82000, 110.
21.83000, 99.
21.84000, 109.
21.85000, 96.
21.86000, 101.
21.87000, 96.
21.88000, 98.
21.89000, 100.
21.90000, 96.
21.91000, 85.
21.92000, 116.
21.93000, 107.
21.94000, 89.
21.95000, 79.
21.96000, 113.
21.97000, 80.
21.98000, 94.
21.99000, 82.
22.00000, 96.
22.01000, 96.
22.02000, 93.
22.03000, 105.
22.04000, 109.
22.05000, 94.
22.06000, 96.
22.07000, 94.
22.08000, 97.
22.09000, 93.
22.10000, 104.
22.11000, 67.
22.12000, 82.
22.13000, 82.
22.14000, 86.
22.15000, 96.
22.16000, 97.
22.17000, 87.
22.18000, 76.
22.19000, 82.
22.20000, 90.
22.21000, 73.
22.22000, 84.
22.23000, 65.
22.24000, 90.
22.25000, 100.
22.26000, 96.
22.27000, 94.
22.28000, 90.
22.29000, 76.
22.30000, 81.
22.31000, 71.
22.32000, 85.
22.33000, 68.
22.34000, 75.
22.35000, 59.
22.36000, 103.
22.37000, 77.
22.38000, 75.
22.39000, 84.
22.40000, 93.
22.41000, 80.
22.42000, 83.
22.43000, 80.
22.44000, 67.
22.45000, 77.
22.46000, 88.
22.47000, 80.
22.48000, 80.
22.49000, 91.
22.50000, 96.
22.51000, 96.
22.52000, 99.
22.53000, 106.
22.54000, 102.
22.55000, 110.
22.56000, 107.
22.57000, 107.
22.58000, 121.
22.59000, 109.
22.60000, 129.
22.61000, 132.
22.62000, 142.
22.63000, 129.
22.64000, 144.
22.65000, 148.
22.66000, 137.
22.67000, 151.
22.68000, 123.
22.69000, 141.
22.70000, 134.
22.71000, 111.
22.72000, 130.
22.73000, 122.
22.74000, 135.
22.75000, 121.
22.76000, 109.
22.77000, 104.
22.78000, 102.
22.79000, 123.
22.80000, 97.
22.81000, 98.
22.82000, 90.
22.83000, 97.
22.84000, 80.
22.85000, 82.
22.86000, 89.
22.87000, 87.
22.88000, 77.
22.89000, 77.
22.90000, 80.
22.91000, 70.
22.92000, 68.
22.93000, 84.
22.94000, 80.
22.95000, 76.
22.96000, 88.
22.97000, 71.
22.98000, 71.
22.99000, 85.
23.00000, 62.
23.01000, 82.
23.02000, 70.
23.03000, 61.
23.04000, 61.
23.05000, 84.
23.06000, 82.
23.07000, 67.
23.08000, 80.
23.09000, 70.
23.10000, 81.
23.11000, 87.
23.12000, 83.
23.13000, 76.
23.14000, 73.
23.15000, 78.
23.16000, 74.
23.17000, 67.
23.18000, 73.
23.19000, 89.
23.20000, 96.
23.21000, 74.
23.22000, 73.
23.23000, 83.
23.24000, 76.
23.25000, 72.
23.26000, 66.
23.27000, 71.
23.28000, 69.
23.29000, 64.
23.30000, 79.
23.31000, 59.
23.32000, 63.
23.33000, 73.
23.34000, 75.
23.35000, 54.
23.36000, 58.
23.37000, 65.
23.38000, 73.
23.39000, 61.
23.40000, 61.
23.41000, 76.
23.42000, 77.
23.43000, 76.
23.44000, 56.
23.45000, 61.
23.46000, 65.
23.47000, 76.
23.48000, 71.
23.49000, 65.
23.50000, 62.
23.51000, 57.
23.52000, 61.
23.53000, 54.
23.54000, 55.
23.55000, 58.
23.56000, 53.
23.57000, 62.
23.58000, 66.
23.59000, 65.
23.60000, 51.
23.61000, 44.
23.62000, 64.
23.63000, 61.
23.64000, 71.
23.65000, 49.
23.66000, 57.
23.67000, 62.
23.68000, 61.
23.69000, 75.
23.70000, 70.
23.71000, 61.
23.72000, 88.
23.73000, 81.
23.74000, 56.
23.75000, 62.
23.76000, 63.
23.77000, 58.
23.78000, 49.
23.79000, 69.
23.80000, 75.
23.81000, 74.
23.82000, 57.
23.83000, 74.
23.84000, 66.
23.85000, 62.
23.86000, 71.
23.87000, 56.
23.88000, 57.
23.89000, 66.
23.90000, 65.
23.91000, 62.
23.92000, 60.
23.93000, 58.
23.94000, 56.
23.95000, 58.
23.96000, 73.
23.97000, 82.
23.98000, 68.
23.99000, 72.
24.00000, 55.
24.01000, 58.
24.02000, 57.
24.03000, 63.
24.04000, 74.
24.05000, 48.
24.06000, 68.
24.07000, 71.
24.08000, 62.
24.09000, 57.
24.10000, 60.
24.11000, 83.
24.12000, 67.
24.13000, 58.
24.14000, 79.
24.15000, 69.
24.16000, 60.
24.17000, 69.
24.18000, 60.
24.19000, 74.
24.20000, 70.
24.21000, 57.
24.22000, 72.
24.23000, 64.
24.24000, 72.
24.25000, 46.
24.26000, 56.
24.27000, 57.
24.28000, 72.
24.29000, 56.
24.30000, 85.
24.31000, 69.
24.32000, 56.
24.33000, 51.
24.34000, 52.
24.35000, 65.
24.36000, 64.
24.37000, 70.
24.38000, 60.
24.39000, 57.
24.40000, 60.
24.41000, 70.
24.42000, 56.
24.43000, 62.
24.44000, 63.
24.45000, 61.
24.46000, 69.
24.47000, 69.
24.48000, 65.
24.49000, 59.
24.50000, 69.
24.51000, 64.
24.52000, 67.
24.53000, 72.
24.54000, 67.
24.55000, 80.
24.56000, 70.
24.57000, 61.
24.58000, 63.
24.59000, 53.
24.60000, 60.
24.61000, 68.
24.62000, 62.
24.63000, 71.
24.64000, 71.
24.65000, 65.
24.66000, 62.
24.67000, 60.
24.68000, 64.
24.69000, 61.
24.70000, 55.
24.71000, 56.
24.72000, 33.
24.73000, 66.
24.74000, 63.
24.75000, 59.
24.76000, 75.
24.77000, 54.
24.78000, 64.
24.79000, 64.
24.80000, 63.
24.81000, 74.
24.82000, 53.
24.83000, 64.
24.84000, 62.
24.85000, 64.
24.86000, 76.
24.87000, 47.
24.88000, 68.
24.89000, 72.
24.90000, 54.
24.91000, 67.
24.92000, 63.
24.93000, 51.
24.94000, 59.
24.95000, 66.
24.96000, 61.
24.97000, 67.
24.98000, 63.
24.99000, 64.
25.00000, 70.
25.01000, 66.
25.02000, 74.
25.03000, 74.
25.04000, 67.
25.05000, 82.
25.06000, 77.
25.07000, 72.
25.08000, 71.
25.09000, 66.
25.10000, 67.
25.11000, 71.
25.12000, 60.
25.13000, 73.
25.14000, 71.
25.15000, 64.
25.16000, 91.
25.17000, 62.
25.18000, 71.
25.19000, 84.
25.20000, 54.
25.21000, 78.
25.22000, 69.
25.23000, 70.
25.24000, 62.
25.25000, 73.
25.26000, 69.
25.27000, 60.
25.28000, 69.
25.29000, 71.
25.30000, 57.
25.31000, 65.
25.32000, 60.
25.33000, 60.
25.34000, 71.
25.35000, 63.
25.36000, 52.
25.37000, 72.
25.38000, 61.
25.39000, 53.
25.40000, 57.
25.41000, 62.
25.42000, 75.
25.43000, 55.
25.44000, 74.
25.45000, 66.
25.46000, 57.
25.47000, 48.
25.48000, 71.
25.49000, 69.
25.50000, 45.
25.51000, 61.
25.52000, 63.
25.53000, 63.
25.54000, 61.
25.55000, 73.
25.56000, 77.
25.57000, 49.
25.58000, 66.
25.59000, 80.
25.60000, 77.
25.61000, 60.
25.62000, 57.
25.63000, 61.
25.64000, 46.
25.65000, 60.
25.66000, 56.
25.67000, 55.
25.68000, 49.
25.69000, 56.
25.70000, 56.
25.71000, 56.
25.72000, 58.
25.73000, 67.
25.74000, 65.
25.75000, 54.
25.76000, 56.
25.77000, 47.
25.78000, 69.
25.79000, 63.
25.80000, 58.
25.81000, 57.
25.82000, 63.
25.83000, 62.
25.84000, 51.
25.85000, 64.
25.86000, 53.
25.87000, 58.
25.88000, 62.
25.89000, 64.
25.90000, 58.
25.91000, 50.
25.92000, 55.
25.93000, 61.
25.94000, 49.
25.95000, 51.
25.96000, 42.
25.97000, 48.
25.98000, 50.
25.99000, 62.
26.00000, 43.
26.01000, 54.
26.02000, 47.
26.03000, 54.
26.04000, 51.
26.05000, 49.
26.06000, 64.
26.07000, 68.
26.08000, 42.
26.09000, 50.
26.10000, 43.
26.11000, 48.
26.12000, 46.
26.13000, 57.
26.14000, 48.
26.15000, 55.
26.16000, 62.
26.17000, 60.
26.18000, 45.
26.19000, 51.
26.20000, 51.
26.21000, 55.
26.22000, 54.
26.23000, 54.
26.24000, 48.
26.25000, 62.
26.26000, 47.
26.27000, 66.
26.28000, 51.
26.29000, 46.
26.30000, 52.
26.31000, 44.
26.32000, 43.
26.33000, 53.
26.34000, 62.
26.35000, 64.
26.36000, 53.
26.37000, 41.
26.38000, 50.
26.39000, 39.
26.40000, 55.
26.41000, 64.
26.42000, 59.
26.43000, 48.
26.44000, 47.
26.45000, 58.
26.46000, 48.
26.47000, 62.
26.48000, 52.
26.49000, 55.
26.50000, 55.
26.51000, 68.
26.52000, 44.
26.53000, 60.
26.54000, 52.
26.55000, 55.
26.56000, 52.
26.57000, 44.
26.58000, 34.
26.59000, 55.
26.60000, 52.
26.61000, 46.
26.62000, 62.
26.63000, 56.
26.64000, 65.
26.65000, 46.
26.66000, 57.
26.67000, 41.
26.68000, 63.
26.69000, 51.
26.70000, 52.
26.71000, 34.
26.72000, 54.
26.73000, 53.
26.74000, 71.
26.75000, 55.
26.76000, 46.
26.77000, 57.
26.78000, 55.
26.79000, 47.
26.80000, 50.
26.81000, 52.
26.82000, 61.
26.83000, 56.
26.84000, 53.
26.85000, 64.
26.86000, 40.
26.87000, 39.
26.88000, 31.
26.89000, 47.
26.90000, 53.
26.91000, 45.
26.92000, 54.
26.93000, 35.
26.94000, 44.
26.95000, 48.
26.96000, 55.
26.97000, 46.
26.98000, 42.
26.99000, 32.
27.00000, 55.
27.01000, 57.
27.02000, 51.
27.03000, 23.
27.04000, 37.
27.05000, 46.
27.06000, 51.
27.07000, 61.
27.08000, 56.
27.09000, 51.
27.10000, 43.
27.11000, 51.
27.12000, 50.
27.13000, 42.
27.14000, 49.
27.15000, 55.
27.16000, 48.
27.17000, 44.
27.18000, 43.
27.19000, 52.
27.20000, 50.
27.21000, 50.
27.22000, 51.
27.23000, 54.
27.24000, 61.
27.25000, 41.
27.26000, 50.
27.27000, 48.
27.28000, 46.
27.29000, 49.
27.30000, 51.
27.31000, 50.
27.32000, 63.
27.33000, 50.
27.34000, 50.
27.35000, 46.
27.36000, 55.
27.37000, 43.
27.38000, 42.
27.39000, 40.
27.40000, 52.
27.41000, 50.
27.42000, 58.
27.43000, 52.
27.44000, 52.
27.45000, 65.
27.46000, 57.
27.47000, 46.
27.48000, 58.
27.49000, 49.
27.50000, 59.
27.51000, 54.
27.52000, 41.
27.53000, 52.
27.54000, 53.
27.55000, 40.
27.56000, 54.
27.57000, 50.
27.58000, 41.
27.59000, 45.
27.60000, 47.
27.61000, 42.
27.62000, 47.
27.63000, 47.
27.64000, 54.
27.65000, 45.
27.66000, 41.
27.67000, 45.
27.68000, 46.
27.69000, 51.
27.70000, 44.
27.71000, 48.
27.72000, 47.
27.73000, 37.
27.74000, 29.
27.75000, 44.
27.76000, 50.
27.77000, 40.
27.78000, 53.
27.79000, 55.
27.80000, 50.
27.81000, 48.
27.82000, 47.
27.83000, 48.
27.84000, 50.
27.85000, 44.
27.86000, 45.
27.87000, 49.
27.88000, 45.
27.89000, 42.
27.90000, 32.
27.91000, 39.
27.92000, 44.
27.93000, 37.
27.94000, 35.
27.95000, 49.
27.96000, 41.
27.97000, 43.
27.98000, 52.
27.99000, 36.
28.00000, 44.
28.01000, 39.
28.02000, 60.
28.03000, 40.
28.04000, 42.
28.05000, 49.
28.06000, 38.
28.07000, 41.
28.08000, 48.
28.09000, 44.
28.10000, 48.
28.11000, 50.
28.12000, 35.
28.13000, 51.
28.14000, 45.
28.15000, 45.
28.16000, 50.
28.17000, 57.
28.18000, 41.
28.19000, 42.
28.20000, 37.
28.21000, 37.
28.22000, 47.
28.23000, 49.
28.24000, 47.
28.25000, 47.
28.26000, 43.
28.27000, 44.
28.28000, 48.
28.29000, 36.
28.30000, 36.
28.31000, 45.
28.32000, 52.
28.33000, 39.
28.34000, 37.
28.35000, 47.
28.36000, 49.
28.37000, 46.
28.38000, 44.
28.39000, 36.
28.40000, 35.
28.41000, 34.
28.42000, 51.
28.43000, 44.
28.44000, 61.
28.45000, 42.
28.46000, 28.
28.47000, 45.
28.48000, 50.
28.49000, 38.
28.50000, 37.
28.51000, 47.
28.52000, 31.
28.53000, 45.
28.54000, 47.
28.55000, 43.
28.56000, 51.
28.57000, 38.
28.58000, 43.
28.59000, 42.
28.60000, 54.
28.61000, 51.
28.62000, 36.
28.63000, 47.
28.64000, 36.
28.65000, 32.
28.66000, 30.
28.67000, 42.
28.68000, 50.
28.69000, 45.
28.70000, 45.
28.71000, 37.
28.72000, 37.
28.73000, 44.
28.74000, 37.
28.75000, 39.
28.76000, 36.
28.77000, 45.
28.78000, 43.
28.79000, 43.
28.80000, 35.
28.81000, 29.
28.82000, 32.
28.83000, 33.
28.84000, 38.
28.85000, 45.
28.86000, 41.
28.87000, 41.
28.88000, 41.
28.89000, 44.
28.90000, 29.
28.91000, 35.
28.92000, 38.
28.93000, 38.
28.94000, 38.
28.95000, 40.
28.96000, 43.
28.97000, 46.
28.98000, 46.
28.99000, 33.
29.00000, 49.
29.01000, 45.
29.02000, 49.
29.03000, 31.
29.04000, 34.
29.05000, 36.
29.06000, 39.
29.07000, 44.
29.08000, 51.
29.09000, 32.
29.10000, 47.
29.11000, 36.
29.12000, 32.
29.13000, 27.
29.14000, 30.
29.15000, 44.
29.16000, 35.
29.17000, 46.
29.18000, 51.
29.19000, 34.
29.20000, 35.
29.21000, 30.
29.22000, 40.
29.23000, 34.
29.24000, 45.
29.25000, 29.
29.26000, 45.
29.27000, 39.
29.28000, 46.
29.29000, 36.
29.30000, 32.
29.31000, 40.
29.32000, 39.
29.33000, 37.
29.34000, 26.
29.35000, 32.
29.36000, 43.
29.37000, 35.
29.38000, 25.
29.39000, 39.
29.40000, 33.
29.41000, 42.
29.42000, 39.
29.43000, 38.
29.44000, 31.
29.45000, 34.
29.46000, 37.
29.47000, 36.
29.48000, 25.
29.49000, 41.
29.50000, 35.
29.51000, 31.
29.52000, 40.
29.53000, 45.
29.54000, 36.
29.55000, 31.
29.56000, 35.
29.57000, 35.
29.58000, 29.
29.59000, 38.
29.60000, 53.
29.61000, 37.
29.62000, 42.
29.63000, 32.
29.64000, 36.
29.65000, 39.
29.66000, 34.
29.67000, 41.
29.68000, 51.
29.69000, 39.
29.70000, 41.
29.71000, 44.
29.72000, 37.
29.73000, 49.
29.74000, 34.
29.75000, 29.
29.76000, 44.
29.77000, 31.
29.78000, 29.
29.79000, 35.
29.80000, 31.
29.81000, 46.
29.82000, 35.
29.83000, 32.
29.84000, 32.
29.85000, 30.
29.86000, 33.
29.87000, 33.
29.88000, 37.
29.89000, 43.
29.90000, 33.
29.91000, 35.
29.92000, 41.
29.93000, 33.
29.94000, 33.
29.95000, 37.
29.96000, 35.
29.97000, 33.
29.98000, 40.
29.99000, 32.
30.00000, 33.
30.01000, 29.
30.02000, 24.
30.03000, 32.
30.04000, 31.
30.05000, 34.
30.06000, 37.
30.07000, 34.
30.08000, 40.
30.09000, 28.
30.10000, 38.
30.11000, 41.
30.12000, 40.
30.13000, 36.
30.14000, 31.
30.15000, 36.
30.16000, 35.
30.17000, 33.
30.18000, 24.
30.19000, 31.
30.20000, 40.
30.21000, 25.
30.22000, 36.
30.23000, 33.
30.24000, 33.
30.25000, 39.
30.26000, 24.
30.27000, 28.
30.28000, 18.
30.29000, 43.
30.30000, 33.
30.31000, 24.
30.32000, 25.
30.33000, 35.
30.34000, 31.
30.35000, 28.
30.36000, 29.
30.37000, 39.
30.38000, 32.
30.39000, 33.
30.40000, 20.
30.41000, 34.
30.42000, 37.
30.43000, 44.
30.44000, 38.
30.45000, 35.
30.46000, 40.
30.47000, 29.
30.48000, 32.
30.49000, 31.
30.50000, 20.
30.51000, 34.
30.52000, 41.
30.53000, 29.
30.54000, 25.
30.55000, 33.
30.56000, 32.
30.57000, 35.
30.58000, 28.
30.59000, 26.
30.60000, 30.
30.61000, 26.
30.62000, 41.
30.63000, 29.
30.64000, 20.
30.65000, 39.
30.66000, 34.
30.67000, 22.
30.68000, 27.
30.69000, 33.
30.70000, 30.
30.71000, 29.
30.72000, 34.
30.73000, 33.
30.74000, 26.
30.75000, 37.
30.76000, 25.
30.77000, 25.
30.78000, 26.
30.79000, 26.
30.80000, 35.
30.81000, 28.
30.82000, 34.
30.83000, 35.
30.84000, 34.
30.85000, 33.
30.86000, 32.
30.87000, 28.
30.88000, 34.
30.89000, 28.
30.90000, 32.
30.91000, 29.
30.92000, 25.
30.93000, 38.
30.94000, 37.
30.95000, 32.
30.96000, 29.
30.97000, 39.
30.98000, 31.
30.99000, 30.
31.00000, 20.
31.01000, 30.
31.02000, 26.
31.03000, 32.
31.04000, 31.
31.05000, 30.
31.06000, 35.
31.07000, 33.
31.08000, 33.
31.09000, 23.
31.10000, 26.
31.11000, 36.
31.12000, 26.
31.13000, 30.
31.14000, 27.
31.15000, 33.
31.16000, 26.
31.17000, 24.
31.18000, 36.
31.19000, 30.
31.20000, 37.
31.21000, 27.
31.22000, 33.
31.23000, 19.
31.24000, 25.
31.25000, 26.
31.26000, 19.
31.27000, 29.
31.28000, 36.
31.29000, 27.
31.30000, 30.
31.31000, 35.
31.32000, 25.
31.33000, 25.
31.34000, 37.
31.35000, 39.
31.36000, 29.
31.37000, 30.
31.38000, 42.
31.39000, 29.
31.40000, 25.
31.41000, 26.
31.42000, 25.
31.43000, 19.
31.44000, 30.
31.45000, 27.
31.46000, 38.
31.47000, 28.
31.48000, 24.
31.49000, 33.
31.50000, 25.
31.51000, 30.
31.52000, 25.
31.53000, 26.
31.54000, 33.
31.55000, 25.
31.56000, 27.
31.57000, 33.
31.58000, 27.
31.59000, 39.
31.60000, 34.
31.61000, 34.
31.62000, 42.
31.63000, 31.
31.64000, 39.
31.65000, 26.
31.66000, 33.
31.67000, 28.
31.68000, 32.
31.69000, 35.
31.70000, 26.
31.71000, 32.
31.72000, 36.
31.73000, 26.
31.74000, 24.
31.75000, 39.
31.76000, 38.
31.77000, 31.
31.78000, 25.
31.79000, 35.
31.80000, 28.
31.81000, 31.
31.82000, 27.
31.83000, 36.
31.84000, 30.
31.85000, 35.
31.86000, 43.
31.87000, 35.
31.88000, 36.
31.89000, 31.
31.90000, 39.
31.91000, 24.
31.92000, 27.
31.93000, 27.
31.94000, 24.
31.95000, 33.
31.96000, 29.
31.97000, 32.
31.98000, 33.
31.99000, 29.
32.00000, 29.
32.01000, 36.
32.02000, 34.
32.03000, 25.
32.04000, 13.
32.05000, 33.
32.06000, 28.
32.07000, 41.
32.08000, 27.
32.09000, 27.
32.10000, 27.
32.11000, 36.
32.12000, 28.
32.13000, 41.
32.14000, 34.
32.15000, 38.
32.16000, 35.
32.17000, 32.
32.18000, 42.
32.19000, 32.
32.20000, 42.
32.21000, 41.
32.22000, 33.
32.23000, 40.
32.24000, 24.
32.25000, 29.
32.26000, 29.
32.27000, 35.
32.28000, 28.
32.29000, 25.
32.30000, 23.
32.31000, 26.
32.32000, 24.
32.33000, 26.
32.34000, 24.
32.35000, 26.
32.36000, 29.
32.37000, 33.
32.38000, 24.
32.39000, 32.
32.40000, 18.
32.41000, 18.
32.42000, 32.
32.43000, 33.
32.44000, 33.
32.45000, 33.
32.46000, 24.
32.47000, 20.
32.48000, 23.
32.49000, 22.
32.50000, 25.
32.51000, 20.
32.52000, 21.
32.53000, 25.
32.54000, 25.
32.55000, 19.
32.56000, 17.
32.57000, 25.
32.58000, 21.
32.59000, 33.
32.60000, 24.
32.61000, 19.
32.62000, 26.
32.63000, 25.
32.64000, 24.
32.65000, 29.
32.66000, 18.
32.67000, 22.
32.68000, 21.
32.69000, 20.
32.70000, 25.
32.71000, 27.
32.72000, 24.
32.73000, 18.
32.74000, 29.
32.75000, 25.
32.76000, 22.
32.77000, 25.
32.78000, 21.
32.79000, 21.
32.80000, 26.
32.81000, 23.
32.82000, 23.
32.83000, 33.
32.84000, 22.
32.85000, 24.
32.86000, 35.
32.87000, 22.
32.88000, 15.
32.89000, 29.
32.90000, 26.
32.91000, 19.
32.92000, 24.
32.93000, 19.
32.94000, 17.
32.95000, 29.
32.96000, 23.
32.97000, 28.
32.98000, 16.
32.99000, 21.
33.00000, 16.
33.01000, 30.
33.02000, 21.
33.03000, 25.
33.04000, 19.
33.05000, 23.
33.06000, 30.
33.07000, 33.
33.08000, 27.
33.09000, 24.
33.10000, 24.
33.11000, 24.
33.12000, 24.
33.13000, 26.
33.14000, 16.
33.15000, 22.
33.16000, 25.
33.17000, 20.
33.18000, 19.
33.19000, 14.
33.20000, 26.
33.21000, 21.
33.22000, 23.
33.23000, 13.
33.24000, 22.
33.25000, 23.
33.26000, 23.
33.27000, 19.
33.28000, 17.
33.29000, 26.
33.30000, 25.
33.31000, 16.
33.32000, 17.
33.33000, 18.
33.34000, 15.
33.35000, 25.
33.36000, 20.
33.37000, 23.
33.38000, 22.
33.39000, 19.
33.40000, 26.
33.41000, 24.
33.42000, 19.
33.43000, 23.
33.44000, 25.
33.45000, 26.
33.46000, 31.
33.47000, 21.
33.48000, 23.
33.49000, 23.
33.50000, 16.
33.51000, 19.
33.52000, 25.
33.53000, 27.
33.54000, 22.
33.55000, 10.
33.56000, 15.
33.57000, 20.
33.58000, 22.
33.59000, 25.
33.60000, 27.
33.61000, 10.
33.62000, 24.
33.63000, 25.
33.64000, 17.
33.65000, 24.
33.66000, 25.
33.67000, 18.
33.68000, 19.
33.69000, 15.
33.70000, 16.
33.71000, 20.
33.72000, 16.
33.73000, 19.
33.74000, 24.
33.75000, 28.
33.76000, 18.
33.77000, 26.
33.78000, 13.
33.79000, 27.
33.80000, 18.
33.81000, 15.
33.82000, 22.
33.83000, 22.
33.84000, 12.
33.85000, 22.
33.86000, 25.
33.87000, 22.
33.88000, 19.
33.89000, 12.
33.90000, 22.
33.91000, 15.
33.92000, 14.
33.93000, 27.
33.94000, 19.
33.95000, 9.
33.96000, 11.
33.97000, 29.
33.98000, 24.
33.99000, 20.
34.00000, 29.
34.01000, 18.
34.02000, 15.
34.03000, 20.
34.04000, 23.
34.05000, 22.
34.06000, 19.
34.07000, 19.
34.08000, 18.
34.09000, 21.
34.10000, 20.
34.11000, 20.
34.12000, 14.
34.13000, 21.
34.14000, 25.
34.15000, 12.
34.16000, 29.
34.17000, 12.
34.18000, 20.
34.19000, 13.
34.20000, 15.
34.21000, 27.
34.22000, 22.
34.23000, 19.
34.24000, 13.
34.25000, 24.
34.26000, 21.
34.27000, 18.
34.28000, 18.
34.29000, 17.
34.30000, 29.
34.31000, 27.
34.32000, 20.
34.33000, 12.
34.34000, 17.
34.35000, 17.
34.36000, 22.
34.37000, 18.
34.38000, 25.
34.39000, 18.
34.40000, 24.
34.41000, 16.
34.42000, 19.
34.43000, 19.
34.44000, 17.
34.45000, 20.
34.46000, 18.
34.47000, 17.
34.48000, 19.
34.49000, 11.
34.50000, 18.
34.51000, 19.
34.52000, 15.
34.53000, 17.
34.54000, 19.
34.55000, 19.
34.56000, 21.
34.57000, 16.
34.58000, 18.
34.59000, 24.
34.60000, 11.
34.61000, 14.
34.62000, 14.
34.63000, 21.
34.64000, 16.
34.65000, 17.
34.66000, 19.
34.67000, 20.
34.68000, 18.
34.69000, 16.
34.70000, 17.
34.71000, 20.
34.72000, 15.
34.73000, 17.
34.74000, 17.
34.75000, 19.
34.76000, 21.
34.77000, 13.
34.78000, 22.
34.79000, 16.
34.80000, 18.
34.81000, 27.
34.82000, 17.
34.83000, 16.
34.84000, 16.
34.85000, 16.
34.86000, 18.
34.87000, 20.
34.88000, 14.
34.89000, 16.
34.90000, 24.
34.91000, 13.
34.92000, 16.
34.93000, 14.
34.94000, 12.
34.95000, 9.
34.96000, 22.
34.97000, 20.
34.98000, 14.
34.99000, 17.
35.00000, 10.
35.01000, 18.
35.02000, 10.
35.03000, 21.
35.04000, 13.
35.05000, 22.
35.06000, 14.
35.07000, 13.
35.08000, 20.
35.09000, 12.
35.10000, 12.
35.11000, 14.
35.12000, 11.
35.13000, 19.
35.14000, 10.
35.15000, 13.
35.16000, 16.
35.17000, 20.
35.18000, 14.
35.19000, 17.
35.20000, 14.
35.21000, 10.
35.22000, 23.
35.23000, 12.
35.24000, 11.
35.25000, 21.
35.26000, 15.
35.27000, 14.
35.28000, 15.
35.29000, 16.
35.30000, 11.
35.31000, 11.
35.32000, 18.
35.33000, 15.
35.34000, 23.
35.35000, 15.
35.36000, 9.
35.37000, 14.
35.38000, 18.
35.39000, 15.
35.40000, 8.
35.41000, 15.
35.42000, 16.
35.43000, 12.
35.44000, 14.
35.45000, 15.
35.46000, 16.
35.47000, 13.
35.48000, 14.
35.49000, 12.
35.50000, 19.
35.51000, 14.
35.52000, 8.
35.53000, 11.
35.54000, 16.
35.55000, 17.
35.56000, 13.
35.57000, 15.
35.58000, 20.
35.59000, 12.
35.60000, 16.
35.61000, 8.
35.62000, 12.
35.63000, 12.
35.64000, 12.
35.65000, 17.
35.66000, 16.
35.67000, 12.
35.68000, 19.
35.69000, 15.
35.70000, 18.
35.71000, 13.
35.72000, 16.
35.73000, 18.
35.74000, 19.
35.75000, 17.
35.76000, 17.
35.77000, 5.
35.78000, 13.
35.79000, 20.
35.80000, 12.
35.81000, 13.
35.82000, 19.
35.83000, 14.
35.84000, 10.
35.85000, 14.
35.86000, 12.
35.87000, 9.
35.88000, 16.
35.89000, 8.
35.90000, 9.
35.91000, 18.
35.92000, 15.
35.93000, 14.
35.94000, 13.
35.95000, 10.
35.96000, 21.
35.97000, 10.
35.98000, 18.
35.99000, 18.
36.00000, 13.
36.01000, 17.
36.02000, 13.
36.03000, 19.
36.04000, 16.
36.05000, 15.
36.06000, 10.
36.07000, 14.
36.08000, 11.
36.09000, 18.
36.10000, 14.
36.11000, 21.
36.12000, 19.
36.13000, 10.
36.14000, 12.
36.15000, 13.
36.16000, 14.
36.17000, 9.
36.18000, 14.
36.19000, 20.
36.20000, 20.
36.21000, 8.
36.22000, 10.
36.23000, 12.
36.24000, 12.
36.25000, 15.
36.26000, 16.
36.27000, 18.
36.28000, 16.
36.29000, 20.
36.30000, 12.
36.31000, 16.
36.32000, 14.
36.33000, 16.
36.34000, 16.
36.35000, 16.
36.36000, 10.
36.37000, 10.
36.38000, 21.
36.39000, 16.
36.40000, 18.
36.41000, 19.
36.42000, 15.
36.43000, 19.
36.44000, 13.
36.45000, 9.
36.46000, 12.
36.47000, 12.
36.48000, 20.
36.49000, 8.
36.50000, 15.
36.51000, 12.
36.52000, 13.
36.53000, 14.
36.54000, 16.
36.55000, 14.
36.56000, 12.
36.57000, 15.
36.58000, 9.
36.59000, 13.
36.60000, 7.
36.61000, 21.
36.62000, 7.
36.63000, 8.
36.64000, 15.
36.65000, 13.
36.66000, 14.
36.67000, 17.
36.68000, 3.
36.69000, 21.
36.70000, 11.
36.71000, 16.
36.72000, 14.
36.73000, 10.
36.74000, 12.
36.75000, 16.
36.76000, 10.
36.77000, 8.
36.78000, 7.
36.79000, 11.
36.80000, 16.
36.81000, 18.
36.82000, 11.
36.83000, 17.
36.84000, 12.
36.85000, 13.
36.86000, 8.
36.87000, 11.
36.88000, 9.
36.89000, 6.
36.90000, 11.
36.91000, 11.
36.92000, 10.
36.93000, 7.
36.94000, 17.
36.95000, 15.
36.96000, 13.
36.97000, 10.
36.98000, 12.
36.99000, 9.
37.00000, 7.
37.01000, 10.
37.02000, 15.
37.03000, 11.
37.04000, 6.
37.05000, 8.
37.06000, 10.
37.07000, 9.
37.08000, 15.
37.09000, 8.
37.10000, 11.
37.11000, 11.
37.12000, 13.
37.13000, 10.
37.14000, 11.
37.15000, 19.
37.16000, 10.
37.17000, 21.
37.18000, 7.
37.19000, 17.
37.20000, 15.
37.21000, 9.
37.22000, 10.
37.23000, 15.
37.24000, 7.
37.25000, 10.
37.26000, 14.
37.27000, 8.
37.28000, 10.
37.29000, 11.
37.30000, 11.
37.31000, 13.
37.32000, 19.
37.33000, 7.
37.34000, 6.
37.35000, 6.
37.36000, 12.
37.37000, 10.
37.38000, 13.
37.39000, 12.
37.40000, 6.
37.41000, 12.
37.42000, 12.
37.43000, 9.
37.44000, 13.
37.45000, 8.
37.46000, 6.
37.47000, 7.
37.48000, 7.
37.49000, 14.
37.50000, 5.
37.51000, 11.
37.52000, 9.
37.53000, 13.
37.54000, 5.
37.55000, 8.
37.56000, 9.
37.57000, 6.
37.58000, 9.
37.59000, 9.
37.60000, 3.
37.61000, 12.
37.62000, 12.
37.63000, 10.
37.64000, 6.
37.65000, 8.
37.66000, 9.
37.67000, 11.
37.68000, 13.
37.69000, 11.
37.70000, 11.
37.71000, 9.
37.72000, 10.
37.73000, 10.
37.74000, 19.
37.75000, 10.
37.76000, 8.
37.77000, 13.
37.78000, 11.
37.79000, 9.
37.80000, 17.
37.81000, 7.
37.82000, 16.
37.83000, 9.
37.84000, 16.
37.85000, 12.
37.86000, 6.
37.87000, 17.
37.88000, 6.
37.89000, 11.
37.90000, 13.
37.91000, 9.
37.92000, 8.
37.93000, 10.
37.94000, 6.
37.95000, 9.
37.96000, 10.
37.97000, 7.
37.98000, 7.
37.99000, 10.
38.00000, 6.
38.01000, 11.
38.02000, 8.
38.03000, 12.
38.04000, 8.
38.05000, 7.
38.06000, 10.
38.07000, 12.
38.08000, 11.
38.09000, 10.
38.10000, 10.
38.11000, 8.
38.12000, 10.
38.13000, 7.
38.14000, 18.
38.15000, 8.
38.16000, 10.
38.17000, 7.
38.18000, 5.
38.19000, 7.
38.20000, 8.
38.21000, 12.
38.22000, 5.
38.23000, 10.
38.24000, 12.
38.25000, 10.
38.26000, 5.
38.27000, 16.
38.28000, 5.
38.29000, 5.
38.30000, 10.
38.31000, 8.
38.32000, 10.
38.33000, 8.
38.34000, 7.
38.35000, 6.
38.36000, 7.
38.37000, 7.
38.38000, 4.
38.39000, 8.
38.40000, 10.
38.41000, 3.
38.42000, 12.
38.43000, 4.
38.44000, 11.
38.45000, 5.
38.46000, 13.
38.47000, 8.
38.48000, 8.
38.49000, 14.
38.50000, 8.
38.51000, 10.
38.52000, 9.
38.53000, 10.
38.54000, 11.
38.55000, 5.
38.56000, 8.
38.57000, 7.
38.58000, 6.
38.59000, 5.
38.60000, 13.
38.61000, 12.
38.62000, 4.
38.63000, 8.
38.64000, 8.
38.65000, 6.
38.66000, 7.
38.67000, 6.
38.68000, 9.
38.69000, 9.
38.70000, 10.
38.71000, 8.
38.72000, 4.
38.73000, 12.
38.74000, 8.
38.75000, 7.
38.76000, 11.
38.77000, 7.
38.78000, 2.
38.79000, 2.
38.80000, 4.
38.81000, 8.
38.82000, 7.
38.83000, 4.
38.84000, 8.
38.85000, 7.
38.86000, 9.
38.87000, 4.
38.88000, 7.
38.89000, 4.
38.90000, 8.
38.91000, 8.
38.92000, 3.
38.93000, 12.
38.94000, 10.
38.95000, 10.
38.96000, 8.
38.97000, 6.
38.98000, 10.
38.99000, 11.
39.00000, 8.
39.01000, 8.
39.02000, 12.
39.03000, 3.
39.04000, 4.
39.05000, 6.
39.06000, 4.
39.07000, 7.
39.08000, 5.
39.09000, 5.
39.10000, 5.
39.11000, 5.
39.12000, 5.
39.13000, 11.
39.14000, 7.
39.15000, 8.
39.16000, 8.
39.17000, 7.
39.18000, 6.
39.19000, 4.
39.20000, 3.
39.21000, 8.
39.22000, 3.
39.23000, 10.
39.24000, 9.
39.25000, 8.
39.26000, 5.
39.27000, 5.
39.28000, 7.
39.29000, 11.
39.30000, 7.
39.31000, 6.
39.32000, 5.
39.33000, 12.
39.34000, 4.
39.35000, 2.
39.36000, 5.
39.37000, 9.
39.38000, 11.
39.39000, 4.
39.40000, 3.
39.41000, 9.
39.42000, 5.
39.43000, 4.
39.44000, 1.
39.45000, 5.
39.46000, 5.
39.47000, 7.
39.48000, 3.
39.49000, 9.
39.50000, 12.
39.51000, 10.
39.52000, 5.
39.53000, 7.
39.54000, 4.
39.55000, 10.
39.56000, 6.
39.57000, 4.
39.58000, 5.
39.59000, 9.
39.60000, 5.
39.61000, 2.
39.62000, 4.
39.63000, 5.
39.64000, 10.
39.65000, 6.
39.66000, 7.
39.67000, 8.
39.68000, 8.
39.69000, 5.
39.70000, 8.
39.71000, 4.
39.72000, 10.
39.73000, 2.
39.74000, 8.
39.75000, 4.
39.76000, 4.
39.77000, 6.
39.78000, 10.
39.79000, 6.
39.80000, 4.
39.81000, 5.
39.82000, 10.
39.83000, 4.
39.84000, 11.
39.85000, 7.
39.86000, 4.
39.87000, 1.
39.88000, 6.
39.89000, 4.
39.90000, 5.
39.91000, 3.
39.92000, 5.
39.93000, 6.
39.94000, 4.
39.95000, 10.
39.96000, 5.
39.97000, 5.
39.98000, 7.
39.99000, 4.
40.00000, 1.
40.01000, 3.
40.02000, 1.
40.03000, 5.
40.04000, 6.
40.05000, 6.
40.06000, 4.
40.07000, 5.
40.08000, 4.
40.09000, 1.
40.10000, 2.
40.11000, 6.
40.12000, 5.
40.13000, 5.
40.14000, 3.
40.15000, 6.
40.16000, 7.
40.17000, 9.
40.18000, 6.
40.19000, 10.
40.20000, 4.
40.21000, 4.
40.22000, 7.
40.23000, 4.
40.24000, 3.
40.25000, 6.
40.26000, 1.
40.27000, 4.
40.28000, 6.
40.29000, 5.
40.30000, 4.
40.31000, 2.
40.32000, 3.
40.33000, 7.
40.34000, 5.
40.35000, 3.
40.36000, 7.
40.37000, 4.
40.38000, 4.
40.39000, 3.
40.40000, 5.
40.41000, 5.
40.42000, 5.
40.43000, 4.
40.44000, 2.
40.45000, 4.
40.46000, 1.
40.47000, 4.
40.48000, 2.
40.49000, 6.
40.50000, 1.
40.51000, 3.
40.52000, 5.
40.53000, 5.
40.54000, 4.
40.55000, 0.
#ENDOFDATA   : 
