#FORMAT      : EMSA/MAS Spectral Data File
#VERSION     : 1.0
#TITLE       : Spectrum 5
#DATE        : 21-AUG-2025
#TIME        : 15:09
#OWNER       : XGT7200
#NPOINTS     : 4096.
#NCOLUMNS    : 1.
#XUNITS      : keV
#YUNITS      : counts
#DATATYPE    : XY
#XPERCHAN    : 0.0100000
#OFFSET      : -0.400000
#SIGNALTYPE  : EDS
#CHOFFSET    : 40.0000
#LIVETIME    : 30.000000
#REALTIME    : 39.646388
#BEAMKV      : 50.0000
#PROBECUR    : 714000.
#MAGCAM      : 100.000
#XTILTSTGE   : 0.0
#AZIMANGLE   : 0.0
#ELEVANGLE   : 45.0
#XPOSITION mm: 0.0000
#YPOSITION mm: 0.0000
#ZPOSITION mm: 0.0000
##OXINSTPT   : 4
##OXINSTSTROB: 71.90
#SPECTRUM    : Spectral Data Starts Here
-0.40000, 0.
-0.39000, 0.
-0.38000, 0.
-0.37000, 0.
-0.36000, 0.
-0.35000, 0.
-0.34000, 0.
-0.33000, 0.
-0.32000, 0.
-0.31000, 0.
-0.30000, 0.
-0.29000, 0.
-0.28000, 0.
-0.27000, 0.
-0.26000, 0.
-0.25000, 0.
-0.24000, 0.
-0.23000, 0.
-0.22000, 0.
-0.21000, 0.
-0.20000, 0.
-0.19000, 0.
-0.18000, 0.
-0.17000, 0.
-0.16000, 0.
-0.15000, 0.
-0.14000, 0.
-0.13000, 0.
-0.12000, 0.
-0.11000, 0.
-0.10000, 0.
-0.09000, 0.
-0.08000, 0.
-0.07000, 0.
-0.06000, 0.
-0.05000, 0.
-0.04000, 0.
-0.03000, 0.
-0.02000, 0.
-0.01000, 0.
0.00000, 0.
0.01000, 0.
0.02000, 0.
0.03000, 0.
0.04000, 0.
0.05000, 0.
0.06000, 0.
0.07000, 0.
0.08000, 0.
0.09000, 0.
0.10000, 0.
0.11000, 0.
0.12000, 0.
0.13000, 0.
0.14000, 0.
0.15000, 0.
0.16000, 0.
0.17000, 0.
0.18000, 0.
0.19000, 0.
0.20000, 0.
0.21000, 0.
0.22000, 0.
0.23000, 0.
0.24000, 0.
0.25000, 0.
0.26000, 0.
0.27000, 0.
0.28000, 0.
0.29000, 0.
0.30000, 0.
0.31000, 0.
0.32000, 1.
0.33000, 0.
0.34000, 1.
0.35000, 2.
0.36000, 5.
0.37000, 10.
0.38000, 7.
0.39000, 18.
0.40000, 20.
0.41000, 35.
0.42000, 26.
0.43000, 31.
0.44000, 38.
0.45000, 33.
0.46000, 46.
0.47000, 48.
0.48000, 51.
0.49000, 40.
0.50000, 36.
0.51000, 43.
0.52000, 38.
0.53000, 53.
0.54000, 42.
0.55000, 39.
0.56000, 42.
0.57000, 48.
0.58000, 35.
0.59000, 47.
0.60000, 37.
0.61000, 40.
0.62000, 45.
0.63000, 35.
0.64000, 42.
0.65000, 47.
0.66000, 38.
0.67000, 33.
0.68000, 28.
0.69000, 41.
0.70000, 42.
0.71000, 29.
0.72000, 35.
0.73000, 44.
0.74000, 35.
0.75000, 39.
0.76000, 43.
0.77000, 55.
0.78000, 39.
0.79000, 32.
0.80000, 41.
0.81000, 41.
0.82000, 43.
0.83000, 44.
0.84000, 36.
0.85000, 22.
0.86000, 38.
0.87000, 31.
0.88000, 41.
0.89000, 42.
0.90000, 40.
0.91000, 47.
0.92000, 35.
0.93000, 28.
0.94000, 48.
0.95000, 45.
0.96000, 37.
0.97000, 43.
0.98000, 53.
0.99000, 43.
1.00000, 47.
1.01000, 46.
1.02000, 53.
1.03000, 52.
1.04000, 51.
1.05000, 58.
1.06000, 54.
1.07000, 43.
1.08000, 53.
1.09000, 50.
1.10000, 42.
1.11000, 47.
1.12000, 45.
1.13000, 47.
1.14000, 38.
1.15000, 43.
1.16000, 31.
1.17000, 45.
1.18000, 41.
1.19000, 41.
1.20000, 69.
1.21000, 58.
1.22000, 69.
1.23000, 77.
1.24000, 83.
1.25000, 82.
1.26000, 80.
1.27000, 88.
1.28000, 62.
1.29000, 70.
1.30000, 68.
1.31000, 53.
1.32000, 46.
1.33000, 45.
1.34000, 44.
1.35000, 38.
1.36000, 37.
1.37000, 61.
1.38000, 51.
1.39000, 84.
1.40000, 112.
1.41000, 128.
1.42000, 184.
1.43000, 280.
1.44000, 355.
1.45000, 487.
1.46000, 587.
1.47000, 674.
1.48000, 821.
1.49000, 795.
1.50000, 783.
1.51000, 772.
1.52000, 644.
1.53000, 581.
1.54000, 469.
1.55000, 331.
1.56000, 284.
1.57000, 190.
1.58000, 163.
1.59000, 132.
1.60000, 110.
1.61000, 101.
1.62000, 144.
1.63000, 201.
1.64000, 380.
1.65000, 549.
1.66000, 868.
1.67000, 1266.
1.68000, 1810.
1.69000, 2672.
1.70000, 3432.
1.71000, 4342.
1.72000, 5221.
1.73000, 5858.
1.74000, 6276.
1.75000, 6411.
1.76000, 6092.
1.77000, 5432.
1.78000, 4691.
1.79000, 3737.
1.80000, 2888.
1.81000, 2125.
1.82000, 1607.
1.83000, 1157.
1.84000, 771.
1.85000, 546.
1.86000, 422.
1.87000, 289.
1.88000, 226.
1.89000, 160.
1.90000, 112.
1.91000, 102.
1.92000, 94.
1.93000, 79.
1.94000, 67.
1.95000, 75.
1.96000, 73.
1.97000, 88.
1.98000, 68.
1.99000, 82.
2.00000, 99.
2.01000, 99.
2.02000, 86.
2.03000, 84.
2.04000, 82.
2.05000, 82.
2.06000, 79.
2.07000, 59.
2.08000, 57.
2.09000, 47.
2.10000, 41.
2.11000, 30.
2.12000, 36.
2.13000, 21.
2.14000, 36.
2.15000, 19.
2.16000, 39.
2.17000, 28.
2.18000, 41.
2.19000, 21.
2.20000, 35.
2.21000, 30.
2.22000, 25.
2.23000, 47.
2.24000, 29.
2.25000, 48.
2.26000, 34.
2.27000, 45.
2.28000, 47.
2.29000, 51.
2.30000, 56.
2.31000, 60.
2.32000, 48.
2.33000, 37.
2.34000, 53.
2.35000, 47.
2.36000, 47.
2.37000, 43.
2.38000, 37.
2.39000, 39.
2.40000, 27.
2.41000, 27.
2.42000, 39.
2.43000, 24.
2.44000, 34.
2.45000, 29.
2.46000, 32.
2.47000, 32.
2.48000, 31.
2.49000, 30.
2.50000, 36.
2.51000, 34.
2.52000, 55.
2.53000, 35.
2.54000, 40.
2.55000, 39.
2.56000, 51.
2.57000, 49.
2.58000, 63.
2.59000, 90.
2.60000, 102.
2.61000, 137.
2.62000, 156.
2.63000, 197.
2.64000, 229.
2.65000, 292.
2.66000, 354.
2.67000, 367.
2.68000, 426.
2.69000, 400.
2.70000, 442.
2.71000, 449.
2.72000, 390.
2.73000, 383.
2.74000, 335.
2.75000, 316.
2.76000, 296.
2.77000, 246.
2.78000, 254.
2.79000, 228.
2.80000, 203.
2.81000, 211.
2.82000, 219.
2.83000, 247.
2.84000, 235.
2.85000, 249.
2.86000, 220.
2.87000, 197.
2.88000, 171.
2.89000, 196.
2.90000, 150.
2.91000, 157.
2.92000, 139.
2.93000, 126.
2.94000, 110.
2.95000, 99.
2.96000, 82.
2.97000, 75.
2.98000, 68.
2.99000, 74.
3.00000, 60.
3.01000, 54.
3.02000, 58.
3.03000, 35.
3.04000, 40.
3.05000, 36.
3.06000, 52.
3.07000, 29.
3.08000, 43.
3.09000, 31.
3.10000, 43.
3.11000, 29.
3.12000, 36.
3.13000, 27.
3.14000, 27.
3.15000, 34.
3.16000, 41.
3.17000, 46.
3.18000, 65.
3.19000, 53.
3.20000, 89.
3.21000, 99.
3.22000, 134.
3.23000, 185.
3.24000, 232.
3.25000, 306.
3.26000, 412.
3.27000, 525.
3.28000, 564.
3.29000, 674.
3.30000, 713.
3.31000, 716.
3.32000, 767.
3.33000, 753.
3.34000, 691.
3.35000, 608.
3.36000, 514.
3.37000, 480.
3.38000, 353.
3.39000, 291.
3.40000, 180.
3.41000, 151.
3.42000, 112.
3.43000, 89.
3.44000, 72.
3.45000, 53.
3.46000, 54.
3.47000, 59.
3.48000, 53.
3.49000, 51.
3.50000, 52.
3.51000, 66.
3.52000, 66.
3.53000, 86.
3.54000, 116.
3.55000, 128.
3.56000, 153.
3.57000, 201.
3.58000, 194.
3.59000, 281.
3.60000, 313.
3.61000, 420.
3.62000, 540.
3.63000, 624.
3.64000, 721.
3.65000, 889.
3.66000, 1048.
3.67000, 1142.
3.68000, 1233.
3.69000, 1220.
3.70000, 1256.
3.71000, 1213.
3.72000, 1117.
3.73000, 986.
3.74000, 812.
3.75000, 633.
3.76000, 517.
3.77000, 391.
3.78000, 295.
3.79000, 248.
3.80000, 160.
3.81000, 137.
3.82000, 92.
3.83000, 62.
3.84000, 43.
3.85000, 39.
3.86000, 37.
3.87000, 38.
3.88000, 29.
3.89000, 56.
3.90000, 35.
3.91000, 46.
3.92000, 70.
3.93000, 78.
3.94000, 102.
3.95000, 112.
3.96000, 138.
3.97000, 145.
3.98000, 153.
3.99000, 164.
4.00000, 177.
4.01000, 216.
4.02000, 189.
4.03000, 191.
4.04000, 167.
4.05000, 163.
4.06000, 128.
4.07000, 125.
4.08000, 92.
4.09000, 96.
4.10000, 75.
4.11000, 57.
4.12000, 52.
4.13000, 45.
4.14000, 31.
4.15000, 27.
4.16000, 23.
4.17000, 32.
4.18000, 31.
4.19000, 26.
4.20000, 25.
4.21000, 28.
4.22000, 30.
4.23000, 34.
4.24000, 31.
4.25000, 35.
4.26000, 33.
4.27000, 17.
4.28000, 24.
4.29000, 34.
4.30000, 28.
4.31000, 19.
4.32000, 51.
4.33000, 25.
4.34000, 47.
4.35000, 50.
4.36000, 51.
4.37000, 53.
4.38000, 66.
4.39000, 84.
4.40000, 114.
4.41000, 153.
4.42000, 168.
4.43000, 224.
4.44000, 306.
4.45000, 387.
4.46000, 437.
4.47000, 465.
4.48000, 528.
4.49000, 593.
4.50000, 606.
4.51000, 577.
4.52000, 590.
4.53000, 588.
4.54000, 552.
4.55000, 523.
4.56000, 423.
4.57000, 393.
4.58000, 299.
4.59000, 264.
4.60000, 236.
4.61000, 184.
4.62000, 164.
4.63000, 141.
4.64000, 129.
4.65000, 116.
4.66000, 117.
4.67000, 128.
4.68000, 90.
4.69000, 105.
4.70000, 83.
4.71000, 90.
4.72000, 89.
4.73000, 70.
4.74000, 80.
4.75000, 44.
4.76000, 68.
4.77000, 60.
4.78000, 68.
4.79000, 74.
4.80000, 76.
4.81000, 75.
4.82000, 96.
4.83000, 90.
4.84000, 97.
4.85000, 112.
4.86000, 111.
4.87000, 120.
4.88000, 133.
4.89000, 133.
4.90000, 141.
4.91000, 145.
4.92000, 155.
4.93000, 139.
4.94000, 168.
4.95000, 160.
4.96000, 163.
4.97000, 122.
4.98000, 137.
4.99000, 93.
5.00000, 99.
5.01000, 100.
5.02000, 77.
5.03000, 62.
5.04000, 80.
5.05000, 67.
5.06000, 59.
5.07000, 46.
5.08000, 47.
5.09000, 57.
5.10000, 44.
5.11000, 47.
5.12000, 52.
5.13000, 48.
5.14000, 60.
5.15000, 53.
5.16000, 58.
5.17000, 63.
5.18000, 57.
5.19000, 63.
5.20000, 45.
5.21000, 62.
5.22000, 64.
5.23000, 68.
5.24000, 69.
5.25000, 57.
5.26000, 66.
5.27000, 57.
5.28000, 65.
5.29000, 71.
5.30000, 81.
5.31000, 60.
5.32000, 63.
5.33000, 69.
5.34000, 49.
5.35000, 59.
5.36000, 79.
5.37000, 73.
5.38000, 81.
5.39000, 74.
5.40000, 84.
5.41000, 77.
5.42000, 67.
5.43000, 88.
5.44000, 70.
5.45000, 80.
5.46000, 69.
5.47000, 62.
5.48000, 78.
5.49000, 56.
5.50000, 65.
5.51000, 66.
5.52000, 66.
5.53000, 61.
5.54000, 77.
5.55000, 55.
5.56000, 66.
5.57000, 72.
5.58000, 61.
5.59000, 44.
5.60000, 66.
5.61000, 63.
5.62000, 54.
5.63000, 67.
5.64000, 56.
5.65000, 59.
5.66000, 47.
5.67000, 43.
5.68000, 47.
5.69000, 41.
5.70000, 68.
5.71000, 65.
5.72000, 51.
5.73000, 64.
5.74000, 80.
5.75000, 62.
5.76000, 80.
5.77000, 95.
5.78000, 106.
5.79000, 147.
5.80000, 175.
5.81000, 179.
5.82000, 233.
5.83000, 281.
5.84000, 312.
5.85000, 336.
5.86000, 341.
5.87000, 411.
5.88000, 419.
5.89000, 440.
5.90000, 437.
5.91000, 424.
5.92000, 418.
5.93000, 413.
5.94000, 364.
5.95000, 344.
5.96000, 294.
5.97000, 236.
5.98000, 203.
5.99000, 188.
6.00000, 179.
6.01000, 140.
6.02000, 120.
6.03000, 112.
6.04000, 88.
6.05000, 89.
6.06000, 88.
6.07000, 87.
6.08000, 88.
6.09000, 81.
6.10000, 82.
6.11000, 85.
6.12000, 93.
6.13000, 83.
6.14000, 93.
6.15000, 115.
6.16000, 118.
6.17000, 129.
6.18000, 146.
6.19000, 176.
6.20000, 247.
6.21000, 295.
6.22000, 386.
6.23000, 503.
6.24000, 678.
6.25000, 958.
6.26000, 1346.
6.27000, 1916.
6.28000, 2558.
6.29000, 3424.
6.30000, 4419.
6.31000, 5638.
6.32000, 7085.
6.33000, 8467.
6.34000, 10017.
6.35000, 11560.
6.36000, 13352.
6.37000, 14134.
6.38000, 15473.
6.39000, 15940.
6.40000, 16089.
6.41000, 15802.
6.42000, 15316.
6.43000, 14299.
6.44000, 12995.
6.45000, 11338.
6.46000, 9866.
6.47000, 8220.
6.48000, 6871.
6.49000, 5538.
6.50000, 4274.
6.51000, 3272.
6.52000, 2433.
6.53000, 1769.
6.54000, 1267.
6.55000, 889.
6.56000, 668.
6.57000, 480.
6.58000, 349.
6.59000, 267.
6.60000, 175.
6.61000, 160.
6.62000, 129.
6.63000, 137.
6.64000, 103.
6.65000, 98.
6.66000, 108.
6.67000, 107.
6.68000, 85.
6.69000, 99.
6.70000, 105.
6.71000, 94.
6.72000, 109.
6.73000, 92.
6.74000, 116.
6.75000, 111.
6.76000, 103.
6.77000, 105.
6.78000, 98.
6.79000, 144.
6.80000, 114.
6.81000, 138.
6.82000, 111.
6.83000, 140.
6.84000, 149.
6.85000, 168.
6.86000, 174.
6.87000, 209.
6.88000, 227.
6.89000, 241.
6.90000, 288.
6.91000, 363.
6.92000, 391.
6.93000, 537.
6.94000, 649.
6.95000, 785.
6.96000, 1031.
6.97000, 1204.
6.98000, 1447.
6.99000, 1698.
7.00000, 1968.
7.01000, 2183.
7.02000, 2305.
7.03000, 2531.
7.04000, 2613.
7.05000, 2557.
7.06000, 2580.
7.07000, 2469.
7.08000, 2364.
7.09000, 2161.
7.10000, 1989.
7.11000, 1769.
7.12000, 1557.
7.13000, 1327.
7.14000, 1137.
7.15000, 815.
7.16000, 686.
7.17000, 566.
7.18000, 448.
7.19000, 341.
7.20000, 256.
7.21000, 218.
7.22000, 163.
7.23000, 113.
7.24000, 123.
7.25000, 93.
7.26000, 86.
7.27000, 82.
7.28000, 84.
7.29000, 60.
7.30000, 62.
7.31000, 75.
7.32000, 76.
7.33000, 75.
7.34000, 78.
7.35000, 73.
7.36000, 78.
7.37000, 76.
7.38000, 101.
7.39000, 84.
7.40000, 75.
7.41000, 72.
7.42000, 105.
7.43000, 95.
7.44000, 58.
7.45000, 87.
7.46000, 85.
7.47000, 74.
7.48000, 85.
7.49000, 77.
7.50000, 96.
7.51000, 84.
7.52000, 73.
7.53000, 78.
7.54000, 86.
7.55000, 79.
7.56000, 69.
7.57000, 73.
7.58000, 71.
7.59000, 76.
7.60000, 74.
7.61000, 73.
7.62000, 73.
7.63000, 82.
7.64000, 85.
7.65000, 90.
7.66000, 77.
7.67000, 71.
7.68000, 65.
7.69000, 83.
7.70000, 74.
7.71000, 87.
7.72000, 80.
7.73000, 74.
7.74000, 93.
7.75000, 74.
7.76000, 73.
7.77000, 94.
7.78000, 84.
7.79000, 86.
7.80000, 102.
7.81000, 101.
7.82000, 90.
7.83000, 98.
7.84000, 116.
7.85000, 77.
7.86000, 99.
7.87000, 123.
7.88000, 95.
7.89000, 105.
7.90000, 90.
7.91000, 95.
7.92000, 111.
7.93000, 117.
7.94000, 132.
7.95000, 123.
7.96000, 130.
7.97000, 123.
7.98000, 125.
7.99000, 109.
8.00000, 138.
8.01000, 139.
8.02000, 148.
8.03000, 164.
8.04000, 177.
8.05000, 159.
8.06000, 153.
8.07000, 132.
8.08000, 151.
8.09000, 154.
8.10000, 153.
8.11000, 157.
8.12000, 141.
8.13000, 153.
8.14000, 129.
8.15000, 139.
8.16000, 134.
8.17000, 142.
8.18000, 127.
8.19000, 150.
8.20000, 119.
8.21000, 129.
8.22000, 117.
8.23000, 118.
8.24000, 108.
8.25000, 103.
8.26000, 95.
8.27000, 111.
8.28000, 113.
8.29000, 103.
8.30000, 114.
8.31000, 99.
8.32000, 123.
8.33000, 92.
8.34000, 111.
8.35000, 97.
8.36000, 92.
8.37000, 104.
8.38000, 86.
8.39000, 105.
8.40000, 111.
8.41000, 102.
8.42000, 111.
8.43000, 102.
8.44000, 110.
8.45000, 110.
8.46000, 107.
8.47000, 117.
8.48000, 111.
8.49000, 126.
8.50000, 109.
8.51000, 128.
8.52000, 101.
8.53000, 126.
8.54000, 117.
8.55000, 115.
8.56000, 137.
8.57000, 128.
8.58000, 170.
8.59000, 142.
8.60000, 147.
8.61000, 150.
8.62000, 148.
8.63000, 182.
8.64000, 132.
8.65000, 170.
8.66000, 143.
8.67000, 142.
8.68000, 156.
8.69000, 155.
8.70000, 148.
8.71000, 138.
8.72000, 124.
8.73000, 108.
8.74000, 124.
8.75000, 117.
8.76000, 143.
8.77000, 114.
8.78000, 117.
8.79000, 99.
8.80000, 111.
8.81000, 112.
8.82000, 112.
8.83000, 110.
8.84000, 107.
8.85000, 110.
8.86000, 99.
8.87000, 109.
8.88000, 125.
8.89000, 89.
8.90000, 108.
8.91000, 121.
8.92000, 119.
8.93000, 130.
8.94000, 111.
8.95000, 92.
8.96000, 109.
8.97000, 117.
8.98000, 107.
8.99000, 103.
9.00000, 119.
9.01000, 133.
9.02000, 112.
9.03000, 101.
9.04000, 113.
9.05000, 118.
9.06000, 104.
9.07000, 115.
9.08000, 122.
9.09000, 100.
9.10000, 105.
9.11000, 121.
9.12000, 129.
9.13000, 131.
9.14000, 132.
9.15000, 122.
9.16000, 139.
9.17000, 149.
9.18000, 120.
9.19000, 125.
9.20000, 118.
9.21000, 128.
9.22000, 131.
9.23000, 114.
9.24000, 150.
9.25000, 125.
9.26000, 141.
9.27000, 124.
9.28000, 123.
9.29000, 112.
9.30000, 118.
9.31000, 129.
9.32000, 124.
9.33000, 130.
9.34000, 145.
9.35000, 114.
9.36000, 109.
9.37000, 114.
9.38000, 124.
9.39000, 135.
9.40000, 128.
9.41000, 134.
9.42000, 105.
9.43000, 123.
9.44000, 133.
9.45000, 127.
9.46000, 101.
9.47000, 111.
9.48000, 122.
9.49000, 119.
9.50000, 122.
9.51000, 118.
9.52000, 120.
9.53000, 141.
9.54000, 112.
9.55000, 141.
9.56000, 132.
9.57000, 127.
9.58000, 137.
9.59000, 143.
9.60000, 127.
9.61000, 126.
9.62000, 146.
9.63000, 115.
9.64000, 122.
9.65000, 139.
9.66000, 139.
9.67000, 134.
9.68000, 130.
9.69000, 113.
9.70000, 131.
9.71000, 144.
9.72000, 142.
9.73000, 112.
9.74000, 126.
9.75000, 122.
9.76000, 115.
9.77000, 125.
9.78000, 116.
9.79000, 108.
9.80000, 136.
9.81000, 99.
9.82000, 130.
9.83000, 132.
9.84000, 144.
9.85000, 120.
9.86000, 110.
9.87000, 122.
9.88000, 114.
9.89000, 111.
9.90000, 116.
9.91000, 123.
9.92000, 108.
9.93000, 128.
9.94000, 114.
9.95000, 131.
9.96000, 106.
9.97000, 131.
9.98000, 122.
9.99000, 111.
10.00000, 122.
10.01000, 110.
10.02000, 98.
10.03000, 124.
10.04000, 140.
10.05000, 121.
10.06000, 123.
10.07000, 127.
10.08000, 125.
10.09000, 140.
10.10000, 133.
10.11000, 122.
10.12000, 117.
10.13000, 119.
10.14000, 112.
10.15000, 149.
10.16000, 162.
10.17000, 116.
10.18000, 135.
10.19000, 138.
10.20000, 122.
10.21000, 123.
10.22000, 124.
10.23000, 136.
10.24000, 120.
10.25000, 133.
10.26000, 123.
10.27000, 161.
10.28000, 130.
10.29000, 134.
10.30000, 122.
10.31000, 131.
10.32000, 135.
10.33000, 130.
10.34000, 140.
10.35000, 125.
10.36000, 121.
10.37000, 129.
10.38000, 116.
10.39000, 129.
10.40000, 130.
10.41000, 128.
10.42000, 128.
10.43000, 109.
10.44000, 138.
10.45000, 137.
10.46000, 123.
10.47000, 138.
10.48000, 127.
10.49000, 151.
10.50000, 135.
10.51000, 145.
10.52000, 168.
10.53000, 126.
10.54000, 153.
10.55000, 174.
10.56000, 141.
10.57000, 156.
10.58000, 140.
10.59000, 154.
10.60000, 160.
10.61000, 129.
10.62000, 141.
10.63000, 129.
10.64000, 141.
10.65000, 151.
10.66000, 128.
10.67000, 151.
10.68000, 133.
10.69000, 136.
10.70000, 129.
10.71000, 125.
10.72000, 137.
10.73000, 119.
10.74000, 141.
10.75000, 140.
10.76000, 137.
10.77000, 139.
10.78000, 121.
10.79000, 116.
10.80000, 149.
10.81000, 137.
10.82000, 156.
10.83000, 141.
10.84000, 130.
10.85000, 120.
10.86000, 130.
10.87000, 144.
10.88000, 139.
10.89000, 125.
10.90000, 130.
10.91000, 121.
10.92000, 132.
10.93000, 139.
10.94000, 117.
10.95000, 151.
10.96000, 123.
10.97000, 119.
10.98000, 148.
10.99000, 122.
11.00000, 137.
11.01000, 115.
11.02000, 133.
11.03000, 120.
11.04000, 129.
11.05000, 127.
11.06000, 128.
11.07000, 146.
11.08000, 141.
11.09000, 135.
11.10000, 140.
11.11000, 124.
11.12000, 139.
11.13000, 139.
11.14000, 137.
11.15000, 146.
11.16000, 125.
11.17000, 132.
11.18000, 127.
11.19000, 119.
11.20000, 142.
11.21000, 124.
11.22000, 110.
11.23000, 108.
11.24000, 118.
11.25000, 129.
11.26000, 139.
11.27000, 147.
11.28000, 140.
11.29000, 139.
11.30000, 152.
11.31000, 148.
11.32000, 138.
11.33000, 155.
11.34000, 138.
11.35000, 137.
11.36000, 127.
11.37000, 131.
11.38000, 146.
11.39000, 153.
11.40000, 137.
11.41000, 147.
11.42000, 148.
11.43000, 131.
11.44000, 156.
11.45000, 129.
11.46000, 131.
11.47000, 136.
11.48000, 139.
11.49000, 137.
11.50000, 124.
11.51000, 124.
11.52000, 155.
11.53000, 130.
11.54000, 133.
11.55000, 159.
11.56000, 157.
11.57000, 129.
11.58000, 146.
11.59000, 151.
11.60000, 142.
11.61000, 119.
11.62000, 130.
11.63000, 135.
11.64000, 131.
11.65000, 117.
11.66000, 151.
11.67000, 135.
11.68000, 135.
11.69000, 160.
11.70000, 128.
11.71000, 124.
11.72000, 142.
11.73000, 148.
11.74000, 132.
11.75000, 134.
11.76000, 122.
11.77000, 140.
11.78000, 131.
11.79000, 148.
11.80000, 146.
11.81000, 150.
11.82000, 151.
11.83000, 149.
11.84000, 123.
11.85000, 147.
11.86000, 126.
11.87000, 153.
11.88000, 134.
11.89000, 133.
11.90000, 152.
11.91000, 167.
11.92000, 172.
11.93000, 142.
11.94000, 160.
11.95000, 146.
11.96000, 135.
11.97000, 163.
11.98000, 141.
11.99000, 139.
12.00000, 148.
12.01000, 147.
12.02000, 147.
12.03000, 163.
12.04000, 161.
12.05000, 154.
12.06000, 163.
12.07000, 143.
12.08000, 149.
12.09000, 158.
12.10000, 154.
12.11000, 148.
12.12000, 151.
12.13000, 163.
12.14000, 118.
12.15000, 133.
12.16000, 152.
12.17000, 143.
12.18000, 150.
12.19000, 140.
12.20000, 155.
12.21000, 141.
12.22000, 113.
12.23000, 144.
12.24000, 145.
12.25000, 146.
12.26000, 133.
12.27000, 154.
12.28000, 150.
12.29000, 130.
12.30000, 150.
12.31000, 153.
12.32000, 165.
12.33000, 148.
12.34000, 142.
12.35000, 133.
12.36000, 126.
12.37000, 157.
12.38000, 141.
12.39000, 159.
12.40000, 127.
12.41000, 141.
12.42000, 145.
12.43000, 156.
12.44000, 128.
12.45000, 149.
12.46000, 132.
12.47000, 143.
12.48000, 151.
12.49000, 172.
12.50000, 157.
12.51000, 157.
12.52000, 139.
12.53000, 169.
12.54000, 143.
12.55000, 168.
12.56000, 143.
12.57000, 140.
12.58000, 146.
12.59000, 166.
12.60000, 164.
12.61000, 161.
12.62000, 167.
12.63000, 167.
12.64000, 165.
12.65000, 169.
12.66000, 167.
12.67000, 167.
12.68000, 175.
12.69000, 139.
12.70000, 159.
12.71000, 180.
12.72000, 170.
12.73000, 165.
12.74000, 185.
12.75000, 185.
12.76000, 185.
12.77000, 187.
12.78000, 196.
12.79000, 198.
12.80000, 200.
12.81000, 181.
12.82000, 215.
12.83000, 188.
12.84000, 157.
12.85000, 183.
12.86000, 168.
12.87000, 179.
12.88000, 164.
12.89000, 181.
12.90000, 167.
12.91000, 168.
12.92000, 131.
12.93000, 175.
12.94000, 165.
12.95000, 161.
12.96000, 151.
12.97000, 155.
12.98000, 161.
12.99000, 147.
13.00000, 148.
13.01000, 165.
13.02000, 141.
13.03000, 137.
13.04000, 171.
13.05000, 176.
13.06000, 144.
13.07000, 167.
13.08000, 150.
13.09000, 165.
13.10000, 154.
13.11000, 145.
13.12000, 142.
13.13000, 169.
13.14000, 165.
13.15000, 162.
13.16000, 138.
13.17000, 145.
13.18000, 145.
13.19000, 161.
13.20000, 160.
13.21000, 179.
13.22000, 174.
13.23000, 158.
13.24000, 172.
13.25000, 151.
13.26000, 184.
13.27000, 170.
13.28000, 166.
13.29000, 194.
13.30000, 207.
13.31000, 182.
13.32000, 197.
13.33000, 191.
13.34000, 201.
13.35000, 189.
13.36000, 217.
13.37000, 181.
13.38000, 197.
13.39000, 189.
13.40000, 181.
13.41000, 186.
13.42000, 193.
13.43000, 200.
13.44000, 185.
13.45000, 205.
13.46000, 147.
13.47000, 190.
13.48000, 156.
13.49000, 173.
13.50000, 193.
13.51000, 162.
13.52000, 180.
13.53000, 172.
13.54000, 141.
13.55000, 178.
13.56000, 161.
13.57000, 163.
13.58000, 151.
13.59000, 137.
13.60000, 157.
13.61000, 151.
13.62000, 157.
13.63000, 124.
13.64000, 167.
13.65000, 158.
13.66000, 162.
13.67000, 151.
13.68000, 173.
13.69000, 169.
13.70000, 156.
13.71000, 158.
13.72000, 150.
13.73000, 143.
13.74000, 157.
13.75000, 159.
13.76000, 147.
13.77000, 147.
13.78000, 155.
13.79000, 144.
13.80000, 143.
13.81000, 142.
13.82000, 170.
13.83000, 169.
13.84000, 156.
13.85000, 136.
13.86000, 135.
13.87000, 167.
13.88000, 160.
13.89000, 136.
13.90000, 180.
13.91000, 172.
13.92000, 186.
13.93000, 217.
13.94000, 176.
13.95000, 207.
13.96000, 194.
13.97000, 203.
13.98000, 205.
13.99000, 236.
14.00000, 258.
14.01000, 267.
14.02000, 306.
14.03000, 314.
14.04000, 361.
14.05000, 356.
14.06000, 387.
14.07000, 415.
14.08000, 382.
14.09000, 436.
14.10000, 438.
14.11000, 439.
14.12000, 455.
14.13000, 446.
14.14000, 446.
14.15000, 450.
14.16000, 414.
14.17000, 387.
14.18000, 367.
14.19000, 401.
14.20000, 329.
14.21000, 313.
14.22000, 361.
14.23000, 292.
14.24000, 279.
14.25000, 242.
14.26000, 256.
14.27000, 237.
14.28000, 214.
14.29000, 199.
14.30000, 162.
14.31000, 174.
14.32000, 171.
14.33000, 171.
14.34000, 171.
14.35000, 161.
14.36000, 150.
14.37000, 158.
14.38000, 147.
14.39000, 161.
14.40000, 158.
14.41000, 157.
14.42000, 140.
14.43000, 175.
14.44000, 166.
14.45000, 141.
14.46000, 167.
14.47000, 154.
14.48000, 158.
14.49000, 136.
14.50000, 149.
14.51000, 166.
14.52000, 149.
14.53000, 147.
14.54000, 158.
14.55000, 146.
14.56000, 123.
14.57000, 163.
14.58000, 151.
14.59000, 132.
14.60000, 161.
14.61000, 154.
14.62000, 134.
14.63000, 157.
14.64000, 153.
14.65000, 136.
14.66000, 138.
14.67000, 151.
14.68000, 145.
14.69000, 137.
14.70000, 156.
14.71000, 119.
14.72000, 157.
14.73000, 152.
14.74000, 151.
14.75000, 162.
14.76000, 158.
14.77000, 148.
14.78000, 171.
14.79000, 176.
14.80000, 153.
14.81000, 180.
14.82000, 154.
14.83000, 170.
14.84000, 171.
14.85000, 174.
14.86000, 160.
14.87000, 164.
14.88000, 155.
14.89000, 177.
14.90000, 189.
14.91000, 179.
14.92000, 203.
14.93000, 191.
14.94000, 177.
14.95000, 182.
14.96000, 168.
14.97000, 166.
14.98000, 190.
14.99000, 159.
15.00000, 151.
15.01000, 143.
15.02000, 157.
15.03000, 160.
15.04000, 173.
15.05000, 182.
15.06000, 168.
15.07000, 159.
15.08000, 163.
15.09000, 157.
15.10000, 183.
15.11000, 154.
15.12000, 165.
15.13000, 129.
15.14000, 158.
15.15000, 159.
15.16000, 153.
15.17000, 139.
15.18000, 136.
15.19000, 174.
15.20000, 153.
15.21000, 141.
15.22000, 147.
15.23000, 142.
15.24000, 151.
15.25000, 159.
15.26000, 127.
15.27000, 138.
15.28000, 155.
15.29000, 168.
15.30000, 147.
15.31000, 136.
15.32000, 162.
15.33000, 149.
15.34000, 128.
15.35000, 171.
15.36000, 153.
15.37000, 145.
15.38000, 147.
15.39000, 158.
15.40000, 152.
15.41000, 147.
15.42000, 152.
15.43000, 132.
15.44000, 154.
15.45000, 172.
15.46000, 171.
15.47000, 158.
15.48000, 170.
15.49000, 149.
15.50000, 200.
15.51000, 206.
15.52000, 203.
15.53000, 231.
15.54000, 225.
15.55000, 256.
15.56000, 241.
15.57000, 268.
15.58000, 286.
15.59000, 309.
15.60000, 334.
15.61000, 378.
15.62000, 428.
15.63000, 422.
15.64000, 475.
15.65000, 530.
15.66000, 539.
15.67000, 564.
15.68000, 563.
15.69000, 621.
15.70000, 648.
15.71000, 633.
15.72000, 652.
15.73000, 687.
15.74000, 624.
15.75000, 624.
15.76000, 605.
15.77000, 622.
15.78000, 616.
15.79000, 584.
15.80000, 549.
15.81000, 539.
15.82000, 474.
15.83000, 455.
15.84000, 470.
15.85000, 407.
15.86000, 377.
15.87000, 349.
15.88000, 343.
15.89000, 271.
15.90000, 281.
15.91000, 254.
15.92000, 237.
15.93000, 209.
15.94000, 196.
15.95000, 205.
15.96000, 187.
15.97000, 195.
15.98000, 170.
15.99000, 181.
16.00000, 165.
16.01000, 160.
16.02000, 147.
16.03000, 133.
16.04000, 151.
16.05000, 161.
16.06000, 166.
16.07000, 150.
16.08000, 142.
16.09000, 159.
16.10000, 170.
16.11000, 160.
16.12000, 169.
16.13000, 156.
16.14000, 159.
16.15000, 152.
16.16000, 137.
16.17000, 142.
16.18000, 145.
16.19000, 145.
16.20000, 136.
16.21000, 147.
16.22000, 153.
16.23000, 128.
16.24000, 128.
16.25000, 137.
16.26000, 162.
16.27000, 146.
16.28000, 132.
16.29000, 149.
16.30000, 150.
16.31000, 150.
16.32000, 130.
16.33000, 136.
16.34000, 151.
16.35000, 147.
16.36000, 151.
16.37000, 121.
16.38000, 138.
16.39000, 139.
16.40000, 138.
16.41000, 144.
16.42000, 135.
16.43000, 135.
16.44000, 151.
16.45000, 145.
16.46000, 172.
16.47000, 158.
16.48000, 126.
16.49000, 151.
16.50000, 159.
16.51000, 143.
16.52000, 170.
16.53000, 132.
16.54000, 166.
16.55000, 174.
16.56000, 157.
16.57000, 157.
16.58000, 153.
16.59000, 146.
16.60000, 160.
16.61000, 172.
16.62000, 168.
16.63000, 145.
16.64000, 158.
16.65000, 136.
16.66000, 133.
16.67000, 160.
16.68000, 138.
16.69000, 141.
16.70000, 156.
16.71000, 157.
16.72000, 151.
16.73000, 160.
16.74000, 135.
16.75000, 149.
16.76000, 146.
16.77000, 171.
16.78000, 136.
16.79000, 167.
16.80000, 163.
16.81000, 151.
16.82000, 178.
16.83000, 138.
16.84000, 151.
16.85000, 130.
16.86000, 151.
16.87000, 149.
16.88000, 145.
16.89000, 154.
16.90000, 137.
16.91000, 145.
16.92000, 151.
16.93000, 126.
16.94000, 146.
16.95000, 161.
16.96000, 174.
16.97000, 128.
16.98000, 152.
16.99000, 152.
17.00000, 159.
17.01000, 150.
17.02000, 150.
17.03000, 137.
17.04000, 172.
17.05000, 136.
17.06000, 163.
17.07000, 158.
17.08000, 150.
17.09000, 147.
17.10000, 137.
17.11000, 153.
17.12000, 166.
17.13000, 132.
17.14000, 147.
17.15000, 155.
17.16000, 159.
17.17000, 162.
17.18000, 141.
17.19000, 149.
17.20000, 168.
17.21000, 158.
17.22000, 175.
17.23000, 156.
17.24000, 163.
17.25000, 155.
17.26000, 152.
17.27000, 137.
17.28000, 158.
17.29000, 162.
17.30000, 161.
17.31000, 161.
17.32000, 174.
17.33000, 141.
17.34000, 153.
17.35000, 165.
17.36000, 146.
17.37000, 159.
17.38000, 174.
17.39000, 149.
17.40000, 162.
17.41000, 143.
17.42000, 172.
17.43000, 160.
17.44000, 173.
17.45000, 200.
17.46000, 174.
17.47000, 177.
17.48000, 176.
17.49000, 188.
17.50000, 174.
17.51000, 211.
17.52000, 210.
17.53000, 229.
17.54000, 202.
17.55000, 174.
17.56000, 258.
17.57000, 206.
17.58000, 248.
17.59000, 242.
17.60000, 224.
17.61000, 265.
17.62000, 252.
17.63000, 274.
17.64000, 279.
17.65000, 259.
17.66000, 251.
17.67000, 250.
17.68000, 247.
17.69000, 237.
17.70000, 239.
17.71000, 233.
17.72000, 229.
17.73000, 206.
17.74000, 228.
17.75000, 231.
17.76000, 221.
17.77000, 222.
17.78000, 201.
17.79000, 228.
17.80000, 189.
17.81000, 237.
17.82000, 192.
17.83000, 206.
17.84000, 177.
17.85000, 208.
17.86000, 197.
17.87000, 223.
17.88000, 199.
17.89000, 190.
17.90000, 210.
17.91000, 216.
17.92000, 233.
17.93000, 243.
17.94000, 204.
17.95000, 223.
17.96000, 229.
17.97000, 203.
17.98000, 242.
17.99000, 205.
18.00000, 214.
18.01000, 228.
18.02000, 209.
18.03000, 213.
18.04000, 221.
18.05000, 226.
18.06000, 201.
18.07000, 230.
18.08000, 234.
18.09000, 220.
18.10000, 274.
18.11000, 224.
18.12000, 245.
18.13000, 242.
18.14000, 246.
18.15000, 262.
18.16000, 268.
18.17000, 261.
18.18000, 263.
18.19000, 276.
18.20000, 265.
18.21000, 296.
18.22000, 321.
18.23000, 296.
18.24000, 303.
18.25000, 295.
18.26000, 324.
18.27000, 315.
18.28000, 309.
18.29000, 314.
18.30000, 334.
18.31000, 328.
18.32000, 346.
18.33000, 345.
18.34000, 411.
18.35000, 395.
18.36000, 386.
18.37000, 378.
18.38000, 386.
18.39000, 396.
18.40000, 456.
18.41000, 441.
18.42000, 438.
18.43000, 482.
18.44000, 519.
18.45000, 497.
18.46000, 463.
18.47000, 513.
18.48000, 559.
18.49000, 524.
18.50000, 522.
18.51000, 565.
18.52000, 612.
18.53000, 609.
18.54000, 659.
18.55000, 657.
18.56000, 632.
18.57000, 670.
18.58000, 702.
18.59000, 691.
18.60000, 665.
18.61000, 717.
18.62000, 767.
18.63000, 723.
18.64000, 806.
18.65000, 741.
18.66000, 765.
18.67000, 834.
18.68000, 755.
18.69000, 848.
18.70000, 821.
18.71000, 892.
18.72000, 801.
18.73000, 912.
18.74000, 893.
18.75000, 864.
18.76000, 857.
18.77000, 843.
18.78000, 885.
18.79000, 862.
18.80000, 806.
18.81000, 907.
18.82000, 879.
18.83000, 907.
18.84000, 813.
18.85000, 881.
18.86000, 903.
18.87000, 843.
18.88000, 806.
18.89000, 821.
18.90000, 819.
18.91000, 794.
18.92000, 774.
18.93000, 735.
18.94000, 771.
18.95000, 729.
18.96000, 768.
18.97000, 722.
18.98000, 704.
18.99000, 702.
19.00000, 688.
19.01000, 701.
19.02000, 685.
19.03000, 627.
19.04000, 600.
19.05000, 555.
19.06000, 555.
19.07000, 577.
19.08000, 549.
19.09000, 493.
19.10000, 537.
19.11000, 535.
19.12000, 488.
19.13000, 458.
19.14000, 462.
19.15000, 469.
19.16000, 466.
19.17000, 442.
19.18000, 419.
19.19000, 402.
19.20000, 404.
19.21000, 411.
19.22000, 417.
19.23000, 385.
19.24000, 380.
19.25000, 362.
19.26000, 378.
19.27000, 318.
19.28000, 351.
19.29000, 318.
19.30000, 297.
19.31000, 337.
19.32000, 281.
19.33000, 303.
19.34000, 274.
19.35000, 301.
19.36000, 297.
19.37000, 239.
19.38000, 266.
19.39000, 257.
19.40000, 282.
19.41000, 256.
19.42000, 225.
19.43000, 242.
19.44000, 232.
19.45000, 243.
19.46000, 271.
19.47000, 244.
19.48000, 233.
19.49000, 209.
19.50000, 228.
19.51000, 208.
19.52000, 193.
19.53000, 192.
19.54000, 197.
19.55000, 189.
19.56000, 205.
19.57000, 196.
19.58000, 199.
19.59000, 183.
19.60000, 177.
19.61000, 180.
19.62000, 195.
19.63000, 177.
19.64000, 142.
19.65000, 182.
19.66000, 173.
19.67000, 165.
19.68000, 137.
19.69000, 190.
19.70000, 170.
19.71000, 166.
19.72000, 160.
19.73000, 163.
19.74000, 181.
19.75000, 163.
19.76000, 159.
19.77000, 158.
19.78000, 142.
19.79000, 160.
19.80000, 152.
19.81000, 171.
19.82000, 158.
19.83000, 160.
19.84000, 165.
19.85000, 178.
19.86000, 194.
19.87000, 188.
19.88000, 198.
19.89000, 199.
19.90000, 219.
19.91000, 247.
19.92000, 220.
19.93000, 256.
19.94000, 283.
19.95000, 274.
19.96000, 287.
19.97000, 289.
19.98000, 335.
19.99000, 390.
20.00000, 386.
20.01000, 331.
20.02000, 406.
20.03000, 477.
20.04000, 410.
20.05000, 466.
20.06000, 448.
20.07000, 454.
20.08000, 476.
20.09000, 509.
20.10000, 554.
20.11000, 551.
20.12000, 550.
20.13000, 544.
20.14000, 535.
20.15000, 525.
20.16000, 569.
20.17000, 497.
20.18000, 486.
20.19000, 540.
20.20000, 536.
20.21000, 521.
20.22000, 498.
20.23000, 465.
20.24000, 410.
20.25000, 397.
20.26000, 386.
20.27000, 334.
20.28000, 371.
20.29000, 301.
20.30000, 298.
20.31000, 276.
20.32000, 237.
20.33000, 254.
20.34000, 240.
20.35000, 204.
20.36000, 226.
20.37000, 207.
20.38000, 196.
20.39000, 173.
20.40000, 168.
20.41000, 155.
20.42000, 165.
20.43000, 168.
20.44000, 143.
20.45000, 165.
20.46000, 176.
20.47000, 140.
20.48000, 157.
20.49000, 154.
20.50000, 133.
20.51000, 146.
20.52000, 156.
20.53000, 145.
20.54000, 163.
20.55000, 158.
20.56000, 178.
20.57000, 174.
20.58000, 158.
20.59000, 166.
20.60000, 170.
20.61000, 162.
20.62000, 182.
20.63000, 173.
20.64000, 167.
20.65000, 188.
20.66000, 181.
20.67000, 188.
20.68000, 197.
20.69000, 175.
20.70000, 188.
20.71000, 191.
20.72000, 195.
20.73000, 165.
20.74000, 210.
20.75000, 189.
20.76000, 205.
20.77000, 212.
20.78000, 190.
20.79000, 226.
20.80000, 232.
20.81000, 203.
20.82000, 211.
20.83000, 207.
20.84000, 228.
20.85000, 227.
20.86000, 238.
20.87000, 236.
20.88000, 256.
20.89000, 233.
20.90000, 238.
20.91000, 206.
20.92000, 240.
20.93000, 241.
20.94000, 225.
20.95000, 225.
20.96000, 257.
20.97000, 253.
20.98000, 247.
20.99000, 195.
21.00000, 233.
21.01000, 236.
21.02000, 210.
21.03000, 225.
21.04000, 249.
21.05000, 233.
21.06000, 241.
21.07000, 218.
21.08000, 261.
21.09000, 203.
21.10000, 216.
21.11000, 215.
21.12000, 254.
21.13000, 252.
21.14000, 236.
21.15000, 218.
21.16000, 217.
21.17000, 185.
21.18000, 196.
21.19000, 198.
21.20000, 201.
21.21000, 201.
21.22000, 189.
21.23000, 201.
21.24000, 185.
21.25000, 200.
21.26000, 184.
21.27000, 208.
21.28000, 175.
21.29000, 178.
21.30000, 183.
21.31000, 189.
21.32000, 187.
21.33000, 169.
21.34000, 178.
21.35000, 179.
21.36000, 167.
21.37000, 162.
21.38000, 173.
21.39000, 152.
21.40000, 167.
21.41000, 183.
21.42000, 148.
21.43000, 175.
21.44000, 151.
21.45000, 137.
21.46000, 142.
21.47000, 154.
21.48000, 158.
21.49000, 146.
21.50000, 163.
21.51000, 143.
21.52000, 172.
21.53000, 135.
21.54000, 130.
21.55000, 143.
21.56000, 142.
21.57000, 136.
21.58000, 127.
21.59000, 151.
21.60000, 102.
21.61000, 117.
21.62000, 135.
21.63000, 130.
21.64000, 116.
21.65000, 114.
21.66000, 90.
21.67000, 110.
21.68000, 94.
21.69000, 102.
21.70000, 100.
21.71000, 99.
21.72000, 110.
21.73000, 103.
21.74000, 98.
21.75000, 102.
21.76000, 108.
21.77000, 106.
21.78000, 110.
21.79000, 112.
21.80000, 110.
21.81000, 100.
21.82000, 112.
21.83000, 100.
21.84000, 130.
21.85000, 117.
21.86000, 97.
21.87000, 105.
21.88000, 77.
21.89000, 102.
21.90000, 84.
21.91000, 97.
21.92000, 94.
21.93000, 99.
21.94000, 90.
21.95000, 99.
21.96000, 88.
21.97000, 80.
21.98000, 97.
21.99000, 102.
22.00000, 90.
22.01000, 93.
22.02000, 82.
22.03000, 98.
22.04000, 92.
22.05000, 92.
22.06000, 85.
22.07000, 107.
22.08000, 90.
22.09000, 102.
22.10000, 86.
22.11000, 92.
22.12000, 92.
22.13000, 91.
22.14000, 91.
22.15000, 105.
22.16000, 87.
22.17000, 85.
22.18000, 96.
22.19000, 82.
22.20000, 81.
22.21000, 88.
22.22000, 101.
22.23000, 79.
22.24000, 91.
22.25000, 74.
22.26000, 96.
22.27000, 74.
22.28000, 79.
22.29000, 83.
22.30000, 84.
22.31000, 85.
22.32000, 80.
22.33000, 65.
22.34000, 93.
22.35000, 95.
22.36000, 87.
22.37000, 83.
22.38000, 77.
22.39000, 91.
22.40000, 91.
22.41000, 79.
22.42000, 92.
22.43000, 83.
22.44000, 98.
22.45000, 83.
22.46000, 78.
22.47000, 66.
22.48000, 89.
22.49000, 95.
22.50000, 86.
22.51000, 89.
22.52000, 94.
22.53000, 100.
22.54000, 91.
22.55000, 108.
22.56000, 118.
22.57000, 107.
22.58000, 120.
22.59000, 117.
22.60000, 103.
22.61000, 123.
22.62000, 137.
22.63000, 129.
22.64000, 142.
22.65000, 149.
22.66000, 146.
22.67000, 130.
22.68000, 125.
22.69000, 123.
22.70000, 157.
22.71000, 147.
22.72000, 144.
22.73000, 127.
22.74000, 134.
22.75000, 162.
22.76000, 126.
22.77000, 127.
22.78000, 119.
22.79000, 92.
22.80000, 103.
22.81000, 123.
22.82000, 115.
22.83000, 99.
22.84000, 87.
22.85000, 85.
22.86000, 80.
22.87000, 92.
22.88000, 87.
22.89000, 78.
22.90000, 78.
22.91000, 75.
22.92000, 86.
22.93000, 74.
22.94000, 65.
22.95000, 81.
22.96000, 75.
22.97000, 74.
22.98000, 78.
22.99000, 72.
23.00000, 78.
23.01000, 90.
23.02000, 67.
23.03000, 75.
23.04000, 63.
23.05000, 68.
23.06000, 64.
23.07000, 81.
23.08000, 93.
23.09000, 68.
23.10000, 84.
23.11000, 83.
23.12000, 65.
23.13000, 66.
23.14000, 79.
23.15000, 79.
23.16000, 82.
23.17000, 66.
23.18000, 75.
23.19000, 66.
23.20000, 78.
23.21000, 87.
23.22000, 81.
23.23000, 83.
23.24000, 86.
23.25000, 82.
23.26000, 73.
23.27000, 92.
23.28000, 63.
23.29000, 85.
23.30000, 60.
23.31000, 58.
23.32000, 82.
23.33000, 81.
23.34000, 71.
23.35000, 79.
23.36000, 62.
23.37000, 80.
23.38000, 79.
23.39000, 74.
23.40000, 61.
23.41000, 45.
23.42000, 76.
23.43000, 75.
23.44000, 54.
23.45000, 63.
23.46000, 45.
23.47000, 71.
23.48000, 71.
23.49000, 54.
23.50000, 61.
23.51000, 77.
23.52000, 70.
23.53000, 73.
23.54000, 60.
23.55000, 87.
23.56000, 63.
23.57000, 59.
23.58000, 65.
23.59000, 61.
23.60000, 56.
23.61000, 82.
23.62000, 51.
23.63000, 68.
23.64000, 63.
23.65000, 83.
23.66000, 80.
23.67000, 73.
23.68000, 69.
23.69000, 61.
23.70000, 54.
23.71000, 58.
23.72000, 61.
23.73000, 56.
23.74000, 68.
23.75000, 63.
23.76000, 67.
23.77000, 71.
23.78000, 66.
23.79000, 66.
23.80000, 63.
23.81000, 67.
23.82000, 66.
23.83000, 61.
23.84000, 59.
23.85000, 80.
23.86000, 73.
23.87000, 68.
23.88000, 66.
23.89000, 75.
23.90000, 65.
23.91000, 62.
23.92000, 67.
23.93000, 77.
23.94000, 60.
23.95000, 58.
23.96000, 74.
23.97000, 68.
23.98000, 64.
23.99000, 80.
24.00000, 69.
24.01000, 66.
24.02000, 54.
24.03000, 67.
24.04000, 49.
24.05000, 62.
24.06000, 63.
24.07000, 69.
24.08000, 66.
24.09000, 61.
24.10000, 83.
24.11000, 61.
24.12000, 60.
24.13000, 63.
24.14000, 60.
24.15000, 62.
24.16000, 71.
24.17000, 59.
24.18000, 73.
24.19000, 50.
24.20000, 49.
24.21000, 67.
24.22000, 70.
24.23000, 53.
24.24000, 53.
24.25000, 49.
24.26000, 59.
24.27000, 70.
24.28000, 65.
24.29000, 68.
24.30000, 66.
24.31000, 63.
24.32000, 51.
24.33000, 59.
24.34000, 64.
24.35000, 76.
24.36000, 52.
24.37000, 59.
24.38000, 58.
24.39000, 56.
24.40000, 66.
24.41000, 57.
24.42000, 61.
24.43000, 63.
24.44000, 57.
24.45000, 65.
24.46000, 67.
24.47000, 57.
24.48000, 52.
24.49000, 63.
24.50000, 56.
24.51000, 50.
24.52000, 57.
24.53000, 65.
24.54000, 61.
24.55000, 88.
24.56000, 52.
24.57000, 52.
24.58000, 75.
24.59000, 64.
24.60000, 62.
24.61000, 61.
24.62000, 63.
24.63000, 71.
24.64000, 65.
24.65000, 60.
24.66000, 40.
24.67000, 57.
24.68000, 51.
24.69000, 63.
24.70000, 63.
24.71000, 60.
24.72000, 64.
24.73000, 61.
24.74000, 60.
24.75000, 61.
24.76000, 49.
24.77000, 65.
24.78000, 62.
24.79000, 63.
24.80000, 54.
24.81000, 67.
24.82000, 68.
24.83000, 44.
24.84000, 70.
24.85000, 67.
24.86000, 75.
24.87000, 64.
24.88000, 69.
24.89000, 76.
24.90000, 73.
24.91000, 68.
24.92000, 67.
24.93000, 70.
24.94000, 47.
24.95000, 70.
24.96000, 62.
24.97000, 75.
24.98000, 77.
24.99000, 64.
25.00000, 64.
25.01000, 58.
25.02000, 75.
25.03000, 65.
25.04000, 57.
25.05000, 61.
25.06000, 46.
25.07000, 54.
25.08000, 56.
25.09000, 73.
25.10000, 66.
25.11000, 68.
25.12000, 77.
25.13000, 73.
25.14000, 70.
25.15000, 66.
25.16000, 63.
25.17000, 59.
25.18000, 65.
25.19000, 74.
25.20000, 69.
25.21000, 80.
25.22000, 63.
25.23000, 68.
25.24000, 72.
25.25000, 73.
25.26000, 76.
25.27000, 71.
25.28000, 70.
25.29000, 72.
25.30000, 65.
25.31000, 64.
25.32000, 49.
25.33000, 53.
25.34000, 63.
25.35000, 61.
25.36000, 57.
25.37000, 65.
25.38000, 71.
25.39000, 56.
25.40000, 69.
25.41000, 76.
25.42000, 56.
25.43000, 64.
25.44000, 64.
25.45000, 66.
25.46000, 54.
25.47000, 66.
25.48000, 61.
25.49000, 59.
25.50000, 54.
25.51000, 71.
25.52000, 56.
25.53000, 55.
25.54000, 73.
25.55000, 54.
25.56000, 54.
25.57000, 60.
25.58000, 80.
25.59000, 53.
25.60000, 53.
25.61000, 48.
25.62000, 64.
25.63000, 51.
25.64000, 50.
25.65000, 52.
25.66000, 64.
25.67000, 62.
25.68000, 66.
25.69000, 51.
25.70000, 60.
25.71000, 57.
25.72000, 44.
25.73000, 49.
25.74000, 59.
25.75000, 55.
25.76000, 54.
25.77000, 58.
25.78000, 48.
25.79000, 54.
25.80000, 52.
25.81000, 66.
25.82000, 48.
25.83000, 59.
25.84000, 66.
25.85000, 58.
25.86000, 46.
25.87000, 56.
25.88000, 45.
25.89000, 49.
25.90000, 64.
25.91000, 59.
25.92000, 58.
25.93000, 64.
25.94000, 61.
25.95000, 56.
25.96000, 51.
25.97000, 65.
25.98000, 54.
25.99000, 59.
26.00000, 47.
26.01000, 51.
26.02000, 50.
26.03000, 60.
26.04000, 73.
26.05000, 46.
26.06000, 48.
26.07000, 48.
26.08000, 60.
26.09000, 50.
26.10000, 59.
26.11000, 58.
26.12000, 59.
26.13000, 49.
26.14000, 43.
26.15000, 57.
26.16000, 49.
26.17000, 74.
26.18000, 67.
26.19000, 60.
26.20000, 40.
26.21000, 42.
26.22000, 51.
26.23000, 45.
26.24000, 53.
26.25000, 49.
26.26000, 53.
26.27000, 61.
26.28000, 60.
26.29000, 46.
26.30000, 70.
26.31000, 50.
26.32000, 51.
26.33000, 47.
26.34000, 56.
26.35000, 63.
26.36000, 63.
26.37000, 48.
26.38000, 71.
26.39000, 60.
26.40000, 57.
26.41000, 36.
26.42000, 47.
26.43000, 62.
26.44000, 47.
26.45000, 51.
26.46000, 48.
26.47000, 60.
26.48000, 38.
26.49000, 48.
26.50000, 52.
26.51000, 52.
26.52000, 65.
26.53000, 61.
26.54000, 50.
26.55000, 52.
26.56000, 66.
26.57000, 45.
26.58000, 52.
26.59000, 52.
26.60000, 44.
26.61000, 41.
26.62000, 54.
26.63000, 50.
26.64000, 63.
26.65000, 52.
26.66000, 50.
26.67000, 51.
26.68000, 55.
26.69000, 28.
26.70000, 51.
26.71000, 43.
26.72000, 50.
26.73000, 44.
26.74000, 49.
26.75000, 49.
26.76000, 41.
26.77000, 48.
26.78000, 58.
26.79000, 55.
26.80000, 40.
26.81000, 43.
26.82000, 39.
26.83000, 57.
26.84000, 42.
26.85000, 40.
26.86000, 49.
26.87000, 51.
26.88000, 42.
26.89000, 46.
26.90000, 51.
26.91000, 58.
26.92000, 50.
26.93000, 49.
26.94000, 37.
26.95000, 44.
26.96000, 42.
26.97000, 50.
26.98000, 45.
26.99000, 52.
27.00000, 60.
27.01000, 52.
27.02000, 47.
27.03000, 52.
27.04000, 55.
27.05000, 52.
27.06000, 46.
27.07000, 48.
27.08000, 50.
27.09000, 43.
27.10000, 41.
27.11000, 52.
27.12000, 53.
27.13000, 52.
27.14000, 64.
27.15000, 57.
27.16000, 54.
27.17000, 45.
27.18000, 36.
27.19000, 52.
27.20000, 60.
27.21000, 34.
27.22000, 45.
27.23000, 50.
27.24000, 52.
27.25000, 46.
27.26000, 52.
27.27000, 53.
27.28000, 66.
27.29000, 59.
27.30000, 34.
27.31000, 47.
27.32000, 46.
27.33000, 53.
27.34000, 36.
27.35000, 50.
27.36000, 50.
27.37000, 45.
27.38000, 37.
27.39000, 46.
27.40000, 54.
27.41000, 50.
27.42000, 43.
27.43000, 42.
27.44000, 54.
27.45000, 54.
27.46000, 57.
27.47000, 41.
27.48000, 54.
27.49000, 51.
27.50000, 47.
27.51000, 41.
27.52000, 58.
27.53000, 46.
27.54000, 52.
27.55000, 53.
27.56000, 40.
27.57000, 45.
27.58000, 42.
27.59000, 42.
27.60000, 52.
27.61000, 46.
27.62000, 45.
27.63000, 41.
27.64000, 45.
27.65000, 42.
27.66000, 44.
27.67000, 40.
27.68000, 35.
27.69000, 46.
27.70000, 55.
27.71000, 50.
27.72000, 44.
27.73000, 49.
27.74000, 54.
27.75000, 39.
27.76000, 48.
27.77000, 49.
27.78000, 44.
27.79000, 40.
27.80000, 46.
27.81000, 39.
27.82000, 46.
27.83000, 50.
27.84000, 59.
27.85000, 39.
27.86000, 52.
27.87000, 52.
27.88000, 42.
27.89000, 47.
27.90000, 50.
27.91000, 49.
27.92000, 40.
27.93000, 41.
27.94000, 49.
27.95000, 43.
27.96000, 45.
27.97000, 42.
27.98000, 57.
27.99000, 36.
28.00000, 42.
28.01000, 43.
28.02000, 52.
28.03000, 42.
28.04000, 54.
28.05000, 42.
28.06000, 48.
28.07000, 38.
28.08000, 52.
28.09000, 46.
28.10000, 42.
28.11000, 56.
28.12000, 39.
28.13000, 50.
28.14000, 42.
28.15000, 45.
28.16000, 48.
28.17000, 52.
28.18000, 53.
28.19000, 53.
28.20000, 46.
28.21000, 40.
28.22000, 38.
28.23000, 50.
28.24000, 35.
28.25000, 34.
28.26000, 34.
28.27000, 50.
28.28000, 38.
28.29000, 48.
28.30000, 44.
28.31000, 40.
28.32000, 35.
28.33000, 30.
28.34000, 48.
28.35000, 50.
28.36000, 40.
28.37000, 43.
28.38000, 35.
28.39000, 42.
28.40000, 26.
28.41000, 48.
28.42000, 41.
28.43000, 42.
28.44000, 40.
28.45000, 38.
28.46000, 47.
28.47000, 47.
28.48000, 52.
28.49000, 47.
28.50000, 33.
28.51000, 57.
28.52000, 47.
28.53000, 41.
28.54000, 48.
28.55000, 31.
28.56000, 38.
28.57000, 36.
28.58000, 36.
28.59000, 38.
28.60000, 43.
28.61000, 44.
28.62000, 32.
28.63000, 42.
28.64000, 42.
28.65000, 44.
28.66000, 48.
28.67000, 29.
28.68000, 40.
28.69000, 33.
28.70000, 46.
28.71000, 41.
28.72000, 38.
28.73000, 38.
28.74000, 33.
28.75000, 40.
28.76000, 46.
28.77000, 41.
28.78000, 36.
28.79000, 38.
28.80000, 53.
28.81000, 30.
28.82000, 44.
28.83000, 36.
28.84000, 39.
28.85000, 38.
28.86000, 43.
28.87000, 40.
28.88000, 43.
28.89000, 45.
28.90000, 46.
28.91000, 42.
28.92000, 45.
28.93000, 34.
28.94000, 42.
28.95000, 49.
28.96000, 44.
28.97000, 40.
28.98000, 36.
28.99000, 40.
29.00000, 56.
29.01000, 35.
29.02000, 39.
29.03000, 42.
29.04000, 36.
29.05000, 37.
29.06000, 49.
29.07000, 42.
29.08000, 40.
29.09000, 46.
29.10000, 18.
29.11000, 41.
29.12000, 42.
29.13000, 36.
29.14000, 42.
29.15000, 42.
29.16000, 39.
29.17000, 34.
29.18000, 47.
29.19000, 42.
29.20000, 47.
29.21000, 45.
29.22000, 45.
29.23000, 41.
29.24000, 44.
29.25000, 40.
29.26000, 44.
29.27000, 35.
29.28000, 35.
29.29000, 33.
29.30000, 31.
29.31000, 40.
29.32000, 33.
29.33000, 38.
29.34000, 36.
29.35000, 39.
29.36000, 41.
29.37000, 29.
29.38000, 40.
29.39000, 33.
29.40000, 42.
29.41000, 42.
29.42000, 40.
29.43000, 40.
29.44000, 36.
29.45000, 36.
29.46000, 34.
29.47000, 45.
29.48000, 43.
29.49000, 27.
29.50000, 37.
29.51000, 28.
29.52000, 32.
29.53000, 40.
29.54000, 36.
29.55000, 40.
29.56000, 34.
29.57000, 40.
29.58000, 46.
29.59000, 38.
29.60000, 37.
29.61000, 41.
29.62000, 39.
29.63000, 45.
29.64000, 37.
29.65000, 32.
29.66000, 30.
29.67000, 38.
29.68000, 32.
29.69000, 31.
29.70000, 34.
29.71000, 32.
29.72000, 41.
29.73000, 34.
29.74000, 25.
29.75000, 37.
29.76000, 34.
29.77000, 39.
29.78000, 40.
29.79000, 31.
29.80000, 32.
29.81000, 37.
29.82000, 33.
29.83000, 35.
29.84000, 35.
29.85000, 40.
29.86000, 40.
29.87000, 29.
29.88000, 38.
29.89000, 36.
29.90000, 37.
29.91000, 30.
29.92000, 39.
29.93000, 35.
29.94000, 31.
29.95000, 36.
29.96000, 38.
29.97000, 39.
29.98000, 30.
29.99000, 44.
30.00000, 49.
30.01000, 35.
30.02000, 34.
30.03000, 29.
30.04000, 39.
30.05000, 35.
30.06000, 32.
30.07000, 29.
30.08000, 36.
30.09000, 25.
30.10000, 32.
30.11000, 40.
30.12000, 30.
30.13000, 29.
30.14000, 34.
30.15000, 28.
30.16000, 33.
30.17000, 36.
30.18000, 43.
30.19000, 27.
30.20000, 25.
30.21000, 30.
30.22000, 35.
30.23000, 35.
30.24000, 36.
30.25000, 39.
30.26000, 30.
30.27000, 37.
30.28000, 41.
30.29000, 39.
30.30000, 35.
30.31000, 34.
30.32000, 36.
30.33000, 33.
30.34000, 47.
30.35000, 30.
30.36000, 36.
30.37000, 27.
30.38000, 25.
30.39000, 34.
30.40000, 37.
30.41000, 29.
30.42000, 43.
30.43000, 29.
30.44000, 36.
30.45000, 35.
30.46000, 29.
30.47000, 30.
30.48000, 27.
30.49000, 39.
30.50000, 32.
30.51000, 35.
30.52000, 36.
30.53000, 22.
30.54000, 39.
30.55000, 33.
30.56000, 29.
30.57000, 34.
30.58000, 30.
30.59000, 39.
30.60000, 18.
30.61000, 27.
30.62000, 31.
30.63000, 25.
30.64000, 28.
30.65000, 35.
30.66000, 30.
30.67000, 29.
30.68000, 37.
30.69000, 30.
30.70000, 24.
30.71000, 28.
30.72000, 36.
30.73000, 24.
30.74000, 29.
30.75000, 35.
30.76000, 31.
30.77000, 27.
30.78000, 25.
30.79000, 34.
30.80000, 23.
30.81000, 34.
30.82000, 31.
30.83000, 23.
30.84000, 38.
30.85000, 31.
30.86000, 29.
30.87000, 35.
30.88000, 25.
30.89000, 31.
30.90000, 36.
30.91000, 35.
30.92000, 30.
30.93000, 35.
30.94000, 27.
30.95000, 23.
30.96000, 35.
30.97000, 28.
30.98000, 24.
30.99000, 29.
31.00000, 21.
31.01000, 37.
31.02000, 26.
31.03000, 16.
31.04000, 38.
31.05000, 33.
31.06000, 34.
31.07000, 34.
31.08000, 35.
31.09000, 28.
31.10000, 32.
31.11000, 31.
31.12000, 32.
31.13000, 36.
31.14000, 32.
31.15000, 32.
31.16000, 20.
31.17000, 34.
31.18000, 38.
31.19000, 25.
31.20000, 30.
31.21000, 26.
31.22000, 31.
31.23000, 33.
31.24000, 35.
31.25000, 26.
31.26000, 33.
31.27000, 28.
31.28000, 25.
31.29000, 26.
31.30000, 22.
31.31000, 25.
31.32000, 38.
31.33000, 22.
31.34000, 37.
31.35000, 31.
31.36000, 28.
31.37000, 33.
31.38000, 21.
31.39000, 33.
31.40000, 20.
31.41000, 33.
31.42000, 27.
31.43000, 20.
31.44000, 24.
31.45000, 23.
31.46000, 37.
31.47000, 32.
31.48000, 31.
31.49000, 27.
31.50000, 32.
31.51000, 22.
31.52000, 30.
31.53000, 18.
31.54000, 23.
31.55000, 31.
31.56000, 26.
31.57000, 31.
31.58000, 26.
31.59000, 38.
31.60000, 33.
31.61000, 34.
31.62000, 28.
31.63000, 22.
31.64000, 23.
31.65000, 27.
31.66000, 30.
31.67000, 37.
31.68000, 35.
31.69000, 28.
31.70000, 31.
31.71000, 34.
31.72000, 27.
31.73000, 29.
31.74000, 31.
31.75000, 14.
31.76000, 38.
31.77000, 29.
31.78000, 28.
31.79000, 27.
31.80000, 30.
31.81000, 25.
31.82000, 24.
31.83000, 21.
31.84000, 36.
31.85000, 28.
31.86000, 22.
31.87000, 19.
31.88000, 25.
31.89000, 28.
31.90000, 25.
31.91000, 23.
31.92000, 30.
31.93000, 22.
31.94000, 43.
31.95000, 27.
31.96000, 27.
31.97000, 38.
31.98000, 28.
31.99000, 29.
32.00000, 42.
32.01000, 32.
32.02000, 27.
32.03000, 34.
32.04000, 35.
32.05000, 42.
32.06000, 35.
32.07000, 32.
32.08000, 39.
32.09000, 42.
32.10000, 39.
32.11000, 26.
32.12000, 31.
32.13000, 27.
32.14000, 32.
32.15000, 27.
32.16000, 41.
32.17000, 26.
32.18000, 28.
32.19000, 40.
32.20000, 31.
32.21000, 32.
32.22000, 30.
32.23000, 29.
32.24000, 24.
32.25000, 24.
32.26000, 27.
32.27000, 25.
32.28000, 31.
32.29000, 35.
32.30000, 31.
32.31000, 24.
32.32000, 21.
32.33000, 29.
32.34000, 24.
32.35000, 36.
32.36000, 23.
32.37000, 26.
32.38000, 22.
32.39000, 22.
32.40000, 16.
32.41000, 23.
32.42000, 35.
32.43000, 29.
32.44000, 24.
32.45000, 25.
32.46000, 27.
32.47000, 21.
32.48000, 22.
32.49000, 28.
32.50000, 25.
32.51000, 21.
32.52000, 23.
32.53000, 27.
32.54000, 21.
32.55000, 22.
32.56000, 25.
32.57000, 23.
32.58000, 30.
32.59000, 29.
32.60000, 17.
32.61000, 21.
32.62000, 24.
32.63000, 30.
32.64000, 24.
32.65000, 21.
32.66000, 19.
32.67000, 20.
32.68000, 21.
32.69000, 17.
32.70000, 29.
32.71000, 23.
32.72000, 24.
32.73000, 24.
32.74000, 28.
32.75000, 24.
32.76000, 28.
32.77000, 23.
32.78000, 23.
32.79000, 18.
32.80000, 19.
32.81000, 24.
32.82000, 24.
32.83000, 24.
32.84000, 31.
32.85000, 27.
32.86000, 20.
32.87000, 26.
32.88000, 22.
32.89000, 19.
32.90000, 27.
32.91000, 21.
32.92000, 22.
32.93000, 24.
32.94000, 20.
32.95000, 26.
32.96000, 28.
32.97000, 17.
32.98000, 18.
32.99000, 25.
33.00000, 24.
33.01000, 30.
33.02000, 18.
33.03000, 22.
33.04000, 21.
33.05000, 12.
33.06000, 31.
33.07000, 28.
33.08000, 20.
33.09000, 31.
33.10000, 18.
33.11000, 25.
33.12000, 28.
33.13000, 23.
33.14000, 22.
33.15000, 17.
33.16000, 26.
33.17000, 26.
33.18000, 21.
33.19000, 36.
33.20000, 18.
33.21000, 21.
33.22000, 17.
33.23000, 20.
33.24000, 31.
33.25000, 19.
33.26000, 24.
33.27000, 18.
33.28000, 23.
33.29000, 18.
33.30000, 17.
33.31000, 17.
33.32000, 19.
33.33000, 22.
33.34000, 32.
33.35000, 23.
33.36000, 22.
33.37000, 15.
33.38000, 22.
33.39000, 26.
33.40000, 17.
33.41000, 18.
33.42000, 21.
33.43000, 18.
33.44000, 18.
33.45000, 20.
33.46000, 21.
33.47000, 18.
33.48000, 21.
33.49000, 25.
33.50000, 28.
33.51000, 19.
33.52000, 22.
33.53000, 21.
33.54000, 27.
33.55000, 26.
33.56000, 21.
33.57000, 28.
33.58000, 22.
33.59000, 23.
33.60000, 26.
33.61000, 20.
33.62000, 29.
33.63000, 29.
33.64000, 13.
33.65000, 19.
33.66000, 19.
33.67000, 21.
33.68000, 20.
33.69000, 17.
33.70000, 21.
33.71000, 30.
33.72000, 12.
33.73000, 23.
33.74000, 17.
33.75000, 19.
33.76000, 28.
33.77000, 15.
33.78000, 17.
33.79000, 17.
33.80000, 20.
33.81000, 17.
33.82000, 15.
33.83000, 23.
33.84000, 28.
33.85000, 17.
33.86000, 19.
33.87000, 20.
33.88000, 16.
33.89000, 18.
33.90000, 22.
33.91000, 26.
33.92000, 15.
33.93000, 19.
33.94000, 28.
33.95000, 20.
33.96000, 22.
33.97000, 21.
33.98000, 23.
33.99000, 21.
34.00000, 25.
34.01000, 25.
34.02000, 19.
34.03000, 19.
34.04000, 27.
34.05000, 23.
34.06000, 17.
34.07000, 18.
34.08000, 13.
34.09000, 17.
34.10000, 16.
34.11000, 22.
34.12000, 23.
34.13000, 20.
34.14000, 32.
34.15000, 19.
34.16000, 28.
34.17000, 11.
34.18000, 20.
34.19000, 22.
34.20000, 22.
34.21000, 21.
34.22000, 21.
34.23000, 18.
34.24000, 16.
34.25000, 15.
34.26000, 20.
34.27000, 21.
34.28000, 22.
34.29000, 21.
34.30000, 26.
34.31000, 18.
34.32000, 17.
34.33000, 14.
34.34000, 13.
34.35000, 16.
34.36000, 18.
34.37000, 25.
34.38000, 13.
34.39000, 19.
34.40000, 19.
34.41000, 18.
34.42000, 15.
34.43000, 11.
34.44000, 16.
34.45000, 17.
34.46000, 21.
34.47000, 21.
34.48000, 25.
34.49000, 20.
34.50000, 19.
34.51000, 23.
34.52000, 12.
34.53000, 21.
34.54000, 14.
34.55000, 17.
34.56000, 33.
34.57000, 10.
34.58000, 21.
34.59000, 26.
34.60000, 19.
34.61000, 11.
34.62000, 13.
34.63000, 12.
34.64000, 20.
34.65000, 16.
34.66000, 22.
34.67000, 25.
34.68000, 19.
34.69000, 14.
34.70000, 17.
34.71000, 27.
34.72000, 23.
34.73000, 31.
34.74000, 15.
34.75000, 15.
34.76000, 27.
34.77000, 18.
34.78000, 24.
34.79000, 22.
34.80000, 18.
34.81000, 18.
34.82000, 19.
34.83000, 17.
34.84000, 13.
34.85000, 20.
34.86000, 11.
34.87000, 18.
34.88000, 11.
34.89000, 16.
34.90000, 14.
34.91000, 23.
34.92000, 19.
34.93000, 13.
34.94000, 12.
34.95000, 10.
34.96000, 12.
34.97000, 12.
34.98000, 15.
34.99000, 16.
35.00000, 15.
35.01000, 19.
35.02000, 21.
35.03000, 8.
35.04000, 15.
35.05000, 21.
35.06000, 13.
35.07000, 13.
35.08000, 13.
35.09000, 19.
35.10000, 12.
35.11000, 16.
35.12000, 16.
35.13000, 12.
35.14000, 15.
35.15000, 18.
35.16000, 24.
35.17000, 20.
35.18000, 13.
35.19000, 14.
35.20000, 10.
35.21000, 22.
35.22000, 11.
35.23000, 16.
35.24000, 18.
35.25000, 15.
35.26000, 15.
35.27000, 15.
35.28000, 17.
35.29000, 14.
35.30000, 15.
35.31000, 13.
35.32000, 14.
35.33000, 17.
35.34000, 11.
35.35000, 12.
35.36000, 18.
35.37000, 25.
35.38000, 7.
35.39000, 17.
35.40000, 17.
35.41000, 14.
35.42000, 14.
35.43000, 12.
35.44000, 14.
35.45000, 18.
35.46000, 13.
35.47000, 11.
35.48000, 22.
35.49000, 13.
35.50000, 11.
35.51000, 16.
35.52000, 14.
35.53000, 15.
35.54000, 17.
35.55000, 12.
35.56000, 21.
35.57000, 13.
35.58000, 14.
35.59000, 12.
35.60000, 16.
35.61000, 18.
35.62000, 16.
35.63000, 12.
35.64000, 14.
35.65000, 14.
35.66000, 15.
35.67000, 16.
35.68000, 18.
35.69000, 7.
35.70000, 15.
35.71000, 16.
35.72000, 16.
35.73000, 22.
35.74000, 18.
35.75000, 15.
35.76000, 14.
35.77000, 22.
35.78000, 15.
35.79000, 9.
35.80000, 17.
35.81000, 17.
35.82000, 14.
35.83000, 13.
35.84000, 11.
35.85000, 15.
35.86000, 14.
35.87000, 8.
35.88000, 24.
35.89000, 19.
35.90000, 16.
35.91000, 9.
35.92000, 22.
35.93000, 17.
35.94000, 14.
35.95000, 21.
35.96000, 14.
35.97000, 8.
35.98000, 13.
35.99000, 16.
36.00000, 19.
36.01000, 15.
36.02000, 16.
36.03000, 13.
36.04000, 19.
36.05000, 13.
36.06000, 9.
36.07000, 12.
36.08000, 11.
36.09000, 10.
36.10000, 13.
36.11000, 15.
36.12000, 8.
36.13000, 7.
36.14000, 16.
36.15000, 18.
36.16000, 8.
36.17000, 21.
36.18000, 16.
36.19000, 24.
36.20000, 13.
36.21000, 16.
36.22000, 27.
36.23000, 11.
36.24000, 20.
36.25000, 22.
36.26000, 13.
36.27000, 19.
36.28000, 13.
36.29000, 10.
36.30000, 16.
36.31000, 17.
36.32000, 17.
36.33000, 14.
36.34000, 19.
36.35000, 15.
36.36000, 15.
36.37000, 9.
36.38000, 14.
36.39000, 9.
36.40000, 21.
36.41000, 11.
36.42000, 21.
36.43000, 10.
36.44000, 16.
36.45000, 11.
36.46000, 12.
36.47000, 13.
36.48000, 6.
36.49000, 21.
36.50000, 19.
36.51000, 15.
36.52000, 11.
36.53000, 15.
36.54000, 11.
36.55000, 13.
36.56000, 9.
36.57000, 8.
36.58000, 14.
36.59000, 25.
36.60000, 8.
36.61000, 9.
36.62000, 15.
36.63000, 10.
36.64000, 7.
36.65000, 11.
36.66000, 10.
36.67000, 15.
36.68000, 9.
36.69000, 24.
36.70000, 9.
36.71000, 16.
36.72000, 12.
36.73000, 8.
36.74000, 9.
36.75000, 12.
36.76000, 14.
36.77000, 12.
36.78000, 8.
36.79000, 7.
36.80000, 10.
36.81000, 11.
36.82000, 11.
36.83000, 6.
36.84000, 10.
36.85000, 21.
36.86000, 11.
36.87000, 13.
36.88000, 8.
36.89000, 17.
36.90000, 15.
36.91000, 19.
36.92000, 10.
36.93000, 12.
36.94000, 14.
36.95000, 10.
36.96000, 14.
36.97000, 9.
36.98000, 8.
36.99000, 14.
37.00000, 15.
37.01000, 16.
37.02000, 3.
37.03000, 8.
37.04000, 12.
37.05000, 11.
37.06000, 8.
37.07000, 11.
37.08000, 12.
37.09000, 17.
37.10000, 12.
37.11000, 9.
37.12000, 14.
37.13000, 19.
37.14000, 13.
37.15000, 20.
37.16000, 10.
37.17000, 15.
37.18000, 13.
37.19000, 11.
37.20000, 11.
37.21000, 14.
37.22000, 9.
37.23000, 15.
37.24000, 14.
37.25000, 12.
37.26000, 12.
37.27000, 16.
37.28000, 14.
37.29000, 12.
37.30000, 12.
37.31000, 7.
37.32000, 8.
37.33000, 9.
37.34000, 9.
37.35000, 15.
37.36000, 13.
37.37000, 10.
37.38000, 3.
37.39000, 10.
37.40000, 13.
37.41000, 17.
37.42000, 9.
37.43000, 13.
37.44000, 10.
37.45000, 9.
37.46000, 9.
37.47000, 14.
37.48000, 6.
37.49000, 14.
37.50000, 11.
37.51000, 14.
37.52000, 10.
37.53000, 6.
37.54000, 14.
37.55000, 7.
37.56000, 6.
37.57000, 11.
37.58000, 11.
37.59000, 8.
37.60000, 13.
37.61000, 11.
37.62000, 13.
37.63000, 14.
37.64000, 12.
37.65000, 17.
37.66000, 9.
37.67000, 11.
37.68000, 10.
37.69000, 3.
37.70000, 5.
37.71000, 15.
37.72000, 9.
37.73000, 13.
37.74000, 11.
37.75000, 10.
37.76000, 7.
37.77000, 5.
37.78000, 10.
37.79000, 7.
37.80000, 16.
37.81000, 7.
37.82000, 8.
37.83000, 8.
37.84000, 9.
37.85000, 11.
37.86000, 7.
37.87000, 13.
37.88000, 15.
37.89000, 5.
37.90000, 12.
37.91000, 14.
37.92000, 10.
37.93000, 11.
37.94000, 10.
37.95000, 10.
37.96000, 9.
37.97000, 10.
37.98000, 4.
37.99000, 9.
38.00000, 7.
38.01000, 11.
38.02000, 12.
38.03000, 10.
38.04000, 14.
38.05000, 8.
38.06000, 12.
38.07000, 12.
38.08000, 7.
38.09000, 11.
38.10000, 6.
38.11000, 7.
38.12000, 7.
38.13000, 5.
38.14000, 8.
38.15000, 12.
38.16000, 6.
38.17000, 10.
38.18000, 9.
38.19000, 8.
38.20000, 14.
38.21000, 12.
38.22000, 15.
38.23000, 9.
38.24000, 10.
38.25000, 6.
38.26000, 11.
38.27000, 8.
38.28000, 12.
38.29000, 9.
38.30000, 9.
38.31000, 8.
38.32000, 10.
38.33000, 8.
38.34000, 8.
38.35000, 11.
38.36000, 8.
38.37000, 9.
38.38000, 8.
38.39000, 4.
38.40000, 8.
38.41000, 6.
38.42000, 7.
38.43000, 5.
38.44000, 9.
38.45000, 7.
38.46000, 8.
38.47000, 11.
38.48000, 11.
38.49000, 4.
38.50000, 6.
38.51000, 8.
38.52000, 9.
38.53000, 5.
38.54000, 10.
38.55000, 10.
38.56000, 8.
38.57000, 13.
38.58000, 7.
38.59000, 4.
38.60000, 3.
38.61000, 13.
38.62000, 5.
38.63000, 6.
38.64000, 8.
38.65000, 7.
38.66000, 5.
38.67000, 7.
38.68000, 10.
38.69000, 10.
38.70000, 7.
38.71000, 7.
38.72000, 7.
38.73000, 6.
38.74000, 10.
38.75000, 5.
38.76000, 8.
38.77000, 9.
38.78000, 9.
38.79000, 6.
38.80000, 9.
38.81000, 10.
38.82000, 9.
38.83000, 10.
38.84000, 3.
38.85000, 10.
38.86000, 9.
38.87000, 9.
38.88000, 11.
38.89000, 11.
38.90000, 6.
38.91000, 9.
38.92000, 3.
38.93000, 7.
38.94000, 4.
38.95000, 4.
38.96000, 5.
38.97000, 2.
38.98000, 8.
38.99000, 2.
39.00000, 6.
39.01000, 5.
39.02000, 8.
39.03000, 9.
39.04000, 2.
39.05000, 13.
39.06000, 5.
39.07000, 11.
39.08000, 6.
39.09000, 7.
39.10000, 9.
39.11000, 8.
39.12000, 5.
39.13000, 3.
39.14000, 7.
39.15000, 5.
39.16000, 5.
39.17000, 5.
39.18000, 10.
39.19000, 5.
39.20000, 6.
39.21000, 7.
39.22000, 6.
39.23000, 11.
39.24000, 8.
39.25000, 4.
39.26000, 6.
39.27000, 10.
39.28000, 6.
39.29000, 3.
39.30000, 7.
39.31000, 9.
39.32000, 5.
39.33000, 8.
39.34000, 11.
39.35000, 8.
39.36000, 7.
39.37000, 6.
39.38000, 5.
39.39000, 9.
39.40000, 8.
39.41000, 9.
39.42000, 6.
39.43000, 4.
39.44000, 9.
39.45000, 4.
39.46000, 5.
39.47000, 5.
39.48000, 8.
39.49000, 4.
39.50000, 13.
39.51000, 6.
39.52000, 4.
39.53000, 6.
39.54000, 7.
39.55000, 3.
39.56000, 5.
39.57000, 3.
39.58000, 7.
39.59000, 0.
39.60000, 5.
39.61000, 11.
39.62000, 4.
39.63000, 9.
39.64000, 3.
39.65000, 3.
39.66000, 6.
39.67000, 7.
39.68000, 4.
39.69000, 6.
39.70000, 5.
39.71000, 2.
39.72000, 5.
39.73000, 6.
39.74000, 4.
39.75000, 3.
39.76000, 5.
39.77000, 9.
39.78000, 7.
39.79000, 8.
39.80000, 7.
39.81000, 7.
39.82000, 5.
39.83000, 6.
39.84000, 10.
39.85000, 2.
39.86000, 4.
39.87000, 6.
39.88000, 2.
39.89000, 6.
39.90000, 6.
39.91000, 1.
39.92000, 6.
39.93000, 8.
39.94000, 4.
39.95000, 3.
39.96000, 2.
39.97000, 3.
39.98000, 5.
39.99000, 3.
40.00000, 5.
40.01000, 5.
40.02000, 6.
40.03000, 3.
40.04000, 5.
40.05000, 4.
40.06000, 4.
40.07000, 9.
40.08000, 6.
40.09000, 3.
40.10000, 6.
40.11000, 2.
40.12000, 3.
40.13000, 8.
40.14000, 4.
40.15000, 6.
40.16000, 6.
40.17000, 6.
40.18000, 4.
40.19000, 6.
40.20000, 4.
40.21000, 4.
40.22000, 5.
40.23000, 10.
40.24000, 6.
40.25000, 12.
40.26000, 6.
40.27000, 5.
40.28000, 3.
40.29000, 6.
40.30000, 8.
40.31000, 9.
40.32000, 3.
40.33000, 2.
40.34000, 8.
40.35000, 4.
40.36000, 11.
40.37000, 3.
40.38000, 1.
40.39000, 5.
40.40000, 0.
40.41000, 4.
40.42000, 5.
40.43000, 1.
40.44000, 5.
40.45000, 1.
40.46000, 6.
40.47000, 3.
40.48000, 2.
40.49000, 7.
40.50000, 1.
40.51000, 12.
40.52000, 3.
40.53000, 2.
40.54000, 3.
40.55000, 0.
#ENDOFDATA   : 
