#FORMAT      : EMSA/MAS Spectral Data File
#VERSION     : 1.0
#TITLE       : Spectrum 8
#DATE        : 21-AUG-2025
#TIME        : 15:12
#OWNER       : XGT7200
#NPOINTS     : 4096.
#NCOLUMNS    : 1.
#XUNITS      : keV
#YUNITS      : counts
#DATATYPE    : XY
#XPERCHAN    : 0.0100000
#OFFSET      : -0.400000
#SIGNALTYPE  : EDS
#CHOFFSET    : 40.0000
#LIVETIME    : 30.000000
#REALTIME    : 39.635867
#BEAMKV      : 50.0000
#PROBECUR    : 729000.
#MAGCAM      : 100.000
#XTILTSTGE   : 0.0
#AZIMANGLE   : 0.0
#ELEVANGLE   : 45.0
#XPOSITION mm: 0.0000
#YPOSITION mm: 0.0000
#ZPOSITION mm: 0.0000
##OXINSTPT   : 4
##OXINSTSTROB: 72.00
#SPECTRUM    : Spectral Data Starts Here
-0.40000, 0.
-0.39000, 0.
-0.38000, 0.
-0.37000, 0.
-0.36000, 0.
-0.35000, 0.
-0.34000, 0.
-0.33000, 0.
-0.32000, 0.
-0.31000, 0.
-0.30000, 0.
-0.29000, 0.
-0.28000, 0.
-0.27000, 0.
-0.26000, 0.
-0.25000, 0.
-0.24000, 0.
-0.23000, 0.
-0.22000, 0.
-0.21000, 0.
-0.20000, 0.
-0.19000, 0.
-0.18000, 0.
-0.17000, 0.
-0.16000, 0.
-0.15000, 0.
-0.14000, 0.
-0.13000, 0.
-0.12000, 0.
-0.11000, 0.
-0.10000, 0.
-0.09000, 0.
-0.08000, 0.
-0.07000, 0.
-0.06000, 0.
-0.05000, 0.
-0.04000, 0.
-0.03000, 0.
-0.02000, 0.
-0.01000, 0.
0.00000, 0.
0.01000, 0.
0.02000, 0.
0.03000, 0.
0.04000, 0.
0.05000, 0.
0.06000, 0.
0.07000, 0.
0.08000, 0.
0.09000, 0.
0.10000, 0.
0.11000, 0.
0.12000, 0.
0.13000, 0.
0.14000, 0.
0.15000, 0.
0.16000, 0.
0.17000, 0.
0.18000, 0.
0.19000, 0.
0.20000, 0.
0.21000, 0.
0.22000, 0.
0.23000, 0.
0.24000, 0.
0.25000, 0.
0.26000, 0.
0.27000, 0.
0.28000, 0.
0.29000, 0.
0.30000, 0.
0.31000, 0.
0.32000, 1.
0.33000, 0.
0.34000, 3.
0.35000, 3.
0.36000, 4.
0.37000, 8.
0.38000, 10.
0.39000, 15.
0.40000, 35.
0.41000, 38.
0.42000, 40.
0.43000, 49.
0.44000, 48.
0.45000, 47.
0.46000, 45.
0.47000, 37.
0.48000, 43.
0.49000, 54.
0.50000, 54.
0.51000, 65.
0.52000, 54.
0.53000, 60.
0.54000, 59.
0.55000, 83.
0.56000, 67.
0.57000, 79.
0.58000, 52.
0.59000, 79.
0.60000, 55.
0.61000, 55.
0.62000, 62.
0.63000, 54.
0.64000, 53.
0.65000, 54.
0.66000, 46.
0.67000, 42.
0.68000, 43.
0.69000, 38.
0.70000, 49.
0.71000, 57.
0.72000, 53.
0.73000, 51.
0.74000, 45.
0.75000, 38.
0.76000, 40.
0.77000, 44.
0.78000, 45.
0.79000, 48.
0.80000, 47.
0.81000, 56.
0.82000, 39.
0.83000, 44.
0.84000, 37.
0.85000, 52.
0.86000, 41.
0.87000, 46.
0.88000, 46.
0.89000, 33.
0.90000, 26.
0.91000, 43.
0.92000, 41.
0.93000, 43.
0.94000, 53.
0.95000, 42.
0.96000, 49.
0.97000, 44.
0.98000, 40.
0.99000, 57.
1.00000, 55.
1.01000, 39.
1.02000, 57.
1.03000, 58.
1.04000, 50.
1.05000, 65.
1.06000, 53.
1.07000, 49.
1.08000, 46.
1.09000, 66.
1.10000, 57.
1.11000, 44.
1.12000, 44.
1.13000, 50.
1.14000, 52.
1.15000, 48.
1.16000, 40.
1.17000, 35.
1.18000, 33.
1.19000, 47.
1.20000, 53.
1.21000, 61.
1.22000, 59.
1.23000, 81.
1.24000, 72.
1.25000, 72.
1.26000, 85.
1.27000, 67.
1.28000, 68.
1.29000, 76.
1.30000, 53.
1.31000, 43.
1.32000, 53.
1.33000, 49.
1.34000, 35.
1.35000, 54.
1.36000, 44.
1.37000, 37.
1.38000, 58.
1.39000, 59.
1.40000, 55.
1.41000, 97.
1.42000, 111.
1.43000, 154.
1.44000, 217.
1.45000, 264.
1.46000, 347.
1.47000, 360.
1.48000, 401.
1.49000, 460.
1.50000, 393.
1.51000, 364.
1.52000, 321.
1.53000, 294.
1.54000, 241.
1.55000, 206.
1.56000, 148.
1.57000, 123.
1.58000, 107.
1.59000, 97.
1.60000, 76.
1.61000, 93.
1.62000, 104.
1.63000, 157.
1.64000, 253.
1.65000, 377.
1.66000, 639.
1.67000, 962.
1.68000, 1318.
1.69000, 1886.
1.70000, 2443.
1.71000, 3129.
1.72000, 3771.
1.73000, 4149.
1.74000, 4440.
1.75000, 4463.
1.76000, 4296.
1.77000, 3824.
1.78000, 3321.
1.79000, 2622.
1.80000, 2147.
1.81000, 1600.
1.82000, 1057.
1.83000, 832.
1.84000, 582.
1.85000, 420.
1.86000, 327.
1.87000, 228.
1.88000, 184.
1.89000, 183.
1.90000, 142.
1.91000, 133.
1.92000, 124.
1.93000, 129.
1.94000, 133.
1.95000, 114.
1.96000, 160.
1.97000, 147.
1.98000, 108.
1.99000, 126.
2.00000, 80.
2.01000, 115.
2.02000, 86.
2.03000, 67.
2.04000, 63.
2.05000, 49.
2.06000, 73.
2.07000, 55.
2.08000, 42.
2.09000, 43.
2.10000, 36.
2.11000, 52.
2.12000, 59.
2.13000, 46.
2.14000, 43.
2.15000, 45.
2.16000, 53.
2.17000, 52.
2.18000, 81.
2.19000, 98.
2.20000, 127.
2.21000, 179.
2.22000, 258.
2.23000, 380.
2.24000, 493.
2.25000, 653.
2.26000, 847.
2.27000, 1097.
2.28000, 1303.
2.29000, 1404.
2.30000, 1504.
2.31000, 1591.
2.32000, 1540.
2.33000, 1399.
2.34000, 1315.
2.35000, 1054.
2.36000, 892.
2.37000, 685.
2.38000, 515.
2.39000, 376.
2.40000, 314.
2.41000, 251.
2.42000, 197.
2.43000, 160.
2.44000, 173.
2.45000, 154.
2.46000, 177.
2.47000, 166.
2.48000, 129.
2.49000, 141.
2.50000, 118.
2.51000, 136.
2.52000, 106.
2.53000, 80.
2.54000, 102.
2.55000, 81.
2.56000, 98.
2.57000, 90.
2.58000, 105.
2.59000, 117.
2.60000, 172.
2.61000, 136.
2.62000, 193.
2.63000, 241.
2.64000, 272.
2.65000, 337.
2.66000, 364.
2.67000, 397.
2.68000, 484.
2.69000, 498.
2.70000, 474.
2.71000, 520.
2.72000, 431.
2.73000, 443.
2.74000, 404.
2.75000, 394.
2.76000, 332.
2.77000, 336.
2.78000, 341.
2.79000, 328.
2.80000, 356.
2.81000, 423.
2.82000, 371.
2.83000, 404.
2.84000, 436.
2.85000, 431.
2.86000, 424.
2.87000, 378.
2.88000, 376.
2.89000, 310.
2.90000, 265.
2.91000, 247.
2.92000, 195.
2.93000, 157.
2.94000, 162.
2.95000, 120.
2.96000, 129.
2.97000, 99.
2.98000, 110.
2.99000, 94.
3.00000, 80.
3.01000, 78.
3.02000, 73.
3.03000, 87.
3.04000, 54.
3.05000, 56.
3.06000, 57.
3.07000, 42.
3.08000, 55.
3.09000, 47.
3.10000, 38.
3.11000, 50.
3.12000, 38.
3.13000, 48.
3.14000, 44.
3.15000, 49.
3.16000, 50.
3.17000, 43.
3.18000, 43.
3.19000, 61.
3.20000, 78.
3.21000, 85.
3.22000, 110.
3.23000, 123.
3.24000, 171.
3.25000, 214.
3.26000, 238.
3.27000, 286.
3.28000, 353.
3.29000, 414.
3.30000, 439.
3.31000, 440.
3.32000, 471.
3.33000, 456.
3.34000, 446.
3.35000, 391.
3.36000, 336.
3.37000, 312.
3.38000, 216.
3.39000, 185.
3.40000, 149.
3.41000, 118.
3.42000, 87.
3.43000, 67.
3.44000, 53.
3.45000, 58.
3.46000, 46.
3.47000, 45.
3.48000, 64.
3.49000, 67.
3.50000, 79.
3.51000, 89.
3.52000, 114.
3.53000, 147.
3.54000, 187.
3.55000, 270.
3.56000, 364.
3.57000, 493.
3.58000, 717.
3.59000, 1061.
3.60000, 1380.
3.61000, 2021.
3.62000, 2614.
3.63000, 3368.
3.64000, 4285.
3.65000, 5022.
3.66000, 5827.
3.67000, 6528.
3.68000, 7267.
3.69000, 7320.
3.70000, 7371.
3.71000, 6953.
3.72000, 6506.
3.73000, 5758.
3.74000, 4994.
3.75000, 4091.
3.76000, 3301.
3.77000, 2652.
3.78000, 1785.
3.79000, 1331.
3.80000, 887.
3.81000, 594.
3.82000, 396.
3.83000, 275.
3.84000, 192.
3.85000, 143.
3.86000, 126.
3.87000, 113.
3.88000, 121.
3.89000, 122.
3.90000, 149.
3.91000, 200.
3.92000, 249.
3.93000, 321.
3.94000, 391.
3.95000, 521.
3.96000, 602.
3.97000, 778.
3.98000, 801.
3.99000, 998.
4.00000, 1074.
4.01000, 1116.
4.02000, 1080.
4.03000, 1057.
4.04000, 965.
4.05000, 899.
4.06000, 778.
4.07000, 638.
4.08000, 507.
4.09000, 442.
4.10000, 363.
4.11000, 257.
4.12000, 188.
4.13000, 132.
4.14000, 96.
4.15000, 70.
4.16000, 46.
4.17000, 47.
4.18000, 28.
4.19000, 25.
4.20000, 33.
4.21000, 23.
4.22000, 28.
4.23000, 36.
4.24000, 29.
4.25000, 36.
4.26000, 29.
4.27000, 39.
4.28000, 33.
4.29000, 21.
4.30000, 33.
4.31000, 31.
4.32000, 30.
4.33000, 27.
4.34000, 26.
4.35000, 31.
4.36000, 45.
4.37000, 41.
4.38000, 61.
4.39000, 66.
4.40000, 83.
4.41000, 108.
4.42000, 129.
4.43000, 178.
4.44000, 195.
4.45000, 274.
4.46000, 283.
4.47000, 320.
4.48000, 361.
4.49000, 387.
4.50000, 427.
4.51000, 412.
4.52000, 429.
4.53000, 400.
4.54000, 392.
4.55000, 342.
4.56000, 331.
4.57000, 249.
4.58000, 208.
4.59000, 203.
4.60000, 162.
4.61000, 126.
4.62000, 115.
4.63000, 92.
4.64000, 85.
4.65000, 82.
4.66000, 91.
4.67000, 87.
4.68000, 74.
4.69000, 57.
4.70000, 58.
4.71000, 54.
4.72000, 61.
4.73000, 49.
4.74000, 41.
4.75000, 52.
4.76000, 42.
4.77000, 57.
4.78000, 56.
4.79000, 42.
4.80000, 68.
4.81000, 62.
4.82000, 69.
4.83000, 76.
4.84000, 65.
4.85000, 65.
4.86000, 68.
4.87000, 93.
4.88000, 83.
4.89000, 94.
4.90000, 97.
4.91000, 101.
4.92000, 130.
4.93000, 110.
4.94000, 105.
4.95000, 120.
4.96000, 90.
4.97000, 104.
4.98000, 97.
4.99000, 97.
5.00000, 77.
5.01000, 76.
5.02000, 69.
5.03000, 58.
5.04000, 55.
5.05000, 49.
5.06000, 38.
5.07000, 47.
5.08000, 40.
5.09000, 39.
5.10000, 46.
5.11000, 54.
5.12000, 56.
5.13000, 52.
5.14000, 51.
5.15000, 36.
5.16000, 50.
5.17000, 62.
5.18000, 58.
5.19000, 46.
5.20000, 44.
5.21000, 47.
5.22000, 51.
5.23000, 52.
5.24000, 56.
5.25000, 50.
5.26000, 41.
5.27000, 62.
5.28000, 43.
5.29000, 52.
5.30000, 64.
5.31000, 40.
5.32000, 59.
5.33000, 64.
5.34000, 52.
5.35000, 74.
5.36000, 60.
5.37000, 63.
5.38000, 87.
5.39000, 57.
5.40000, 68.
5.41000, 64.
5.42000, 65.
5.43000, 64.
5.44000, 78.
5.45000, 72.
5.46000, 65.
5.47000, 71.
5.48000, 60.
5.49000, 50.
5.50000, 65.
5.51000, 70.
5.52000, 61.
5.53000, 59.
5.54000, 74.
5.55000, 69.
5.56000, 50.
5.57000, 53.
5.58000, 68.
5.59000, 63.
5.60000, 60.
5.61000, 74.
5.62000, 63.
5.63000, 47.
5.64000, 56.
5.65000, 45.
5.66000, 47.
5.67000, 64.
5.68000, 57.
5.69000, 48.
5.70000, 48.
5.71000, 53.
5.72000, 60.
5.73000, 62.
5.74000, 49.
5.75000, 67.
5.76000, 58.
5.77000, 81.
5.78000, 84.
5.79000, 81.
5.80000, 117.
5.81000, 120.
5.82000, 121.
5.83000, 183.
5.84000, 165.
5.85000, 188.
5.86000, 227.
5.87000, 233.
5.88000, 257.
5.89000, 242.
5.90000, 232.
5.91000, 224.
5.92000, 203.
5.93000, 221.
5.94000, 227.
5.95000, 171.
5.96000, 142.
5.97000, 143.
5.98000, 130.
5.99000, 125.
6.00000, 100.
6.01000, 96.
6.02000, 80.
6.03000, 76.
6.04000, 91.
6.05000, 95.
6.06000, 90.
6.07000, 76.
6.08000, 61.
6.09000, 78.
6.10000, 76.
6.11000, 85.
6.12000, 84.
6.13000, 86.
6.14000, 95.
6.15000, 90.
6.16000, 101.
6.17000, 106.
6.18000, 134.
6.19000, 152.
6.20000, 156.
6.21000, 216.
6.22000, 264.
6.23000, 359.
6.24000, 478.
6.25000, 654.
6.26000, 861.
6.27000, 1251.
6.28000, 1648.
6.29000, 2136.
6.30000, 2786.
6.31000, 3538.
6.32000, 4389.
6.33000, 5383.
6.34000, 6333.
6.35000, 7250.
6.36000, 8158.
6.37000, 8873.
6.38000, 9427.
6.39000, 10055.
6.40000, 10110.
6.41000, 9989.
6.42000, 9267.
6.43000, 8885.
6.44000, 7917.
6.45000, 7100.
6.46000, 6062.
6.47000, 5301.
6.48000, 4348.
6.49000, 3442.
6.50000, 2706.
6.51000, 2054.
6.52000, 1483.
6.53000, 1092.
6.54000, 791.
6.55000, 610.
6.56000, 421.
6.57000, 337.
6.58000, 260.
6.59000, 169.
6.60000, 150.
6.61000, 127.
6.62000, 120.
6.63000, 100.
6.64000, 109.
6.65000, 93.
6.66000, 83.
6.67000, 104.
6.68000, 98.
6.69000, 98.
6.70000, 86.
6.71000, 81.
6.72000, 88.
6.73000, 96.
6.74000, 102.
6.75000, 105.
6.76000, 88.
6.77000, 100.
6.78000, 109.
6.79000, 94.
6.80000, 82.
6.81000, 92.
6.82000, 111.
6.83000, 97.
6.84000, 102.
6.85000, 135.
6.86000, 141.
6.87000, 157.
6.88000, 147.
6.89000, 183.
6.90000, 216.
6.91000, 283.
6.92000, 300.
6.93000, 374.
6.94000, 487.
6.95000, 583.
6.96000, 713.
6.97000, 778.
6.98000, 907.
6.99000, 1076.
7.00000, 1168.
7.01000, 1401.
7.02000, 1428.
7.03000, 1475.
7.04000, 1664.
7.05000, 1654.
7.06000, 1610.
7.07000, 1558.
7.08000, 1485.
7.09000, 1408.
7.10000, 1237.
7.11000, 1124.
7.12000, 941.
7.13000, 914.
7.14000, 709.
7.15000, 596.
7.16000, 484.
7.17000, 378.
7.18000, 292.
7.19000, 249.
7.20000, 174.
7.21000, 179.
7.22000, 119.
7.23000, 112.
7.24000, 102.
7.25000, 73.
7.26000, 86.
7.27000, 79.
7.28000, 82.
7.29000, 78.
7.30000, 92.
7.31000, 68.
7.32000, 94.
7.33000, 82.
7.34000, 74.
7.35000, 115.
7.36000, 77.
7.37000, 71.
7.38000, 90.
7.39000, 88.
7.40000, 66.
7.41000, 91.
7.42000, 86.
7.43000, 84.
7.44000, 100.
7.45000, 85.
7.46000, 96.
7.47000, 99.
7.48000, 79.
7.49000, 89.
7.50000, 79.
7.51000, 78.
7.52000, 64.
7.53000, 70.
7.54000, 83.
7.55000, 74.
7.56000, 72.
7.57000, 66.
7.58000, 65.
7.59000, 72.
7.60000, 74.
7.61000, 80.
7.62000, 78.
7.63000, 81.
7.64000, 77.
7.65000, 66.
7.66000, 78.
7.67000, 80.
7.68000, 81.
7.69000, 79.
7.70000, 72.
7.71000, 83.
7.72000, 81.
7.73000, 86.
7.74000, 81.
7.75000, 84.
7.76000, 76.
7.77000, 93.
7.78000, 88.
7.79000, 81.
7.80000, 102.
7.81000, 77.
7.82000, 103.
7.83000, 91.
7.84000, 98.
7.85000, 76.
7.86000, 90.
7.87000, 102.
7.88000, 83.
7.89000, 100.
7.90000, 99.
7.91000, 109.
7.92000, 109.
7.93000, 103.
7.94000, 103.
7.95000, 112.
7.96000, 109.
7.97000, 110.
7.98000, 110.
7.99000, 146.
8.00000, 114.
8.01000, 112.
8.02000, 114.
8.03000, 114.
8.04000, 113.
8.05000, 143.
8.06000, 126.
8.07000, 130.
8.08000, 137.
8.09000, 155.
8.10000, 143.
8.11000, 145.
8.12000, 131.
8.13000, 132.
8.14000, 124.
8.15000, 116.
8.16000, 150.
8.17000, 121.
8.18000, 126.
8.19000, 124.
8.20000, 122.
8.21000, 108.
8.22000, 131.
8.23000, 133.
8.24000, 112.
8.25000, 105.
8.26000, 103.
8.27000, 132.
8.28000, 117.
8.29000, 144.
8.30000, 100.
8.31000, 107.
8.32000, 116.
8.33000, 104.
8.34000, 119.
8.35000, 124.
8.36000, 123.
8.37000, 115.
8.38000, 118.
8.39000, 133.
8.40000, 120.
8.41000, 128.
8.42000, 103.
8.43000, 121.
8.44000, 111.
8.45000, 114.
8.46000, 123.
8.47000, 144.
8.48000, 165.
8.49000, 154.
8.50000, 172.
8.51000, 192.
8.52000, 206.
8.53000, 214.
8.54000, 247.
8.55000, 232.
8.56000, 268.
8.57000, 295.
8.58000, 324.
8.59000, 346.
8.60000, 324.
8.61000, 330.
8.62000, 355.
8.63000, 320.
8.64000, 357.
8.65000, 306.
8.66000, 335.
8.67000, 319.
8.68000, 297.
8.69000, 250.
8.70000, 246.
8.71000, 262.
8.72000, 194.
8.73000, 189.
8.74000, 198.
8.75000, 173.
8.76000, 163.
8.77000, 165.
8.78000, 150.
8.79000, 133.
8.80000, 126.
8.81000, 124.
8.82000, 146.
8.83000, 132.
8.84000, 139.
8.85000, 116.
8.86000, 123.
8.87000, 110.
8.88000, 120.
8.89000, 132.
8.90000, 132.
8.91000, 140.
8.92000, 132.
8.93000, 113.
8.94000, 125.
8.95000, 145.
8.96000, 114.
8.97000, 130.
8.98000, 132.
8.99000, 125.
9.00000, 120.
9.01000, 113.
9.02000, 122.
9.03000, 113.
9.04000, 118.
9.05000, 127.
9.06000, 116.
9.07000, 152.
9.08000, 112.
9.09000, 106.
9.10000, 133.
9.11000, 117.
9.12000, 115.
9.13000, 133.
9.14000, 133.
9.15000, 117.
9.16000, 131.
9.17000, 139.
9.18000, 137.
9.19000, 129.
9.20000, 139.
9.21000, 121.
9.22000, 127.
9.23000, 122.
9.24000, 132.
9.25000, 150.
9.26000, 146.
9.27000, 133.
9.28000, 148.
9.29000, 141.
9.30000, 152.
9.31000, 119.
9.32000, 153.
9.33000, 143.
9.34000, 127.
9.35000, 114.
9.36000, 136.
9.37000, 142.
9.38000, 154.
9.39000, 150.
9.40000, 143.
9.41000, 154.
9.42000, 144.
9.43000, 141.
9.44000, 121.
9.45000, 164.
9.46000, 143.
9.47000, 144.
9.48000, 192.
9.49000, 183.
9.50000, 170.
9.51000, 163.
9.52000, 188.
9.53000, 158.
9.54000, 168.
9.55000, 187.
9.56000, 172.
9.57000, 154.
9.58000, 183.
9.59000, 199.
9.60000, 182.
9.61000, 180.
9.62000, 136.
9.63000, 149.
9.64000, 165.
9.65000, 157.
9.66000, 131.
9.67000, 155.
9.68000, 140.
9.69000, 144.
9.70000, 148.
9.71000, 129.
9.72000, 135.
9.73000, 154.
9.74000, 146.
9.75000, 154.
9.76000, 128.
9.77000, 126.
9.78000, 153.
9.79000, 134.
9.80000, 127.
9.81000, 135.
9.82000, 169.
9.83000, 127.
9.84000, 129.
9.85000, 151.
9.86000, 127.
9.87000, 147.
9.88000, 146.
9.89000, 142.
9.90000, 158.
9.91000, 167.
9.92000, 146.
9.93000, 142.
9.94000, 143.
9.95000, 135.
9.96000, 155.
9.97000, 155.
9.98000, 174.
9.99000, 154.
10.00000, 154.
10.01000, 143.
10.02000, 145.
10.03000, 150.
10.04000, 140.
10.05000, 165.
10.06000, 150.
10.07000, 119.
10.08000, 148.
10.09000, 171.
10.10000, 153.
10.11000, 159.
10.12000, 177.
10.13000, 157.
10.14000, 178.
10.15000, 162.
10.16000, 144.
10.17000, 163.
10.18000, 132.
10.19000, 161.
10.20000, 140.
10.21000, 162.
10.22000, 137.
10.23000, 155.
10.24000, 154.
10.25000, 147.
10.26000, 142.
10.27000, 145.
10.28000, 148.
10.29000, 151.
10.30000, 143.
10.31000, 155.
10.32000, 143.
10.33000, 151.
10.34000, 151.
10.35000, 158.
10.36000, 164.
10.37000, 154.
10.38000, 149.
10.39000, 154.
10.40000, 165.
10.41000, 172.
10.42000, 179.
10.43000, 157.
10.44000, 172.
10.45000, 193.
10.46000, 152.
10.47000, 200.
10.48000, 185.
10.49000, 199.
10.50000, 186.
10.51000, 198.
10.52000, 192.
10.53000, 216.
10.54000, 202.
10.55000, 191.
10.56000, 216.
10.57000, 175.
10.58000, 206.
10.59000, 189.
10.60000, 189.
10.61000, 194.
10.62000, 157.
10.63000, 161.
10.64000, 180.
10.65000, 164.
10.66000, 142.
10.67000, 156.
10.68000, 165.
10.69000, 141.
10.70000, 169.
10.71000, 159.
10.72000, 144.
10.73000, 146.
10.74000, 153.
10.75000, 170.
10.76000, 155.
10.77000, 176.
10.78000, 142.
10.79000, 136.
10.80000, 178.
10.81000, 165.
10.82000, 178.
10.83000, 164.
10.84000, 134.
10.85000, 162.
10.86000, 155.
10.87000, 143.
10.88000, 167.
10.89000, 173.
10.90000, 155.
10.91000, 147.
10.92000, 153.
10.93000, 165.
10.94000, 156.
10.95000, 160.
10.96000, 142.
10.97000, 150.
10.98000, 159.
10.99000, 173.
11.00000, 155.
11.01000, 158.
11.02000, 152.
11.03000, 145.
11.04000, 149.
11.05000, 155.
11.06000, 169.
11.07000, 154.
11.08000, 132.
11.09000, 160.
11.10000, 177.
11.11000, 150.
11.12000, 148.
11.13000, 145.
11.14000, 176.
11.15000, 163.
11.16000, 143.
11.17000, 161.
11.18000, 152.
11.19000, 153.
11.20000, 155.
11.21000, 149.
11.22000, 135.
11.23000, 174.
11.24000, 174.
11.25000, 205.
11.26000, 163.
11.27000, 154.
11.28000, 164.
11.29000, 170.
11.30000, 148.
11.31000, 165.
11.32000, 163.
11.33000, 157.
11.34000, 152.
11.35000, 180.
11.36000, 162.
11.37000, 165.
11.38000, 141.
11.39000, 155.
11.40000, 181.
11.41000, 174.
11.42000, 166.
11.43000, 179.
11.44000, 155.
11.45000, 159.
11.46000, 145.
11.47000, 186.
11.48000, 162.
11.49000, 159.
11.50000, 163.
11.51000, 152.
11.52000, 148.
11.53000, 156.
11.54000, 176.
11.55000, 157.
11.56000, 183.
11.57000, 174.
11.58000, 144.
11.59000, 161.
11.60000, 169.
11.61000, 167.
11.62000, 163.
11.63000, 167.
11.64000, 154.
11.65000, 168.
11.66000, 142.
11.67000, 162.
11.68000, 183.
11.69000, 171.
11.70000, 165.
11.71000, 146.
11.72000, 180.
11.73000, 173.
11.74000, 179.
11.75000, 171.
11.76000, 170.
11.77000, 159.
11.78000, 167.
11.79000, 175.
11.80000, 163.
11.81000, 167.
11.82000, 195.
11.83000, 156.
11.84000, 171.
11.85000, 198.
11.86000, 151.
11.87000, 181.
11.88000, 159.
11.89000, 161.
11.90000, 189.
11.91000, 168.
11.92000, 198.
11.93000, 186.
11.94000, 160.
11.95000, 201.
11.96000, 156.
11.97000, 164.
11.98000, 171.
11.99000, 180.
12.00000, 162.
12.01000, 185.
12.02000, 167.
12.03000, 169.
12.04000, 196.
12.05000, 160.
12.06000, 154.
12.07000, 162.
12.08000, 160.
12.09000, 169.
12.10000, 171.
12.11000, 161.
12.12000, 177.
12.13000, 177.
12.14000, 176.
12.15000, 181.
12.16000, 182.
12.17000, 183.
12.18000, 170.
12.19000, 152.
12.20000, 177.
12.21000, 164.
12.22000, 161.
12.23000, 156.
12.24000, 179.
12.25000, 180.
12.26000, 173.
12.27000, 164.
12.28000, 180.
12.29000, 199.
12.30000, 175.
12.31000, 162.
12.32000, 173.
12.33000, 171.
12.34000, 190.
12.35000, 167.
12.36000, 156.
12.37000, 169.
12.38000, 180.
12.39000, 195.
12.40000, 178.
12.41000, 171.
12.42000, 172.
12.43000, 189.
12.44000, 191.
12.45000, 174.
12.46000, 181.
12.47000, 196.
12.48000, 184.
12.49000, 185.
12.50000, 173.
12.51000, 192.
12.52000, 215.
12.53000, 187.
12.54000, 192.
12.55000, 194.
12.56000, 199.
12.57000, 169.
12.58000, 182.
12.59000, 191.
12.60000, 198.
12.61000, 208.
12.62000, 180.
12.63000, 194.
12.64000, 197.
12.65000, 209.
12.66000, 178.
12.67000, 199.
12.68000, 185.
12.69000, 196.
12.70000, 213.
12.71000, 196.
12.72000, 183.
12.73000, 188.
12.74000, 207.
12.75000, 220.
12.76000, 177.
12.77000, 182.
12.78000, 179.
12.79000, 179.
12.80000, 201.
12.81000, 206.
12.82000, 177.
12.83000, 204.
12.84000, 209.
12.85000, 185.
12.86000, 184.
12.87000, 174.
12.88000, 186.
12.89000, 180.
12.90000, 197.
12.91000, 177.
12.92000, 186.
12.93000, 142.
12.94000, 155.
12.95000, 174.
12.96000, 169.
12.97000, 175.
12.98000, 175.
12.99000, 172.
13.00000, 192.
13.01000, 186.
13.02000, 158.
13.03000, 181.
13.04000, 181.
13.05000, 183.
13.06000, 182.
13.07000, 169.
13.08000, 199.
13.09000, 183.
13.10000, 170.
13.11000, 168.
13.12000, 162.
13.13000, 153.
13.14000, 173.
13.15000, 170.
13.16000, 170.
13.17000, 173.
13.18000, 172.
13.19000, 198.
13.20000, 161.
13.21000, 169.
13.22000, 195.
13.23000, 186.
13.24000, 179.
13.25000, 179.
13.26000, 186.
13.27000, 210.
13.28000, 195.
13.29000, 180.
13.30000, 206.
13.31000, 231.
13.32000, 216.
13.33000, 218.
13.34000, 201.
13.35000, 212.
13.36000, 207.
13.37000, 225.
13.38000, 218.
13.39000, 191.
13.40000, 189.
13.41000, 201.
13.42000, 198.
13.43000, 207.
13.44000, 188.
13.45000, 213.
13.46000, 213.
13.47000, 197.
13.48000, 216.
13.49000, 208.
13.50000, 182.
13.51000, 196.
13.52000, 197.
13.53000, 195.
13.54000, 191.
13.55000, 180.
13.56000, 188.
13.57000, 190.
13.58000, 151.
13.59000, 184.
13.60000, 174.
13.61000, 173.
13.62000, 165.
13.63000, 191.
13.64000, 191.
13.65000, 187.
13.66000, 168.
13.67000, 190.
13.68000, 165.
13.69000, 173.
13.70000, 173.
13.71000, 185.
13.72000, 199.
13.73000, 192.
13.74000, 191.
13.75000, 156.
13.76000, 166.
13.77000, 160.
13.78000, 174.
13.79000, 179.
13.80000, 179.
13.81000, 162.
13.82000, 182.
13.83000, 182.
13.84000, 176.
13.85000, 156.
13.86000, 179.
13.87000, 173.
13.88000, 150.
13.89000, 191.
13.90000, 193.
13.91000, 202.
13.92000, 189.
13.93000, 226.
13.94000, 225.
13.95000, 206.
13.96000, 233.
13.97000, 281.
13.98000, 282.
13.99000, 290.
14.00000, 295.
14.01000, 293.
14.02000, 341.
14.03000, 341.
14.04000, 386.
14.05000, 396.
14.06000, 396.
14.07000, 455.
14.08000, 446.
14.09000, 414.
14.10000, 469.
14.11000, 423.
14.12000, 461.
14.13000, 430.
14.14000, 457.
14.15000, 467.
14.16000, 446.
14.17000, 457.
14.18000, 415.
14.19000, 384.
14.20000, 357.
14.21000, 361.
14.22000, 382.
14.23000, 357.
14.24000, 291.
14.25000, 269.
14.26000, 262.
14.27000, 246.
14.28000, 221.
14.29000, 216.
14.30000, 211.
14.31000, 211.
14.32000, 215.
14.33000, 196.
14.34000, 190.
14.35000, 170.
14.36000, 164.
14.37000, 156.
14.38000, 179.
14.39000, 183.
14.40000, 165.
14.41000, 168.
14.42000, 156.
14.43000, 181.
14.44000, 165.
14.45000, 184.
14.46000, 155.
14.47000, 193.
14.48000, 183.
14.49000, 183.
14.50000, 170.
14.51000, 174.
14.52000, 165.
14.53000, 177.
14.54000, 191.
14.55000, 163.
14.56000, 146.
14.57000, 200.
14.58000, 190.
14.59000, 196.
14.60000, 177.
14.61000, 167.
14.62000, 165.
14.63000, 173.
14.64000, 165.
14.65000, 202.
14.66000, 166.
14.67000, 196.
14.68000, 196.
14.69000, 172.
14.70000, 165.
14.71000, 171.
14.72000, 168.
14.73000, 151.
14.74000, 165.
14.75000, 176.
14.76000, 206.
14.77000, 190.
14.78000, 167.
14.79000, 169.
14.80000, 176.
14.81000, 198.
14.82000, 174.
14.83000, 168.
14.84000, 183.
14.85000, 183.
14.86000, 190.
14.87000, 191.
14.88000, 182.
14.89000, 204.
14.90000, 191.
14.91000, 204.
14.92000, 208.
14.93000, 210.
14.94000, 180.
14.95000, 198.
14.96000, 196.
14.97000, 225.
14.98000, 208.
14.99000, 178.
15.00000, 190.
15.01000, 197.
15.02000, 172.
15.03000, 176.
15.04000, 186.
15.05000, 190.
15.06000, 172.
15.07000, 207.
15.08000, 192.
15.09000, 183.
15.10000, 150.
15.11000, 193.
15.12000, 179.
15.13000, 173.
15.14000, 205.
15.15000, 150.
15.16000, 175.
15.17000, 172.
15.18000, 183.
15.19000, 171.
15.20000, 174.
15.21000, 172.
15.22000, 178.
15.23000, 169.
15.24000, 169.
15.25000, 173.
15.26000, 177.
15.27000, 181.
15.28000, 189.
15.29000, 176.
15.30000, 172.
15.31000, 172.
15.32000, 165.
15.33000, 159.
15.34000, 176.
15.35000, 142.
15.36000, 169.
15.37000, 167.
15.38000, 164.
15.39000, 159.
15.40000, 144.
15.41000, 181.
15.42000, 169.
15.43000, 178.
15.44000, 173.
15.45000, 184.
15.46000, 171.
15.47000, 167.
15.48000, 155.
15.49000, 153.
15.50000, 177.
15.51000, 200.
15.52000, 172.
15.53000, 174.
15.54000, 201.
15.55000, 186.
15.56000, 183.
15.57000, 221.
15.58000, 198.
15.59000, 174.
15.60000, 208.
15.61000, 228.
15.62000, 216.
15.63000, 199.
15.64000, 226.
15.65000, 255.
15.66000, 240.
15.67000, 273.
15.68000, 268.
15.69000, 276.
15.70000, 273.
15.71000, 299.
15.72000, 312.
15.73000, 283.
15.74000, 283.
15.75000, 308.
15.76000, 311.
15.77000, 289.
15.78000, 275.
15.79000, 279.
15.80000, 277.
15.81000, 284.
15.82000, 274.
15.83000, 264.
15.84000, 237.
15.85000, 242.
15.86000, 231.
15.87000, 259.
15.88000, 239.
15.89000, 216.
15.90000, 197.
15.91000, 188.
15.92000, 215.
15.93000, 203.
15.94000, 185.
15.95000, 213.
15.96000, 197.
15.97000, 159.
15.98000, 172.
15.99000, 198.
16.00000, 169.
16.01000, 167.
16.02000, 188.
16.03000, 185.
16.04000, 184.
16.05000, 165.
16.06000, 152.
16.07000, 195.
16.08000, 190.
16.09000, 188.
16.10000, 181.
16.11000, 167.
16.12000, 169.
16.13000, 181.
16.14000, 166.
16.15000, 191.
16.16000, 164.
16.17000, 169.
16.18000, 171.
16.19000, 148.
16.20000, 155.
16.21000, 160.
16.22000, 172.
16.23000, 160.
16.24000, 169.
16.25000, 165.
16.26000, 174.
16.27000, 138.
16.28000, 142.
16.29000, 146.
16.30000, 166.
16.31000, 150.
16.32000, 154.
16.33000, 178.
16.34000, 147.
16.35000, 149.
16.36000, 156.
16.37000, 156.
16.38000, 162.
16.39000, 169.
16.40000, 171.
16.41000, 180.
16.42000, 153.
16.43000, 150.
16.44000, 162.
16.45000, 180.
16.46000, 155.
16.47000, 171.
16.48000, 156.
16.49000, 170.
16.50000, 170.
16.51000, 168.
16.52000, 181.
16.53000, 144.
16.54000, 171.
16.55000, 183.
16.56000, 182.
16.57000, 174.
16.58000, 162.
16.59000, 180.
16.60000, 154.
16.61000, 172.
16.62000, 166.
16.63000, 169.
16.64000, 183.
16.65000, 155.
16.66000, 190.
16.67000, 179.
16.68000, 159.
16.69000, 173.
16.70000, 150.
16.71000, 153.
16.72000, 179.
16.73000, 174.
16.74000, 196.
16.75000, 178.
16.76000, 170.
16.77000, 172.
16.78000, 163.
16.79000, 154.
16.80000, 169.
16.81000, 150.
16.82000, 170.
16.83000, 191.
16.84000, 188.
16.85000, 160.
16.86000, 157.
16.87000, 176.
16.88000, 148.
16.89000, 159.
16.90000, 149.
16.91000, 167.
16.92000, 175.
16.93000, 171.
16.94000, 153.
16.95000, 163.
16.96000, 165.
16.97000, 175.
16.98000, 153.
16.99000, 162.
17.00000, 171.
17.01000, 187.
17.02000, 169.
17.03000, 157.
17.04000, 149.
17.05000, 152.
17.06000, 155.
17.07000, 194.
17.08000, 176.
17.09000, 160.
17.10000, 169.
17.11000, 189.
17.12000, 173.
17.13000, 190.
17.14000, 157.
17.15000, 169.
17.16000, 187.
17.17000, 194.
17.18000, 189.
17.19000, 183.
17.20000, 194.
17.21000, 169.
17.22000, 165.
17.23000, 184.
17.24000, 201.
17.25000, 182.
17.26000, 177.
17.27000, 178.
17.28000, 194.
17.29000, 174.
17.30000, 173.
17.31000, 212.
17.32000, 197.
17.33000, 209.
17.34000, 215.
17.35000, 196.
17.36000, 198.
17.37000, 162.
17.38000, 209.
17.39000, 174.
17.40000, 197.
17.41000, 198.
17.42000, 174.
17.43000, 215.
17.44000, 200.
17.45000, 206.
17.46000, 209.
17.47000, 196.
17.48000, 180.
17.49000, 186.
17.50000, 203.
17.51000, 203.
17.52000, 186.
17.53000, 206.
17.54000, 200.
17.55000, 195.
17.56000, 214.
17.57000, 227.
17.58000, 191.
17.59000, 210.
17.60000, 198.
17.61000, 225.
17.62000, 202.
17.63000, 197.
17.64000, 210.
17.65000, 212.
17.66000, 208.
17.67000, 230.
17.68000, 197.
17.69000, 186.
17.70000, 210.
17.71000, 236.
17.72000, 214.
17.73000, 213.
17.74000, 228.
17.75000, 225.
17.76000, 195.
17.77000, 237.
17.78000, 214.
17.79000, 213.
17.80000, 227.
17.81000, 220.
17.82000, 221.
17.83000, 216.
17.84000, 212.
17.85000, 214.
17.86000, 211.
17.87000, 227.
17.88000, 244.
17.89000, 211.
17.90000, 228.
17.91000, 225.
17.92000, 225.
17.93000, 227.
17.94000, 218.
17.95000, 240.
17.96000, 242.
17.97000, 257.
17.98000, 254.
17.99000, 258.
18.00000, 240.
18.01000, 239.
18.02000, 249.
18.03000, 248.
18.04000, 251.
18.05000, 262.
18.06000, 239.
18.07000, 271.
18.08000, 266.
18.09000, 238.
18.10000, 277.
18.11000, 259.
18.12000, 263.
18.13000, 260.
18.14000, 294.
18.15000, 298.
18.16000, 305.
18.17000, 305.
18.18000, 300.
18.19000, 319.
18.20000, 324.
18.21000, 309.
18.22000, 310.
18.23000, 291.
18.24000, 324.
18.25000, 350.
18.26000, 325.
18.27000, 354.
18.28000, 363.
18.29000, 359.
18.30000, 357.
18.31000, 379.
18.32000, 387.
18.33000, 369.
18.34000, 403.
18.35000, 416.
18.36000, 448.
18.37000, 420.
18.38000, 442.
18.39000, 487.
18.40000, 497.
18.41000, 453.
18.42000, 535.
18.43000, 513.
18.44000, 540.
18.45000, 550.
18.46000, 607.
18.47000, 628.
18.48000, 568.
18.49000, 612.
18.50000, 645.
18.51000, 588.
18.52000, 662.
18.53000, 727.
18.54000, 720.
18.55000, 748.
18.56000, 766.
18.57000, 772.
18.58000, 807.
18.59000, 847.
18.60000, 835.
18.61000, 837.
18.62000, 887.
18.63000, 926.
18.64000, 916.
18.65000, 968.
18.66000, 884.
18.67000, 965.
18.68000, 1001.
18.69000, 1019.
18.70000, 974.
18.71000, 915.
18.72000, 1006.
18.73000, 997.
18.74000, 1057.
18.75000, 1011.
18.76000, 1102.
18.77000, 984.
18.78000, 1048.
18.79000, 1054.
18.80000, 1084.
18.81000, 1008.
18.82000, 1088.
18.83000, 1008.
18.84000, 1038.
18.85000, 1037.
18.86000, 1027.
18.87000, 1038.
18.88000, 976.
18.89000, 973.
18.90000, 982.
18.91000, 990.
18.92000, 934.
18.93000, 930.
18.94000, 918.
18.95000, 892.
18.96000, 908.
18.97000, 893.
18.98000, 877.
18.99000, 816.
19.00000, 812.
19.01000, 710.
19.02000, 763.
19.03000, 784.
19.04000, 751.
19.05000, 691.
19.06000, 735.
19.07000, 668.
19.08000, 690.
19.09000, 597.
19.10000, 611.
19.11000, 568.
19.12000, 605.
19.13000, 567.
19.14000, 538.
19.15000, 522.
19.16000, 528.
19.17000, 516.
19.18000, 493.
19.19000, 438.
19.20000, 495.
19.21000, 472.
19.22000, 415.
19.23000, 413.
19.24000, 420.
19.25000, 389.
19.26000, 372.
19.27000, 378.
19.28000, 379.
19.29000, 393.
19.30000, 383.
19.31000, 326.
19.32000, 344.
19.33000, 329.
19.34000, 314.
19.35000, 292.
19.36000, 307.
19.37000, 296.
19.38000, 302.
19.39000, 299.
19.40000, 285.
19.41000, 329.
19.42000, 289.
19.43000, 278.
19.44000, 296.
19.45000, 262.
19.46000, 253.
19.47000, 264.
19.48000, 266.
19.49000, 237.
19.50000, 270.
19.51000, 254.
19.52000, 258.
19.53000, 241.
19.54000, 250.
19.55000, 222.
19.56000, 228.
19.57000, 243.
19.58000, 240.
19.59000, 258.
19.60000, 215.
19.61000, 222.
19.62000, 202.
19.63000, 187.
19.64000, 214.
19.65000, 212.
19.66000, 214.
19.67000, 209.
19.68000, 198.
19.69000, 203.
19.70000, 195.
19.71000, 196.
19.72000, 211.
19.73000, 215.
19.74000, 200.
19.75000, 182.
19.76000, 180.
19.77000, 231.
19.78000, 184.
19.79000, 198.
19.80000, 174.
19.81000, 195.
19.82000, 173.
19.83000, 198.
19.84000, 199.
19.85000, 194.
19.86000, 221.
19.87000, 216.
19.88000, 231.
19.89000, 238.
19.90000, 257.
19.91000, 250.
19.92000, 233.
19.93000, 288.
19.94000, 269.
19.95000, 335.
19.96000, 331.
19.97000, 309.
19.98000, 375.
19.99000, 395.
20.00000, 333.
20.01000, 427.
20.02000, 485.
20.03000, 435.
20.04000, 458.
20.05000, 487.
20.06000, 504.
20.07000, 497.
20.08000, 574.
20.09000, 530.
20.10000, 566.
20.11000, 567.
20.12000, 600.
20.13000, 599.
20.14000, 614.
20.15000, 595.
20.16000, 560.
20.17000, 612.
20.18000, 579.
20.19000, 595.
20.20000, 567.
20.21000, 504.
20.22000, 511.
20.23000, 504.
20.24000, 491.
20.25000, 459.
20.26000, 433.
20.27000, 386.
20.28000, 371.
20.29000, 329.
20.30000, 307.
20.31000, 290.
20.32000, 302.
20.33000, 257.
20.34000, 269.
20.35000, 238.
20.36000, 228.
20.37000, 199.
20.38000, 199.
20.39000, 194.
20.40000, 190.
20.41000, 188.
20.42000, 190.
20.43000, 171.
20.44000, 168.
20.45000, 186.
20.46000, 170.
20.47000, 188.
20.48000, 176.
20.49000, 168.
20.50000, 170.
20.51000, 181.
20.52000, 176.
20.53000, 184.
20.54000, 167.
20.55000, 192.
20.56000, 169.
20.57000, 182.
20.58000, 186.
20.59000, 199.
20.60000, 185.
20.61000, 199.
20.62000, 187.
20.63000, 190.
20.64000, 183.
20.65000, 209.
20.66000, 211.
20.67000, 203.
20.68000, 183.
20.69000, 217.
20.70000, 195.
20.71000, 216.
20.72000, 237.
20.73000, 221.
20.74000, 214.
20.75000, 259.
20.76000, 229.
20.77000, 249.
20.78000, 225.
20.79000, 260.
20.80000, 259.
20.81000, 258.
20.82000, 246.
20.83000, 236.
20.84000, 229.
20.85000, 227.
20.86000, 261.
20.87000, 261.
20.88000, 216.
20.89000, 238.
20.90000, 271.
20.91000, 287.
20.92000, 268.
20.93000, 262.
20.94000, 246.
20.95000, 284.
20.96000, 259.
20.97000, 271.
20.98000, 257.
20.99000, 297.
21.00000, 309.
21.01000, 258.
21.02000, 310.
21.03000, 251.
21.04000, 257.
21.05000, 255.
21.06000, 274.
21.07000, 270.
21.08000, 326.
21.09000, 283.
21.10000, 264.
21.11000, 277.
21.12000, 232.
21.13000, 275.
21.14000, 263.
21.15000, 240.
21.16000, 272.
21.17000, 267.
21.18000, 251.
21.19000, 238.
21.20000, 270.
21.21000, 221.
21.22000, 262.
21.23000, 232.
21.24000, 221.
21.25000, 242.
21.26000, 225.
21.27000, 209.
21.28000, 187.
21.29000, 202.
21.30000, 234.
21.31000, 232.
21.32000, 184.
21.33000, 216.
21.34000, 220.
21.35000, 202.
21.36000, 189.
21.37000, 192.
21.38000, 167.
21.39000, 188.
21.40000, 185.
21.41000, 177.
21.42000, 186.
21.43000, 180.
21.44000, 171.
21.45000, 169.
21.46000, 167.
21.47000, 168.
21.48000, 151.
21.49000, 175.
21.50000, 177.
21.51000, 157.
21.52000, 161.
21.53000, 188.
21.54000, 146.
21.55000, 141.
21.56000, 159.
21.57000, 144.
21.58000, 157.
21.59000, 134.
21.60000, 139.
21.61000, 153.
21.62000, 144.
21.63000, 134.
21.64000, 140.
21.65000, 132.
21.66000, 127.
21.67000, 135.
21.68000, 142.
21.69000, 153.
21.70000, 132.
21.71000, 125.
21.72000, 114.
21.73000, 146.
21.74000, 114.
21.75000, 135.
21.76000, 142.
21.77000, 147.
21.78000, 107.
21.79000, 128.
21.80000, 126.
21.81000, 116.
21.82000, 106.
21.83000, 116.
21.84000, 117.
21.85000, 103.
21.86000, 124.
21.87000, 111.
21.88000, 113.
21.89000, 102.
21.90000, 108.
21.91000, 97.
21.92000, 122.
21.93000, 113.
21.94000, 119.
21.95000, 131.
21.96000, 119.
21.97000, 118.
21.98000, 100.
21.99000, 102.
22.00000, 87.
22.01000, 99.
22.02000, 107.
22.03000, 107.
22.04000, 109.
22.05000, 74.
22.06000, 95.
22.07000, 87.
22.08000, 101.
22.09000, 92.
22.10000, 96.
22.11000, 94.
22.12000, 94.
22.13000, 94.
22.14000, 77.
22.15000, 87.
22.16000, 98.
22.17000, 100.
22.18000, 105.
22.19000, 103.
22.20000, 87.
22.21000, 83.
22.22000, 109.
22.23000, 108.
22.24000, 94.
22.25000, 88.
22.26000, 96.
22.27000, 83.
22.28000, 91.
22.29000, 88.
22.30000, 91.
22.31000, 80.
22.32000, 83.
22.33000, 93.
22.34000, 95.
22.35000, 93.
22.36000, 80.
22.37000, 93.
22.38000, 94.
22.39000, 85.
22.40000, 68.
22.41000, 86.
22.42000, 125.
22.43000, 103.
22.44000, 92.
22.45000, 79.
22.46000, 95.
22.47000, 111.
22.48000, 100.
22.49000, 106.
22.50000, 123.
22.51000, 125.
22.52000, 105.
22.53000, 140.
22.54000, 120.
22.55000, 112.
22.56000, 116.
22.57000, 130.
22.58000, 131.
22.59000, 123.
22.60000, 147.
22.61000, 139.
22.62000, 133.
22.63000, 149.
22.64000, 135.
22.65000, 146.
22.66000, 141.
22.67000, 153.
22.68000, 168.
22.69000, 132.
22.70000, 150.
22.71000, 135.
22.72000, 147.
22.73000, 136.
22.74000, 177.
22.75000, 128.
22.76000, 136.
22.77000, 137.
22.78000, 132.
22.79000, 149.
22.80000, 129.
22.81000, 101.
22.82000, 107.
22.83000, 104.
22.84000, 105.
22.85000, 103.
22.86000, 92.
22.87000, 101.
22.88000, 100.
22.89000, 85.
22.90000, 92.
22.91000, 96.
22.92000, 107.
22.93000, 82.
22.94000, 91.
22.95000, 76.
22.96000, 83.
22.97000, 79.
22.98000, 87.
22.99000, 111.
23.00000, 111.
23.01000, 102.
23.02000, 90.
23.03000, 93.
23.04000, 110.
23.05000, 92.
23.06000, 99.
23.07000, 96.
23.08000, 93.
23.09000, 104.
23.10000, 80.
23.11000, 96.
23.12000, 109.
23.13000, 94.
23.14000, 88.
23.15000, 111.
23.16000, 84.
23.17000, 83.
23.18000, 80.
23.19000, 90.
23.20000, 67.
23.21000, 85.
23.22000, 79.
23.23000, 86.
23.24000, 94.
23.25000, 74.
23.26000, 85.
23.27000, 86.
23.28000, 66.
23.29000, 102.
23.30000, 78.
23.31000, 61.
23.32000, 64.
23.33000, 70.
23.34000, 80.
23.35000, 70.
23.36000, 86.
23.37000, 81.
23.38000, 81.
23.39000, 69.
23.40000, 81.
23.41000, 71.
23.42000, 68.
23.43000, 73.
23.44000, 69.
23.45000, 64.
23.46000, 75.
23.47000, 64.
23.48000, 74.
23.49000, 70.
23.50000, 67.
23.51000, 66.
23.52000, 71.
23.53000, 71.
23.54000, 62.
23.55000, 65.
23.56000, 75.
23.57000, 76.
23.58000, 73.
23.59000, 58.
23.60000, 65.
23.61000, 73.
23.62000, 69.
23.63000, 71.
23.64000, 63.
23.65000, 80.
23.66000, 77.
23.67000, 67.
23.68000, 62.
23.69000, 85.
23.70000, 87.
23.71000, 83.
23.72000, 67.
23.73000, 64.
23.74000, 85.
23.75000, 59.
23.76000, 79.
23.77000, 66.
23.78000, 75.
23.79000, 65.
23.80000, 71.
23.81000, 89.
23.82000, 73.
23.83000, 73.
23.84000, 72.
23.85000, 70.
23.86000, 76.
23.87000, 74.
23.88000, 65.
23.89000, 75.
23.90000, 83.
23.91000, 71.
23.92000, 80.
23.93000, 62.
23.94000, 72.
23.95000, 72.
23.96000, 66.
23.97000, 62.
23.98000, 65.
23.99000, 67.
24.00000, 71.
24.01000, 77.
24.02000, 59.
24.03000, 66.
24.04000, 69.
24.05000, 77.
24.06000, 67.
24.07000, 79.
24.08000, 66.
24.09000, 81.
24.10000, 65.
24.11000, 65.
24.12000, 80.
24.13000, 68.
24.14000, 57.
24.15000, 78.
24.16000, 67.
24.17000, 56.
24.18000, 79.
24.19000, 72.
24.20000, 83.
24.21000, 61.
24.22000, 69.
24.23000, 68.
24.24000, 75.
24.25000, 57.
24.26000, 67.
24.27000, 51.
24.28000, 79.
24.29000, 60.
24.30000, 64.
24.31000, 61.
24.32000, 73.
24.33000, 62.
24.34000, 68.
24.35000, 72.
24.36000, 80.
24.37000, 60.
24.38000, 80.
24.39000, 71.
24.40000, 82.
24.41000, 63.
24.42000, 68.
24.43000, 57.
24.44000, 86.
24.45000, 72.
24.46000, 63.
24.47000, 68.
24.48000, 83.
24.49000, 66.
24.50000, 67.
24.51000, 71.
24.52000, 85.
24.53000, 61.
24.54000, 72.
24.55000, 71.
24.56000, 65.
24.57000, 82.
24.58000, 76.
24.59000, 73.
24.60000, 61.
24.61000, 73.
24.62000, 64.
24.63000, 73.
24.64000, 62.
24.65000, 69.
24.66000, 69.
24.67000, 72.
24.68000, 70.
24.69000, 62.
24.70000, 59.
24.71000, 67.
24.72000, 67.
24.73000, 69.
24.74000, 57.
24.75000, 93.
24.76000, 67.
24.77000, 55.
24.78000, 54.
24.79000, 54.
24.80000, 70.
24.81000, 66.
24.82000, 78.
24.83000, 60.
24.84000, 72.
24.85000, 61.
24.86000, 66.
24.87000, 67.
24.88000, 59.
24.89000, 54.
24.90000, 78.
24.91000, 54.
24.92000, 72.
24.93000, 77.
24.94000, 80.
24.95000, 53.
24.96000, 69.
24.97000, 62.
24.98000, 60.
24.99000, 67.
25.00000, 63.
25.01000, 56.
25.02000, 91.
25.03000, 74.
25.04000, 77.
25.05000, 66.
25.06000, 83.
25.07000, 73.
25.08000, 67.
25.09000, 84.
25.10000, 76.
25.11000, 81.
25.12000, 86.
25.13000, 77.
25.14000, 83.
25.15000, 73.
25.16000, 72.
25.17000, 63.
25.18000, 67.
25.19000, 80.
25.20000, 86.
25.21000, 82.
25.22000, 66.
25.23000, 67.
25.24000, 68.
25.25000, 68.
25.26000, 79.
25.27000, 61.
25.28000, 56.
25.29000, 71.
25.30000, 69.
25.31000, 66.
25.32000, 59.
25.33000, 74.
25.34000, 68.
25.35000, 54.
25.36000, 67.
25.37000, 81.
25.38000, 71.
25.39000, 69.
25.40000, 59.
25.41000, 70.
25.42000, 73.
25.43000, 59.
25.44000, 52.
25.45000, 71.
25.46000, 62.
25.47000, 72.
25.48000, 55.
25.49000, 47.
25.50000, 61.
25.51000, 65.
25.52000, 75.
25.53000, 66.
25.54000, 65.
25.55000, 65.
25.56000, 64.
25.57000, 78.
25.58000, 73.
25.59000, 60.
25.60000, 62.
25.61000, 67.
25.62000, 56.
25.63000, 81.
25.64000, 42.
25.65000, 71.
25.66000, 50.
25.67000, 56.
25.68000, 53.
25.69000, 60.
25.70000, 61.
25.71000, 59.
25.72000, 53.
25.73000, 70.
25.74000, 63.
25.75000, 62.
25.76000, 51.
25.77000, 70.
25.78000, 68.
25.79000, 49.
25.80000, 71.
25.81000, 46.
25.82000, 59.
25.83000, 60.
25.84000, 66.
25.85000, 74.
25.86000, 58.
25.87000, 59.
25.88000, 60.
25.89000, 49.
25.90000, 42.
25.91000, 67.
25.92000, 55.
25.93000, 56.
25.94000, 60.
25.95000, 60.
25.96000, 63.
25.97000, 58.
25.98000, 68.
25.99000, 57.
26.00000, 82.
26.01000, 66.
26.02000, 61.
26.03000, 55.
26.04000, 63.
26.05000, 58.
26.06000, 63.
26.07000, 56.
26.08000, 63.
26.09000, 66.
26.10000, 50.
26.11000, 60.
26.12000, 49.
26.13000, 59.
26.14000, 53.
26.15000, 65.
26.16000, 52.
26.17000, 57.
26.18000, 53.
26.19000, 50.
26.20000, 58.
26.21000, 58.
26.22000, 58.
26.23000, 47.
26.24000, 56.
26.25000, 52.
26.26000, 78.
26.27000, 71.
26.28000, 49.
26.29000, 63.
26.30000, 53.
26.31000, 62.
26.32000, 55.
26.33000, 59.
26.34000, 65.
26.35000, 57.
26.36000, 65.
26.37000, 58.
26.38000, 73.
26.39000, 51.
26.40000, 57.
26.41000, 58.
26.42000, 59.
26.43000, 62.
26.44000, 67.
26.45000, 63.
26.46000, 41.
26.47000, 63.
26.48000, 66.
26.49000, 56.
26.50000, 51.
26.51000, 48.
26.52000, 68.
26.53000, 64.
26.54000, 50.
26.55000, 59.
26.56000, 66.
26.57000, 59.
26.58000, 55.
26.59000, 51.
26.60000, 58.
26.61000, 60.
26.62000, 47.
26.63000, 50.
26.64000, 55.
26.65000, 51.
26.66000, 48.
26.67000, 38.
26.68000, 51.
26.69000, 64.
26.70000, 46.
26.71000, 51.
26.72000, 48.
26.73000, 40.
26.74000, 61.
26.75000, 58.
26.76000, 52.
26.77000, 49.
26.78000, 52.
26.79000, 56.
26.80000, 48.
26.81000, 58.
26.82000, 55.
26.83000, 39.
26.84000, 60.
26.85000, 53.
26.86000, 37.
26.87000, 55.
26.88000, 55.
26.89000, 52.
26.90000, 53.
26.91000, 59.
26.92000, 60.
26.93000, 54.
26.94000, 49.
26.95000, 57.
26.96000, 50.
26.97000, 52.
26.98000, 55.
26.99000, 46.
27.00000, 49.
27.01000, 46.
27.02000, 59.
27.03000, 60.
27.04000, 65.
27.05000, 52.
27.06000, 48.
27.07000, 54.
27.08000, 55.
27.09000, 63.
27.10000, 66.
27.11000, 52.
27.12000, 63.
27.13000, 40.
27.14000, 54.
27.15000, 64.
27.16000, 57.
27.17000, 52.
27.18000, 65.
27.19000, 58.
27.20000, 49.
27.21000, 59.
27.22000, 44.
27.23000, 51.
27.24000, 47.
27.25000, 56.
27.26000, 48.
27.27000, 60.
27.28000, 59.
27.29000, 61.
27.30000, 59.
27.31000, 49.
27.32000, 67.
27.33000, 52.
27.34000, 53.
27.35000, 54.
27.36000, 46.
27.37000, 56.
27.38000, 62.
27.39000, 53.
27.40000, 52.
27.41000, 53.
27.42000, 55.
27.43000, 62.
27.44000, 38.
27.45000, 52.
27.46000, 45.
27.47000, 47.
27.48000, 55.
27.49000, 53.
27.50000, 47.
27.51000, 40.
27.52000, 61.
27.53000, 51.
27.54000, 58.
27.55000, 60.
27.56000, 46.
27.57000, 44.
27.58000, 48.
27.59000, 58.
27.60000, 51.
27.61000, 46.
27.62000, 48.
27.63000, 54.
27.64000, 48.
27.65000, 47.
27.66000, 46.
27.67000, 48.
27.68000, 49.
27.69000, 38.
27.70000, 53.
27.71000, 59.
27.72000, 47.
27.73000, 48.
27.74000, 48.
27.75000, 48.
27.76000, 42.
27.77000, 57.
27.78000, 49.
27.79000, 51.
27.80000, 42.
27.81000, 40.
27.82000, 36.
27.83000, 56.
27.84000, 45.
27.85000, 55.
27.86000, 45.
27.87000, 54.
27.88000, 54.
27.89000, 54.
27.90000, 59.
27.91000, 53.
27.92000, 57.
27.93000, 43.
27.94000, 38.
27.95000, 44.
27.96000, 41.
27.97000, 50.
27.98000, 42.
27.99000, 54.
28.00000, 42.
28.01000, 49.
28.02000, 45.
28.03000, 49.
28.04000, 41.
28.05000, 46.
28.06000, 44.
28.07000, 42.
28.08000, 46.
28.09000, 34.
28.10000, 51.
28.11000, 51.
28.12000, 37.
28.13000, 50.
28.14000, 50.
28.15000, 49.
28.16000, 48.
28.17000, 57.
28.18000, 43.
28.19000, 43.
28.20000, 43.
28.21000, 56.
28.22000, 48.
28.23000, 45.
28.24000, 59.
28.25000, 51.
28.26000, 47.
28.27000, 54.
28.28000, 39.
28.29000, 45.
28.30000, 49.
28.31000, 49.
28.32000, 53.
28.33000, 48.
28.34000, 62.
28.35000, 48.
28.36000, 45.
28.37000, 66.
28.38000, 46.
28.39000, 49.
28.40000, 62.
28.41000, 53.
28.42000, 43.
28.43000, 49.
28.44000, 52.
28.45000, 39.
28.46000, 42.
28.47000, 59.
28.48000, 45.
28.49000, 49.
28.50000, 51.
28.51000, 47.
28.52000, 63.
28.53000, 42.
28.54000, 51.
28.55000, 44.
28.56000, 47.
28.57000, 48.
28.58000, 42.
28.59000, 49.
28.60000, 46.
28.61000, 51.
28.62000, 55.
28.63000, 51.
28.64000, 41.
28.65000, 46.
28.66000, 45.
28.67000, 47.
28.68000, 50.
28.69000, 43.
28.70000, 42.
28.71000, 56.
28.72000, 40.
28.73000, 44.
28.74000, 54.
28.75000, 40.
28.76000, 46.
28.77000, 39.
28.78000, 47.
28.79000, 41.
28.80000, 41.
28.81000, 53.
28.82000, 38.
28.83000, 54.
28.84000, 38.
28.85000, 52.
28.86000, 42.
28.87000, 35.
28.88000, 38.
28.89000, 49.
28.90000, 43.
28.91000, 46.
28.92000, 43.
28.93000, 48.
28.94000, 47.
28.95000, 35.
28.96000, 39.
28.97000, 44.
28.98000, 36.
28.99000, 36.
29.00000, 45.
29.01000, 48.
29.02000, 33.
29.03000, 47.
29.04000, 41.
29.05000, 37.
29.06000, 52.
29.07000, 38.
29.08000, 47.
29.09000, 40.
29.10000, 31.
29.11000, 38.
29.12000, 37.
29.13000, 42.
29.14000, 45.
29.15000, 42.
29.16000, 41.
29.17000, 42.
29.18000, 32.
29.19000, 34.
29.20000, 39.
29.21000, 34.
29.22000, 43.
29.23000, 45.
29.24000, 48.
29.25000, 41.
29.26000, 47.
29.27000, 34.
29.28000, 38.
29.29000, 39.
29.30000, 48.
29.31000, 43.
29.32000, 49.
29.33000, 43.
29.34000, 35.
29.35000, 51.
29.36000, 39.
29.37000, 36.
29.38000, 41.
29.39000, 47.
29.40000, 48.
29.41000, 33.
29.42000, 32.
29.43000, 34.
29.44000, 31.
29.45000, 40.
29.46000, 43.
29.47000, 41.
29.48000, 39.
29.49000, 35.
29.50000, 45.
29.51000, 40.
29.52000, 46.
29.53000, 37.
29.54000, 42.
29.55000, 41.
29.56000, 44.
29.57000, 39.
29.58000, 46.
29.59000, 45.
29.60000, 37.
29.61000, 44.
29.62000, 47.
29.63000, 34.
29.64000, 54.
29.65000, 47.
29.66000, 32.
29.67000, 34.
29.68000, 44.
29.69000, 43.
29.70000, 35.
29.71000, 36.
29.72000, 31.
29.73000, 43.
29.74000, 44.
29.75000, 42.
29.76000, 30.
29.77000, 45.
29.78000, 29.
29.79000, 43.
29.80000, 40.
29.81000, 39.
29.82000, 36.
29.83000, 47.
29.84000, 45.
29.85000, 48.
29.86000, 29.
29.87000, 34.
29.88000, 37.
29.89000, 24.
29.90000, 40.
29.91000, 34.
29.92000, 38.
29.93000, 44.
29.94000, 31.
29.95000, 32.
29.96000, 43.
29.97000, 37.
29.98000, 34.
29.99000, 33.
30.00000, 30.
30.01000, 34.
30.02000, 41.
30.03000, 46.
30.04000, 31.
30.05000, 39.
30.06000, 35.
30.07000, 38.
30.08000, 44.
30.09000, 44.
30.10000, 43.
30.11000, 22.
30.12000, 39.
30.13000, 41.
30.14000, 43.
30.15000, 38.
30.16000, 41.
30.17000, 35.
30.18000, 38.
30.19000, 31.
30.20000, 38.
30.21000, 45.
30.22000, 42.
30.23000, 48.
30.24000, 42.
30.25000, 29.
30.26000, 52.
30.27000, 36.
30.28000, 37.
30.29000, 40.
30.30000, 39.
30.31000, 35.
30.32000, 31.
30.33000, 42.
30.34000, 26.
30.35000, 36.
30.36000, 46.
30.37000, 30.
30.38000, 32.
30.39000, 40.
30.40000, 36.
30.41000, 29.
30.42000, 47.
30.43000, 39.
30.44000, 31.
30.45000, 39.
30.46000, 35.
30.47000, 39.
30.48000, 33.
30.49000, 36.
30.50000, 31.
30.51000, 39.
30.52000, 34.
30.53000, 40.
30.54000, 51.
30.55000, 29.
30.56000, 39.
30.57000, 45.
30.58000, 31.
30.59000, 39.
30.60000, 47.
30.61000, 31.
30.62000, 36.
30.63000, 37.
30.64000, 24.
30.65000, 36.
30.66000, 34.
30.67000, 23.
30.68000, 29.
30.69000, 34.
30.70000, 37.
30.71000, 41.
30.72000, 43.
30.73000, 27.
30.74000, 35.
30.75000, 30.
30.76000, 30.
30.77000, 32.
30.78000, 45.
30.79000, 36.
30.80000, 32.
30.81000, 42.
30.82000, 30.
30.83000, 34.
30.84000, 34.
30.85000, 28.
30.86000, 35.
30.87000, 27.
30.88000, 39.
30.89000, 33.
30.90000, 42.
30.91000, 35.
30.92000, 28.
30.93000, 37.
30.94000, 28.
30.95000, 30.
30.96000, 36.
30.97000, 37.
30.98000, 34.
30.99000, 29.
31.00000, 34.
31.01000, 39.
31.02000, 41.
31.03000, 27.
31.04000, 29.
31.05000, 31.
31.06000, 36.
31.07000, 35.
31.08000, 30.
31.09000, 30.
31.10000, 42.
31.11000, 35.
31.12000, 25.
31.13000, 32.
31.14000, 41.
31.15000, 30.
31.16000, 28.
31.17000, 26.
31.18000, 30.
31.19000, 30.
31.20000, 28.
31.21000, 25.
31.22000, 33.
31.23000, 27.
31.24000, 30.
31.25000, 37.
31.26000, 39.
31.27000, 27.
31.28000, 37.
31.29000, 33.
31.30000, 43.
31.31000, 26.
31.32000, 30.
31.33000, 23.
31.34000, 26.
31.35000, 23.
31.36000, 33.
31.37000, 27.
31.38000, 29.
31.39000, 32.
31.40000, 35.
31.41000, 26.
31.42000, 34.
31.43000, 31.
31.44000, 30.
31.45000, 25.
31.46000, 34.
31.47000, 30.
31.48000, 37.
31.49000, 31.
31.50000, 25.
31.51000, 28.
31.52000, 37.
31.53000, 36.
31.54000, 28.
31.55000, 35.
31.56000, 35.
31.57000, 29.
31.58000, 33.
31.59000, 25.
31.60000, 33.
31.61000, 29.
31.62000, 30.
31.63000, 39.
31.64000, 28.
31.65000, 38.
31.66000, 26.
31.67000, 24.
31.68000, 33.
31.69000, 31.
31.70000, 26.
31.71000, 37.
31.72000, 38.
31.73000, 24.
31.74000, 24.
31.75000, 28.
31.76000, 31.
31.77000, 37.
31.78000, 39.
31.79000, 40.
31.80000, 39.
31.81000, 29.
31.82000, 30.
31.83000, 35.
31.84000, 44.
31.85000, 22.
31.86000, 41.
31.87000, 36.
31.88000, 34.
31.89000, 21.
31.90000, 35.
31.91000, 25.
31.92000, 41.
31.93000, 34.
31.94000, 32.
31.95000, 36.
31.96000, 27.
31.97000, 31.
31.98000, 37.
31.99000, 35.
32.00000, 26.
32.01000, 34.
32.02000, 32.
32.03000, 30.
32.04000, 32.
32.05000, 39.
32.06000, 31.
32.07000, 30.
32.08000, 26.
32.09000, 37.
32.10000, 31.
32.11000, 41.
32.12000, 29.
32.13000, 34.
32.14000, 30.
32.15000, 29.
32.16000, 35.
32.17000, 37.
32.18000, 31.
32.19000, 40.
32.20000, 29.
32.21000, 29.
32.22000, 39.
32.23000, 27.
32.24000, 37.
32.25000, 32.
32.26000, 30.
32.27000, 27.
32.28000, 35.
32.29000, 30.
32.30000, 34.
32.31000, 31.
32.32000, 25.
32.33000, 25.
32.34000, 37.
32.35000, 31.
32.36000, 24.
32.37000, 37.
32.38000, 29.
32.39000, 27.
32.40000, 29.
32.41000, 36.
32.42000, 25.
32.43000, 30.
32.44000, 30.
32.45000, 28.
32.46000, 20.
32.47000, 28.
32.48000, 34.
32.49000, 22.
32.50000, 34.
32.51000, 29.
32.52000, 23.
32.53000, 26.
32.54000, 32.
32.55000, 22.
32.56000, 21.
32.57000, 20.
32.58000, 33.
32.59000, 24.
32.60000, 24.
32.61000, 24.
32.62000, 19.
32.63000, 33.
32.64000, 30.
32.65000, 29.
32.66000, 26.
32.67000, 24.
32.68000, 26.
32.69000, 23.
32.70000, 21.
32.71000, 29.
32.72000, 24.
32.73000, 30.
32.74000, 21.
32.75000, 27.
32.76000, 34.
32.77000, 33.
32.78000, 28.
32.79000, 24.
32.80000, 23.
32.81000, 25.
32.82000, 27.
32.83000, 33.
32.84000, 18.
32.85000, 25.
32.86000, 30.
32.87000, 22.
32.88000, 21.
32.89000, 21.
32.90000, 21.
32.91000, 19.
32.92000, 26.
32.93000, 25.
32.94000, 21.
32.95000, 25.
32.96000, 26.
32.97000, 23.
32.98000, 34.
32.99000, 27.
33.00000, 23.
33.01000, 20.
33.02000, 22.
33.03000, 24.
33.04000, 21.
33.05000, 29.
33.06000, 29.
33.07000, 27.
33.08000, 23.
33.09000, 20.
33.10000, 30.
33.11000, 25.
33.12000, 31.
33.13000, 29.
33.14000, 19.
33.15000, 31.
33.16000, 18.
33.17000, 29.
33.18000, 34.
33.19000, 19.
33.20000, 27.
33.21000, 22.
33.22000, 29.
33.23000, 24.
33.24000, 19.
33.25000, 28.
33.26000, 32.
33.27000, 25.
33.28000, 21.
33.29000, 23.
33.30000, 30.
33.31000, 27.
33.32000, 19.
33.33000, 20.
33.34000, 25.
33.35000, 24.
33.36000, 19.
33.37000, 21.
33.38000, 24.
33.39000, 23.
33.40000, 17.
33.41000, 17.
33.42000, 18.
33.43000, 19.
33.44000, 19.
33.45000, 21.
33.46000, 28.
33.47000, 26.
33.48000, 15.
33.49000, 20.
33.50000, 27.
33.51000, 18.
33.52000, 27.
33.53000, 28.
33.54000, 20.
33.55000, 24.
33.56000, 19.
33.57000, 26.
33.58000, 16.
33.59000, 20.
33.60000, 32.
33.61000, 22.
33.62000, 14.
33.63000, 28.
33.64000, 36.
33.65000, 18.
33.66000, 13.
33.67000, 20.
33.68000, 25.
33.69000, 19.
33.70000, 16.
33.71000, 22.
33.72000, 28.
33.73000, 28.
33.74000, 32.
33.75000, 25.
33.76000, 15.
33.77000, 24.
33.78000, 25.
33.79000, 13.
33.80000, 20.
33.81000, 23.
33.82000, 23.
33.83000, 13.
33.84000, 17.
33.85000, 17.
33.86000, 19.
33.87000, 21.
33.88000, 20.
33.89000, 13.
33.90000, 26.
33.91000, 17.
33.92000, 24.
33.93000, 29.
33.94000, 19.
33.95000, 21.
33.96000, 21.
33.97000, 20.
33.98000, 15.
33.99000, 29.
34.00000, 19.
34.01000, 17.
34.02000, 20.
34.03000, 26.
34.04000, 11.
34.05000, 20.
34.06000, 17.
34.07000, 20.
34.08000, 18.
34.09000, 17.
34.10000, 22.
34.11000, 29.
34.12000, 22.
34.13000, 25.
34.14000, 18.
34.15000, 15.
34.16000, 20.
34.17000, 19.
34.18000, 10.
34.19000, 19.
34.20000, 19.
34.21000, 24.
34.22000, 24.
34.23000, 20.
34.24000, 16.
34.25000, 17.
34.26000, 24.
34.27000, 19.
34.28000, 17.
34.29000, 22.
34.30000, 17.
34.31000, 19.
34.32000, 14.
34.33000, 19.
34.34000, 20.
34.35000, 14.
34.36000, 28.
34.37000, 29.
34.38000, 17.
34.39000, 27.
34.40000, 18.
34.41000, 18.
34.42000, 16.
34.43000, 24.
34.44000, 17.
34.45000, 23.
34.46000, 21.
34.47000, 22.
34.48000, 20.
34.49000, 21.
34.50000, 22.
34.51000, 15.
34.52000, 14.
34.53000, 26.
34.54000, 13.
34.55000, 21.
34.56000, 22.
34.57000, 19.
34.58000, 21.
34.59000, 16.
34.60000, 15.
34.61000, 18.
34.62000, 19.
34.63000, 24.
34.64000, 21.
34.65000, 13.
34.66000, 15.
34.67000, 22.
34.68000, 22.
34.69000, 26.
34.70000, 18.
34.71000, 19.
34.72000, 11.
34.73000, 10.
34.74000, 19.
34.75000, 18.
34.76000, 21.
34.77000, 16.
34.78000, 19.
34.79000, 19.
34.80000, 17.
34.81000, 21.
34.82000, 19.
34.83000, 25.
34.84000, 19.
34.85000, 18.
34.86000, 12.
34.87000, 18.
34.88000, 18.
34.89000, 19.
34.90000, 16.
34.91000, 18.
34.92000, 17.
34.93000, 13.
34.94000, 15.
34.95000, 22.
34.96000, 17.
34.97000, 22.
34.98000, 19.
34.99000, 15.
35.00000, 15.
35.01000, 20.
35.02000, 18.
35.03000, 19.
35.04000, 14.
35.05000, 16.
35.06000, 19.
35.07000, 15.
35.08000, 10.
35.09000, 15.
35.10000, 17.
35.11000, 15.
35.12000, 15.
35.13000, 16.
35.14000, 18.
35.15000, 26.
35.16000, 18.
35.17000, 20.
35.18000, 20.
35.19000, 16.
35.20000, 16.
35.21000, 18.
35.22000, 14.
35.23000, 20.
35.24000, 16.
35.25000, 16.
35.26000, 12.
35.27000, 14.
35.28000, 18.
35.29000, 17.
35.30000, 15.
35.31000, 15.
35.32000, 16.
35.33000, 17.
35.34000, 15.
35.35000, 17.
35.36000, 19.
35.37000, 16.
35.38000, 20.
35.39000, 6.
35.40000, 14.
35.41000, 18.
35.42000, 16.
35.43000, 19.
35.44000, 25.
35.45000, 15.
35.46000, 23.
35.47000, 16.
35.48000, 13.
35.49000, 20.
35.50000, 18.
35.51000, 19.
35.52000, 19.
35.53000, 17.
35.54000, 21.
35.55000, 24.
35.56000, 12.
35.57000, 16.
35.58000, 16.
35.59000, 18.
35.60000, 12.
35.61000, 21.
35.62000, 10.
35.63000, 16.
35.64000, 14.
35.65000, 21.
35.66000, 9.
35.67000, 19.
35.68000, 7.
35.69000, 12.
35.70000, 17.
35.71000, 16.
35.72000, 19.
35.73000, 20.
35.74000, 18.
35.75000, 8.
35.76000, 13.
35.77000, 22.
35.78000, 13.
35.79000, 16.
35.80000, 17.
35.81000, 21.
35.82000, 14.
35.83000, 16.
35.84000, 18.
35.85000, 10.
35.86000, 21.
35.87000, 16.
35.88000, 17.
35.89000, 15.
35.90000, 14.
35.91000, 15.
35.92000, 15.
35.93000, 8.
35.94000, 17.
35.95000, 17.
35.96000, 16.
35.97000, 12.
35.98000, 11.
35.99000, 21.
36.00000, 13.
36.01000, 14.
36.02000, 17.
36.03000, 16.
36.04000, 9.
36.05000, 11.
36.06000, 17.
36.07000, 13.
36.08000, 17.
36.09000, 13.
36.10000, 12.
36.11000, 20.
36.12000, 20.
36.13000, 12.
36.14000, 12.
36.15000, 18.
36.16000, 14.
36.17000, 7.
36.18000, 14.
36.19000, 20.
36.20000, 12.
36.21000, 14.
36.22000, 16.
36.23000, 19.
36.24000, 10.
36.25000, 13.
36.26000, 16.
36.27000, 15.
36.28000, 12.
36.29000, 14.
36.30000, 12.
36.31000, 12.
36.32000, 26.
36.33000, 10.
36.34000, 12.
36.35000, 9.
36.36000, 12.
36.37000, 14.
36.38000, 16.
36.39000, 12.
36.40000, 16.
36.41000, 14.
36.42000, 11.
36.43000, 14.
36.44000, 13.
36.45000, 22.
36.46000, 16.
36.47000, 15.
36.48000, 11.
36.49000, 21.
36.50000, 17.
36.51000, 17.
36.52000, 16.
36.53000, 19.
36.54000, 10.
36.55000, 11.
36.56000, 14.
36.57000, 18.
36.58000, 13.
36.59000, 21.
36.60000, 18.
36.61000, 12.
36.62000, 11.
36.63000, 12.
36.64000, 11.
36.65000, 16.
36.66000, 14.
36.67000, 7.
36.68000, 10.
36.69000, 12.
36.70000, 10.
36.71000, 14.
36.72000, 8.
36.73000, 10.
36.74000, 10.
36.75000, 15.
36.76000, 18.
36.77000, 4.
36.78000, 12.
36.79000, 23.
36.80000, 15.
36.81000, 14.
36.82000, 16.
36.83000, 17.
36.84000, 14.
36.85000, 10.
36.86000, 11.
36.87000, 14.
36.88000, 12.
36.89000, 16.
36.90000, 11.
36.91000, 14.
36.92000, 15.
36.93000, 11.
36.94000, 17.
36.95000, 16.
36.96000, 11.
36.97000, 10.
36.98000, 17.
36.99000, 14.
37.00000, 14.
37.01000, 14.
37.02000, 16.
37.03000, 14.
37.04000, 15.
37.05000, 8.
37.06000, 9.
37.07000, 8.
37.08000, 13.
37.09000, 14.
37.10000, 14.
37.11000, 10.
37.12000, 9.
37.13000, 13.
37.14000, 12.
37.15000, 10.
37.16000, 12.
37.17000, 14.
37.18000, 9.
37.19000, 12.
37.20000, 14.
37.21000, 10.
37.22000, 16.
37.23000, 13.
37.24000, 18.
37.25000, 19.
37.26000, 13.
37.27000, 14.
37.28000, 8.
37.29000, 13.
37.30000, 15.
37.31000, 10.
37.32000, 7.
37.33000, 12.
37.34000, 13.
37.35000, 10.
37.36000, 10.
37.37000, 13.
37.38000, 14.
37.39000, 5.
37.40000, 13.
37.41000, 11.
37.42000, 14.
37.43000, 11.
37.44000, 8.
37.45000, 14.
37.46000, 9.
37.47000, 14.
37.48000, 10.
37.49000, 9.
37.50000, 15.
37.51000, 13.
37.52000, 6.
37.53000, 12.
37.54000, 10.
37.55000, 10.
37.56000, 6.
37.57000, 14.
37.58000, 12.
37.59000, 15.
37.60000, 13.
37.61000, 6.
37.62000, 10.
37.63000, 12.
37.64000, 10.
37.65000, 6.
37.66000, 7.
37.67000, 5.
37.68000, 11.
37.69000, 3.
37.70000, 10.
37.71000, 18.
37.72000, 16.
37.73000, 10.
37.74000, 9.
37.75000, 5.
37.76000, 9.
37.77000, 2.
37.78000, 15.
37.79000, 15.
37.80000, 9.
37.81000, 13.
37.82000, 13.
37.83000, 7.
37.84000, 6.
37.85000, 4.
37.86000, 13.
37.87000, 13.
37.88000, 12.
37.89000, 9.
37.90000, 14.
37.91000, 16.
37.92000, 12.
37.93000, 13.
37.94000, 10.
37.95000, 9.
37.96000, 14.
37.97000, 12.
37.98000, 6.
37.99000, 10.
38.00000, 11.
38.01000, 10.
38.02000, 10.
38.03000, 11.
38.04000, 5.
38.05000, 16.
38.06000, 12.
38.07000, 11.
38.08000, 14.
38.09000, 11.
38.10000, 8.
38.11000, 7.
38.12000, 8.
38.13000, 6.
38.14000, 12.
38.15000, 13.
38.16000, 10.
38.17000, 12.
38.18000, 11.
38.19000, 7.
38.20000, 3.
38.21000, 10.
38.22000, 5.
38.23000, 10.
38.24000, 12.
38.25000, 9.
38.26000, 7.
38.27000, 5.
38.28000, 5.
38.29000, 11.
38.30000, 13.
38.31000, 11.
38.32000, 10.
38.33000, 12.
38.34000, 5.
38.35000, 11.
38.36000, 10.
38.37000, 5.
38.38000, 4.
38.39000, 9.
38.40000, 10.
38.41000, 10.
38.42000, 8.
38.43000, 11.
38.44000, 9.
38.45000, 12.
38.46000, 7.
38.47000, 10.
38.48000, 8.
38.49000, 7.
38.50000, 7.
38.51000, 8.
38.52000, 7.
38.53000, 9.
38.54000, 10.
38.55000, 10.
38.56000, 8.
38.57000, 6.
38.58000, 2.
38.59000, 7.
38.60000, 12.
38.61000, 7.
38.62000, 3.
38.63000, 8.
38.64000, 9.
38.65000, 3.
38.66000, 7.
38.67000, 8.
38.68000, 7.
38.69000, 11.
38.70000, 9.
38.71000, 2.
38.72000, 5.
38.73000, 12.
38.74000, 8.
38.75000, 13.
38.76000, 10.
38.77000, 7.
38.78000, 8.
38.79000, 14.
38.80000, 4.
38.81000, 8.
38.82000, 12.
38.83000, 7.
38.84000, 8.
38.85000, 6.
38.86000, 8.
38.87000, 10.
38.88000, 6.
38.89000, 4.
38.90000, 6.
38.91000, 4.
38.92000, 11.
38.93000, 9.
38.94000, 8.
38.95000, 1.
38.96000, 5.
38.97000, 8.
38.98000, 6.
38.99000, 4.
39.00000, 7.
39.01000, 8.
39.02000, 8.
39.03000, 7.
39.04000, 7.
39.05000, 5.
39.06000, 7.
39.07000, 7.
39.08000, 6.
39.09000, 6.
39.10000, 2.
39.11000, 5.
39.12000, 8.
39.13000, 9.
39.14000, 6.
39.15000, 8.
39.16000, 8.
39.17000, 6.
39.18000, 7.
39.19000, 4.
39.20000, 12.
39.21000, 10.
39.22000, 6.
39.23000, 12.
39.24000, 8.
39.25000, 4.
39.26000, 8.
39.27000, 7.
39.28000, 5.
39.29000, 12.
39.30000, 6.
39.31000, 11.
39.32000, 9.
39.33000, 8.
39.34000, 8.
39.35000, 7.
39.36000, 7.
39.37000, 9.
39.38000, 6.
39.39000, 13.
39.40000, 10.
39.41000, 8.
39.42000, 10.
39.43000, 4.
39.44000, 8.
39.45000, 7.
39.46000, 5.
39.47000, 6.
39.48000, 4.
39.49000, 10.
39.50000, 3.
39.51000, 3.
39.52000, 9.
39.53000, 8.
39.54000, 6.
39.55000, 4.
39.56000, 6.
39.57000, 5.
39.58000, 6.
39.59000, 8.
39.60000, 5.
39.61000, 4.
39.62000, 6.
39.63000, 7.
39.64000, 8.
39.65000, 3.
39.66000, 4.
39.67000, 4.
39.68000, 0.
39.69000, 3.
39.70000, 4.
39.71000, 7.
39.72000, 5.
39.73000, 6.
39.74000, 5.
39.75000, 5.
39.76000, 7.
39.77000, 3.
39.78000, 5.
39.79000, 9.
39.80000, 9.
39.81000, 9.
39.82000, 11.
39.83000, 2.
39.84000, 6.
39.85000, 5.
39.86000, 4.
39.87000, 9.
39.88000, 5.
39.89000, 5.
39.90000, 5.
39.91000, 8.
39.92000, 8.
39.93000, 7.
39.94000, 8.
39.95000, 8.
39.96000, 8.
39.97000, 11.
39.98000, 10.
39.99000, 10.
40.00000, 6.
40.01000, 2.
40.02000, 6.
40.03000, 9.
40.04000, 5.
40.05000, 5.
40.06000, 9.
40.07000, 5.
40.08000, 2.
40.09000, 6.
40.10000, 2.
40.11000, 11.
40.12000, 5.
40.13000, 6.
40.14000, 4.
40.15000, 6.
40.16000, 7.
40.17000, 2.
40.18000, 1.
40.19000, 1.
40.20000, 6.
40.21000, 5.
40.22000, 8.
40.23000, 4.
40.24000, 5.
40.25000, 5.
40.26000, 3.
40.27000, 5.
40.28000, 1.
40.29000, 3.
40.30000, 4.
40.31000, 6.
40.32000, 1.
40.33000, 3.
40.34000, 3.
40.35000, 4.
40.36000, 1.
40.37000, 5.
40.38000, 2.
40.39000, 7.
40.40000, 5.
40.41000, 8.
40.42000, 2.
40.43000, 2.
40.44000, 9.
40.45000, 6.
40.46000, 6.
40.47000, 3.
40.48000, 3.
40.49000, 8.
40.50000, 4.
40.51000, 7.
40.52000, 2.
40.53000, 6.
40.54000, 6.
40.55000, 0.
#ENDOFDATA   : 
