#FORMAT      : EMSA/MAS Spectral Data File
#VERSION     : 1.0
#TITLE       : Spectrum 9
#DATE        : 21-AUG-2025
#TIME        : 15:13
#OWNER       : XGT7200
#NPOINTS     : 4096.
#NCOLUMNS    : 1.
#XUNITS      : keV
#YUNITS      : counts
#DATATYPE    : XY
#XPERCHAN    : 0.0100000
#OFFSET      : -0.400000
#SIGNALTYPE  : EDS
#CHOFFSET    : 40.0000
#LIVETIME    : 30.000000
#REALTIME    : 39.769090
#BEAMKV      : 50.0000
#PROBECUR    : 719000.
#MAGCAM      : 100.000
#XTILTSTGE   : 0.0
#AZIMANGLE   : 0.0
#ELEVANGLE   : 45.0
#XPOSITION mm: 0.0000
#YPOSITION mm: 0.0000
#ZPOSITION mm: 0.0000
##OXINSTPT   : 4
##OXINSTSTROB: 71.91
#SPECTRUM    : Spectral Data Starts Here
-0.40000, 0.
-0.39000, 0.
-0.38000, 0.
-0.37000, 0.
-0.36000, 0.
-0.35000, 0.
-0.34000, 0.
-0.33000, 0.
-0.32000, 0.
-0.31000, 0.
-0.30000, 0.
-0.29000, 0.
-0.28000, 0.
-0.27000, 0.
-0.26000, 0.
-0.25000, 0.
-0.24000, 0.
-0.23000, 0.
-0.22000, 0.
-0.21000, 0.
-0.20000, 0.
-0.19000, 0.
-0.18000, 0.
-0.17000, 0.
-0.16000, 0.
-0.15000, 0.
-0.14000, 0.
-0.13000, 0.
-0.12000, 0.
-0.11000, 0.
-0.10000, 0.
-0.09000, 0.
-0.08000, 0.
-0.07000, 0.
-0.06000, 0.
-0.05000, 0.
-0.04000, 0.
-0.03000, 0.
-0.02000, 0.
-0.01000, 0.
0.00000, 0.
0.01000, 0.
0.02000, 0.
0.03000, 0.
0.04000, 0.
0.05000, 0.
0.06000, 0.
0.07000, 0.
0.08000, 0.
0.09000, 0.
0.10000, 0.
0.11000, 0.
0.12000, 0.
0.13000, 0.
0.14000, 0.
0.15000, 0.
0.16000, 0.
0.17000, 0.
0.18000, 0.
0.19000, 0.
0.20000, 0.
0.21000, 0.
0.22000, 0.
0.23000, 0.
0.24000, 0.
0.25000, 0.
0.26000, 0.
0.27000, 0.
0.28000, 0.
0.29000, 0.
0.30000, 0.
0.31000, 0.
0.32000, 0.
0.33000, 1.
0.34000, 3.
0.35000, 2.
0.36000, 8.
0.37000, 7.
0.38000, 9.
0.39000, 24.
0.40000, 24.
0.41000, 32.
0.42000, 34.
0.43000, 45.
0.44000, 46.
0.45000, 49.
0.46000, 46.
0.47000, 36.
0.48000, 59.
0.49000, 55.
0.50000, 63.
0.51000, 51.
0.52000, 75.
0.53000, 65.
0.54000, 71.
0.55000, 80.
0.56000, 68.
0.57000, 68.
0.58000, 52.
0.59000, 70.
0.60000, 54.
0.61000, 65.
0.62000, 67.
0.63000, 40.
0.64000, 54.
0.65000, 59.
0.66000, 41.
0.67000, 58.
0.68000, 51.
0.69000, 51.
0.70000, 51.
0.71000, 35.
0.72000, 43.
0.73000, 52.
0.74000, 44.
0.75000, 46.
0.76000, 43.
0.77000, 36.
0.78000, 49.
0.79000, 42.
0.80000, 41.
0.81000, 33.
0.82000, 39.
0.83000, 46.
0.84000, 22.
0.85000, 48.
0.86000, 51.
0.87000, 55.
0.88000, 64.
0.89000, 43.
0.90000, 49.
0.91000, 48.
0.92000, 47.
0.93000, 59.
0.94000, 53.
0.95000, 53.
0.96000, 51.
0.97000, 44.
0.98000, 29.
0.99000, 59.
1.00000, 50.
1.01000, 51.
1.02000, 53.
1.03000, 48.
1.04000, 54.
1.05000, 51.
1.06000, 55.
1.07000, 72.
1.08000, 53.
1.09000, 63.
1.10000, 51.
1.11000, 43.
1.12000, 41.
1.13000, 52.
1.14000, 45.
1.15000, 49.
1.16000, 53.
1.17000, 42.
1.18000, 59.
1.19000, 52.
1.20000, 48.
1.21000, 55.
1.22000, 67.
1.23000, 65.
1.24000, 65.
1.25000, 76.
1.26000, 71.
1.27000, 64.
1.28000, 60.
1.29000, 67.
1.30000, 48.
1.31000, 47.
1.32000, 50.
1.33000, 42.
1.34000, 39.
1.35000, 41.
1.36000, 42.
1.37000, 42.
1.38000, 52.
1.39000, 40.
1.40000, 76.
1.41000, 80.
1.42000, 95.
1.43000, 159.
1.44000, 230.
1.45000, 283.
1.46000, 336.
1.47000, 384.
1.48000, 382.
1.49000, 438.
1.50000, 428.
1.51000, 392.
1.52000, 349.
1.53000, 303.
1.54000, 250.
1.55000, 196.
1.56000, 156.
1.57000, 114.
1.58000, 91.
1.59000, 90.
1.60000, 92.
1.61000, 97.
1.62000, 98.
1.63000, 161.
1.64000, 250.
1.65000, 407.
1.66000, 646.
1.67000, 932.
1.68000, 1368.
1.69000, 2040.
1.70000, 2667.
1.71000, 3395.
1.72000, 4027.
1.73000, 4390.
1.74000, 4741.
1.75000, 4851.
1.76000, 4568.
1.77000, 4024.
1.78000, 3466.
1.79000, 2741.
1.80000, 2251.
1.81000, 1680.
1.82000, 1240.
1.83000, 866.
1.84000, 606.
1.85000, 434.
1.86000, 342.
1.87000, 259.
1.88000, 202.
1.89000, 190.
1.90000, 146.
1.91000, 146.
1.92000, 139.
1.93000, 129.
1.94000, 133.
1.95000, 134.
1.96000, 130.
1.97000, 139.
1.98000, 125.
1.99000, 135.
2.00000, 95.
2.01000, 99.
2.02000, 81.
2.03000, 68.
2.04000, 62.
2.05000, 73.
2.06000, 66.
2.07000, 55.
2.08000, 47.
2.09000, 44.
2.10000, 40.
2.11000, 38.
2.12000, 34.
2.13000, 56.
2.14000, 44.
2.15000, 61.
2.16000, 50.
2.17000, 50.
2.18000, 81.
2.19000, 91.
2.20000, 123.
2.21000, 189.
2.22000, 262.
2.23000, 369.
2.24000, 513.
2.25000, 657.
2.26000, 879.
2.27000, 1069.
2.28000, 1290.
2.29000, 1413.
2.30000, 1557.
2.31000, 1525.
2.32000, 1537.
2.33000, 1412.
2.34000, 1211.
2.35000, 1110.
2.36000, 894.
2.37000, 711.
2.38000, 543.
2.39000, 434.
2.40000, 288.
2.41000, 236.
2.42000, 176.
2.43000, 187.
2.44000, 167.
2.45000, 157.
2.46000, 143.
2.47000, 145.
2.48000, 148.
2.49000, 144.
2.50000, 136.
2.51000, 125.
2.52000, 111.
2.53000, 106.
2.54000, 76.
2.55000, 95.
2.56000, 92.
2.57000, 92.
2.58000, 109.
2.59000, 135.
2.60000, 121.
2.61000, 192.
2.62000, 204.
2.63000, 252.
2.64000, 283.
2.65000, 363.
2.66000, 381.
2.67000, 450.
2.68000, 490.
2.69000, 523.
2.70000, 520.
2.71000, 563.
2.72000, 466.
2.73000, 415.
2.74000, 407.
2.75000, 404.
2.76000, 334.
2.77000, 304.
2.78000, 297.
2.79000, 315.
2.80000, 343.
2.81000, 331.
2.82000, 322.
2.83000, 397.
2.84000, 358.
2.85000, 355.
2.86000, 379.
2.87000, 336.
2.88000, 326.
2.89000, 280.
2.90000, 262.
2.91000, 194.
2.92000, 185.
2.93000, 167.
2.94000, 137.
2.95000, 148.
2.96000, 114.
2.97000, 137.
2.98000, 122.
2.99000, 85.
3.00000, 94.
3.01000, 75.
3.02000, 88.
3.03000, 65.
3.04000, 57.
3.05000, 60.
3.06000, 50.
3.07000, 44.
3.08000, 42.
3.09000, 55.
3.10000, 43.
3.11000, 37.
3.12000, 34.
3.13000, 50.
3.14000, 41.
3.15000, 50.
3.16000, 52.
3.17000, 48.
3.18000, 52.
3.19000, 70.
3.20000, 66.
3.21000, 79.
3.22000, 94.
3.23000, 133.
3.24000, 179.
3.25000, 211.
3.26000, 261.
3.27000, 307.
3.28000, 387.
3.29000, 387.
3.30000, 463.
3.31000, 483.
3.32000, 485.
3.33000, 530.
3.34000, 435.
3.35000, 395.
3.36000, 345.
3.37000, 282.
3.38000, 224.
3.39000, 221.
3.40000, 141.
3.41000, 131.
3.42000, 101.
3.43000, 84.
3.44000, 65.
3.45000, 74.
3.46000, 65.
3.47000, 68.
3.48000, 58.
3.49000, 80.
3.50000, 77.
3.51000, 95.
3.52000, 117.
3.53000, 145.
3.54000, 179.
3.55000, 258.
3.56000, 392.
3.57000, 520.
3.58000, 743.
3.59000, 990.
3.60000, 1452.
3.61000, 1900.
3.62000, 2606.
3.63000, 3353.
3.64000, 4023.
3.65000, 5145.
3.66000, 5766.
3.67000, 6599.
3.68000, 6983.
3.69000, 7283.
3.70000, 7297.
3.71000, 7079.
3.72000, 6510.
3.73000, 5743.
3.74000, 4866.
3.75000, 4078.
3.76000, 3265.
3.77000, 2590.
3.78000, 1813.
3.79000, 1262.
3.80000, 908.
3.81000, 610.
3.82000, 397.
3.83000, 257.
3.84000, 186.
3.85000, 114.
3.86000, 122.
3.87000, 111.
3.88000, 132.
3.89000, 137.
3.90000, 177.
3.91000, 201.
3.92000, 232.
3.93000, 334.
3.94000, 389.
3.95000, 522.
3.96000, 604.
3.97000, 744.
3.98000, 875.
3.99000, 954.
4.00000, 1021.
4.01000, 1082.
4.02000, 1036.
4.03000, 1003.
4.04000, 1011.
4.05000, 917.
4.06000, 789.
4.07000, 662.
4.08000, 542.
4.09000, 399.
4.10000, 305.
4.11000, 249.
4.12000, 181.
4.13000, 126.
4.14000, 95.
4.15000, 85.
4.16000, 69.
4.17000, 52.
4.18000, 38.
4.19000, 33.
4.20000, 23.
4.21000, 37.
4.22000, 28.
4.23000, 24.
4.24000, 33.
4.25000, 26.
4.26000, 24.
4.27000, 34.
4.28000, 28.
4.29000, 31.
4.30000, 24.
4.31000, 26.
4.32000, 26.
4.33000, 31.
4.34000, 37.
4.35000, 26.
4.36000, 35.
4.37000, 34.
4.38000, 59.
4.39000, 56.
4.40000, 70.
4.41000, 84.
4.42000, 105.
4.43000, 131.
4.44000, 151.
4.45000, 178.
4.46000, 186.
4.47000, 233.
4.48000, 285.
4.49000, 291.
4.50000, 283.
4.51000, 318.
4.52000, 324.
4.53000, 245.
4.54000, 264.
4.55000, 246.
4.56000, 224.
4.57000, 177.
4.58000, 170.
4.59000, 144.
4.60000, 119.
4.61000, 109.
4.62000, 94.
4.63000, 81.
4.64000, 78.
4.65000, 79.
4.66000, 77.
4.67000, 68.
4.68000, 82.
4.69000, 48.
4.70000, 75.
4.71000, 59.
4.72000, 72.
4.73000, 57.
4.74000, 60.
4.75000, 56.
4.76000, 48.
4.77000, 65.
4.78000, 58.
4.79000, 63.
4.80000, 56.
4.81000, 52.
4.82000, 73.
4.83000, 66.
4.84000, 79.
4.85000, 57.
4.86000, 74.
4.87000, 76.
4.88000, 76.
4.89000, 65.
4.90000, 86.
4.91000, 96.
4.92000, 94.
4.93000, 81.
4.94000, 83.
4.95000, 90.
4.96000, 79.
4.97000, 90.
4.98000, 83.
4.99000, 74.
5.00000, 71.
5.01000, 63.
5.02000, 48.
5.03000, 44.
5.04000, 49.
5.05000, 52.
5.06000, 46.
5.07000, 34.
5.08000, 42.
5.09000, 35.
5.10000, 44.
5.11000, 56.
5.12000, 50.
5.13000, 40.
5.14000, 49.
5.15000, 47.
5.16000, 48.
5.17000, 47.
5.18000, 36.
5.19000, 40.
5.20000, 45.
5.21000, 47.
5.22000, 50.
5.23000, 50.
5.24000, 49.
5.25000, 58.
5.26000, 51.
5.27000, 51.
5.28000, 60.
5.29000, 57.
5.30000, 47.
5.31000, 66.
5.32000, 54.
5.33000, 59.
5.34000, 76.
5.35000, 51.
5.36000, 77.
5.37000, 73.
5.38000, 62.
5.39000, 65.
5.40000, 67.
5.41000, 63.
5.42000, 67.
5.43000, 76.
5.44000, 61.
5.45000, 71.
5.46000, 84.
5.47000, 80.
5.48000, 61.
5.49000, 54.
5.50000, 64.
5.51000, 61.
5.52000, 58.
5.53000, 52.
5.54000, 60.
5.55000, 50.
5.56000, 55.
5.57000, 50.
5.58000, 57.
5.59000, 58.
5.60000, 45.
5.61000, 67.
5.62000, 61.
5.63000, 74.
5.64000, 53.
5.65000, 70.
5.66000, 59.
5.67000, 59.
5.68000, 62.
5.69000, 56.
5.70000, 59.
5.71000, 48.
5.72000, 67.
5.73000, 63.
5.74000, 58.
5.75000, 61.
5.76000, 63.
5.77000, 89.
5.78000, 75.
5.79000, 114.
5.80000, 108.
5.81000, 118.
5.82000, 169.
5.83000, 165.
5.84000, 169.
5.85000, 191.
5.86000, 240.
5.87000, 245.
5.88000, 233.
5.89000, 279.
5.90000, 256.
5.91000, 269.
5.92000, 252.
5.93000, 234.
5.94000, 208.
5.95000, 181.
5.96000, 197.
5.97000, 135.
5.98000, 131.
5.99000, 105.
6.00000, 100.
6.01000, 89.
6.02000, 80.
6.03000, 68.
6.04000, 65.
6.05000, 74.
6.06000, 68.
6.07000, 67.
6.08000, 75.
6.09000, 82.
6.10000, 96.
6.11000, 68.
6.12000, 105.
6.13000, 51.
6.14000, 81.
6.15000, 80.
6.16000, 85.
6.17000, 113.
6.18000, 108.
6.19000, 150.
6.20000, 157.
6.21000, 188.
6.22000, 285.
6.23000, 297.
6.24000, 450.
6.25000, 630.
6.26000, 900.
6.27000, 1166.
6.28000, 1613.
6.29000, 2195.
6.30000, 2799.
6.31000, 3632.
6.32000, 4254.
6.33000, 5454.
6.34000, 6492.
6.35000, 7316.
6.36000, 8187.
6.37000, 8785.
6.38000, 9421.
6.39000, 9914.
6.40000, 10106.
6.41000, 9796.
6.42000, 9610.
6.43000, 8943.
6.44000, 8028.
6.45000, 7092.
6.46000, 6180.
6.47000, 5119.
6.48000, 4247.
6.49000, 3376.
6.50000, 2586.
6.51000, 2084.
6.52000, 1555.
6.53000, 1174.
6.54000, 810.
6.55000, 629.
6.56000, 428.
6.57000, 315.
6.58000, 201.
6.59000, 179.
6.60000, 150.
6.61000, 126.
6.62000, 101.
6.63000, 107.
6.64000, 109.
6.65000, 103.
6.66000, 93.
6.67000, 110.
6.68000, 103.
6.69000, 104.
6.70000, 104.
6.71000, 94.
6.72000, 104.
6.73000, 110.
6.74000, 91.
6.75000, 93.
6.76000, 114.
6.77000, 109.
6.78000, 95.
6.79000, 110.
6.80000, 91.
6.81000, 101.
6.82000, 102.
6.83000, 119.
6.84000, 125.
6.85000, 120.
6.86000, 149.
6.87000, 156.
6.88000, 159.
6.89000, 207.
6.90000, 193.
6.91000, 283.
6.92000, 322.
6.93000, 364.
6.94000, 455.
6.95000, 539.
6.96000, 674.
6.97000, 725.
6.98000, 906.
6.99000, 1062.
7.00000, 1204.
7.01000, 1349.
7.02000, 1450.
7.03000, 1518.
7.04000, 1671.
7.05000, 1637.
7.06000, 1640.
7.07000, 1603.
7.08000, 1467.
7.09000, 1419.
7.10000, 1253.
7.11000, 1110.
7.12000, 956.
7.13000, 833.
7.14000, 725.
7.15000, 569.
7.16000, 468.
7.17000, 398.
7.18000, 285.
7.19000, 253.
7.20000, 194.
7.21000, 145.
7.22000, 147.
7.23000, 121.
7.24000, 106.
7.25000, 86.
7.26000, 90.
7.27000, 91.
7.28000, 73.
7.29000, 93.
7.30000, 85.
7.31000, 80.
7.32000, 85.
7.33000, 86.
7.34000, 66.
7.35000, 85.
7.36000, 90.
7.37000, 85.
7.38000, 82.
7.39000, 87.
7.40000, 71.
7.41000, 87.
7.42000, 77.
7.43000, 77.
7.44000, 89.
7.45000, 87.
7.46000, 86.
7.47000, 83.
7.48000, 83.
7.49000, 82.
7.50000, 82.
7.51000, 84.
7.52000, 103.
7.53000, 75.
7.54000, 85.
7.55000, 72.
7.56000, 65.
7.57000, 66.
7.58000, 63.
7.59000, 64.
7.60000, 72.
7.61000, 82.
7.62000, 77.
7.63000, 62.
7.64000, 80.
7.65000, 73.
7.66000, 86.
7.67000, 81.
7.68000, 83.
7.69000, 84.
7.70000, 86.
7.71000, 84.
7.72000, 95.
7.73000, 78.
7.74000, 86.
7.75000, 85.
7.76000, 80.
7.77000, 76.
7.78000, 83.
7.79000, 77.
7.80000, 103.
7.81000, 97.
7.82000, 74.
7.83000, 93.
7.84000, 81.
7.85000, 83.
7.86000, 106.
7.87000, 93.
7.88000, 82.
7.89000, 114.
7.90000, 96.
7.91000, 100.
7.92000, 94.
7.93000, 100.
7.94000, 107.
7.95000, 122.
7.96000, 98.
7.97000, 110.
7.98000, 125.
7.99000, 115.
8.00000, 129.
8.01000, 120.
8.02000, 134.
8.03000, 139.
8.04000, 140.
8.05000, 132.
8.06000, 130.
8.07000, 127.
8.08000, 138.
8.09000, 138.
8.10000, 149.
8.11000, 144.
8.12000, 142.
8.13000, 129.
8.14000, 156.
8.15000, 119.
8.16000, 114.
8.17000, 113.
8.18000, 110.
8.19000, 129.
8.20000, 105.
8.21000, 133.
8.22000, 104.
8.23000, 107.
8.24000, 128.
8.25000, 111.
8.26000, 106.
8.27000, 112.
8.28000, 98.
8.29000, 107.
8.30000, 102.
8.31000, 107.
8.32000, 113.
8.33000, 98.
8.34000, 99.
8.35000, 110.
8.36000, 95.
8.37000, 109.
8.38000, 110.
8.39000, 122.
8.40000, 123.
8.41000, 135.
8.42000, 111.
8.43000, 127.
8.44000, 119.
8.45000, 138.
8.46000, 139.
8.47000, 126.
8.48000, 144.
8.49000, 141.
8.50000, 145.
8.51000, 149.
8.52000, 179.
8.53000, 199.
8.54000, 209.
8.55000, 235.
8.56000, 247.
8.57000, 272.
8.58000, 267.
8.59000, 282.
8.60000, 309.
8.61000, 288.
8.62000, 313.
8.63000, 340.
8.64000, 335.
8.65000, 333.
8.66000, 304.
8.67000, 274.
8.68000, 280.
8.69000, 271.
8.70000, 232.
8.71000, 234.
8.72000, 208.
8.73000, 190.
8.74000, 179.
8.75000, 165.
8.76000, 162.
8.77000, 146.
8.78000, 140.
8.79000, 137.
8.80000, 115.
8.81000, 122.
8.82000, 136.
8.83000, 135.
8.84000, 133.
8.85000, 121.
8.86000, 120.
8.87000, 124.
8.88000, 119.
8.89000, 125.
8.90000, 115.
8.91000, 121.
8.92000, 122.
8.93000, 100.
8.94000, 104.
8.95000, 110.
8.96000, 133.
8.97000, 118.
8.98000, 122.
8.99000, 122.
9.00000, 113.
9.01000, 126.
9.02000, 125.
9.03000, 117.
9.04000, 140.
9.05000, 115.
9.06000, 105.
9.07000, 129.
9.08000, 127.
9.09000, 154.
9.10000, 101.
9.11000, 131.
9.12000, 125.
9.13000, 137.
9.14000, 134.
9.15000, 142.
9.16000, 126.
9.17000, 162.
9.18000, 162.
9.19000, 115.
9.20000, 143.
9.21000, 139.
9.22000, 149.
9.23000, 159.
9.24000, 146.
9.25000, 140.
9.26000, 147.
9.27000, 135.
9.28000, 142.
9.29000, 144.
9.30000, 138.
9.31000, 136.
9.32000, 157.
9.33000, 144.
9.34000, 144.
9.35000, 140.
9.36000, 141.
9.37000, 135.
9.38000, 157.
9.39000, 143.
9.40000, 142.
9.41000, 156.
9.42000, 139.
9.43000, 136.
9.44000, 143.
9.45000, 160.
9.46000, 155.
9.47000, 154.
9.48000, 162.
9.49000, 145.
9.50000, 141.
9.51000, 171.
9.52000, 159.
9.53000, 158.
9.54000, 168.
9.55000, 165.
9.56000, 179.
9.57000, 144.
9.58000, 155.
9.59000, 164.
9.60000, 165.
9.61000, 154.
9.62000, 163.
9.63000, 134.
9.64000, 179.
9.65000, 160.
9.66000, 154.
9.67000, 120.
9.68000, 130.
9.69000, 168.
9.70000, 138.
9.71000, 134.
9.72000, 142.
9.73000, 154.
9.74000, 135.
9.75000, 130.
9.76000, 138.
9.77000, 125.
9.78000, 130.
9.79000, 145.
9.80000, 131.
9.81000, 136.
9.82000, 121.
9.83000, 143.
9.84000, 141.
9.85000, 139.
9.86000, 133.
9.87000, 134.
9.88000, 144.
9.89000, 133.
9.90000, 138.
9.91000, 145.
9.92000, 159.
9.93000, 172.
9.94000, 156.
9.95000, 136.
9.96000, 156.
9.97000, 138.
9.98000, 138.
9.99000, 157.
10.00000, 145.
10.01000, 163.
10.02000, 114.
10.03000, 143.
10.04000, 154.
10.05000, 149.
10.06000, 168.
10.07000, 155.
10.08000, 163.
10.09000, 181.
10.10000, 124.
10.11000, 143.
10.12000, 158.
10.13000, 134.
10.14000, 153.
10.15000, 145.
10.16000, 154.
10.17000, 161.
10.18000, 154.
10.19000, 141.
10.20000, 141.
10.21000, 125.
10.22000, 151.
10.23000, 147.
10.24000, 138.
10.25000, 141.
10.26000, 145.
10.27000, 127.
10.28000, 151.
10.29000, 168.
10.30000, 152.
10.31000, 135.
10.32000, 153.
10.33000, 139.
10.34000, 128.
10.35000, 138.
10.36000, 160.
10.37000, 165.
10.38000, 162.
10.39000, 164.
10.40000, 142.
10.41000, 177.
10.42000, 175.
10.43000, 170.
10.44000, 185.
10.45000, 173.
10.46000, 172.
10.47000, 157.
10.48000, 203.
10.49000, 194.
10.50000, 203.
10.51000, 223.
10.52000, 223.
10.53000, 220.
10.54000, 190.
10.55000, 195.
10.56000, 216.
10.57000, 182.
10.58000, 184.
10.59000, 178.
10.60000, 199.
10.61000, 179.
10.62000, 174.
10.63000, 190.
10.64000, 160.
10.65000, 170.
10.66000, 182.
10.67000, 159.
10.68000, 168.
10.69000, 167.
10.70000, 131.
10.71000, 165.
10.72000, 142.
10.73000, 134.
10.74000, 135.
10.75000, 141.
10.76000, 148.
10.77000, 158.
10.78000, 173.
10.79000, 161.
10.80000, 174.
10.81000, 146.
10.82000, 146.
10.83000, 141.
10.84000, 155.
10.85000, 156.
10.86000, 144.
10.87000, 131.
10.88000, 142.
10.89000, 162.
10.90000, 185.
10.91000, 164.
10.92000, 146.
10.93000, 146.
10.94000, 162.
10.95000, 156.
10.96000, 157.
10.97000, 148.
10.98000, 131.
10.99000, 133.
11.00000, 172.
11.01000, 155.
11.02000, 144.
11.03000, 157.
11.04000, 160.
11.05000, 147.
11.06000, 164.
11.07000, 153.
11.08000, 152.
11.09000, 178.
11.10000, 130.
11.11000, 173.
11.12000, 177.
11.13000, 156.
11.14000, 155.
11.15000, 172.
11.16000, 161.
11.17000, 161.
11.18000, 154.
11.19000, 148.
11.20000, 149.
11.21000, 163.
11.22000, 161.
11.23000, 157.
11.24000, 169.
11.25000, 159.
11.26000, 174.
11.27000, 164.
11.28000, 144.
11.29000, 165.
11.30000, 178.
11.31000, 151.
11.32000, 134.
11.33000, 163.
11.34000, 159.
11.35000, 174.
11.36000, 169.
11.37000, 157.
11.38000, 167.
11.39000, 180.
11.40000, 161.
11.41000, 151.
11.42000, 155.
11.43000, 124.
11.44000, 155.
11.45000, 164.
11.46000, 182.
11.47000, 193.
11.48000, 172.
11.49000, 166.
11.50000, 167.
11.51000, 149.
11.52000, 145.
11.53000, 168.
11.54000, 158.
11.55000, 170.
11.56000, 161.
11.57000, 161.
11.58000, 168.
11.59000, 163.
11.60000, 157.
11.61000, 173.
11.62000, 177.
11.63000, 196.
11.64000, 143.
11.65000, 154.
11.66000, 179.
11.67000, 169.
11.68000, 187.
11.69000, 151.
11.70000, 170.
11.71000, 176.
11.72000, 171.
11.73000, 155.
11.74000, 165.
11.75000, 167.
11.76000, 163.
11.77000, 170.
11.78000, 194.
11.79000, 184.
11.80000, 187.
11.81000, 173.
11.82000, 178.
11.83000, 165.
11.84000, 144.
11.85000, 168.
11.86000, 173.
11.87000, 163.
11.88000, 168.
11.89000, 179.
11.90000, 170.
11.91000, 191.
11.92000, 167.
11.93000, 167.
11.94000, 208.
11.95000, 182.
11.96000, 176.
11.97000, 186.
11.98000, 167.
11.99000, 168.
12.00000, 166.
12.01000, 190.
12.02000, 147.
12.03000, 161.
12.04000, 188.
12.05000, 167.
12.06000, 132.
12.07000, 172.
12.08000, 143.
12.09000, 175.
12.10000, 152.
12.11000, 159.
12.12000, 162.
12.13000, 166.
12.14000, 160.
12.15000, 162.
12.16000, 171.
12.17000, 174.
12.18000, 167.
12.19000, 166.
12.20000, 190.
12.21000, 186.
12.22000, 188.
12.23000, 183.
12.24000, 170.
12.25000, 175.
12.26000, 152.
12.27000, 193.
12.28000, 189.
12.29000, 180.
12.30000, 175.
12.31000, 192.
12.32000, 180.
12.33000, 170.
12.34000, 164.
12.35000, 167.
12.36000, 163.
12.37000, 179.
12.38000, 174.
12.39000, 165.
12.40000, 209.
12.41000, 164.
12.42000, 176.
12.43000, 163.
12.44000, 190.
12.45000, 179.
12.46000, 162.
12.47000, 158.
12.48000, 205.
12.49000, 195.
12.50000, 162.
12.51000, 176.
12.52000, 186.
12.53000, 188.
12.54000, 189.
12.55000, 174.
12.56000, 178.
12.57000, 201.
12.58000, 190.
12.59000, 201.
12.60000, 209.
12.61000, 185.
12.62000, 189.
12.63000, 214.
12.64000, 217.
12.65000, 202.
12.66000, 193.
12.67000, 204.
12.68000, 202.
12.69000, 203.
12.70000, 202.
12.71000, 192.
12.72000, 185.
12.73000, 183.
12.74000, 191.
12.75000, 199.
12.76000, 183.
12.77000, 206.
12.78000, 178.
12.79000, 200.
12.80000, 183.
12.81000, 169.
12.82000, 173.
12.83000, 166.
12.84000, 162.
12.85000, 197.
12.86000, 199.
12.87000, 190.
12.88000, 164.
12.89000, 197.
12.90000, 190.
12.91000, 203.
12.92000, 174.
12.93000, 167.
12.94000, 185.
12.95000, 188.
12.96000, 164.
12.97000, 191.
12.98000, 166.
12.99000, 177.
13.00000, 157.
13.01000, 175.
13.02000, 163.
13.03000, 167.
13.04000, 197.
13.05000, 182.
13.06000, 171.
13.07000, 169.
13.08000, 171.
13.09000, 206.
13.10000, 188.
13.11000, 193.
13.12000, 192.
13.13000, 166.
13.14000, 174.
13.15000, 189.
13.16000, 155.
13.17000, 182.
13.18000, 174.
13.19000, 177.
13.20000, 167.
13.21000, 188.
13.22000, 191.
13.23000, 174.
13.24000, 185.
13.25000, 164.
13.26000, 185.
13.27000, 178.
13.28000, 200.
13.29000, 206.
13.30000, 188.
13.31000, 214.
13.32000, 206.
13.33000, 199.
13.34000, 195.
13.35000, 186.
13.36000, 212.
13.37000, 186.
13.38000, 220.
13.39000, 199.
13.40000, 203.
13.41000, 194.
13.42000, 177.
13.43000, 213.
13.44000, 185.
13.45000, 214.
13.46000, 215.
13.47000, 179.
13.48000, 190.
13.49000, 175.
13.50000, 191.
13.51000, 179.
13.52000, 184.
13.53000, 197.
13.54000, 179.
13.55000, 174.
13.56000, 173.
13.57000, 185.
13.58000, 174.
13.59000, 183.
13.60000, 169.
13.61000, 208.
13.62000, 181.
13.63000, 183.
13.64000, 178.
13.65000, 146.
13.66000, 187.
13.67000, 175.
13.68000, 189.
13.69000, 190.
13.70000, 171.
13.71000, 177.
13.72000, 177.
13.73000, 156.
13.74000, 168.
13.75000, 154.
13.76000, 174.
13.77000, 199.
13.78000, 205.
13.79000, 179.
13.80000, 168.
13.81000, 171.
13.82000, 177.
13.83000, 182.
13.84000, 168.
13.85000, 172.
13.86000, 171.
13.87000, 174.
13.88000, 185.
13.89000, 155.
13.90000, 180.
13.91000, 205.
13.92000, 186.
13.93000, 190.
13.94000, 230.
13.95000, 231.
13.96000, 219.
13.97000, 244.
13.98000, 247.
13.99000, 273.
14.00000, 290.
14.01000, 316.
14.02000, 320.
14.03000, 349.
14.04000, 365.
14.05000, 381.
14.06000, 403.
14.07000, 400.
14.08000, 437.
14.09000, 433.
14.10000, 507.
14.11000, 503.
14.12000, 441.
14.13000, 462.
14.14000, 492.
14.15000, 474.
14.16000, 460.
14.17000, 450.
14.18000, 406.
14.19000, 427.
14.20000, 390.
14.21000, 373.
14.22000, 353.
14.23000, 319.
14.24000, 315.
14.25000, 294.
14.26000, 289.
14.27000, 247.
14.28000, 224.
14.29000, 238.
14.30000, 233.
14.31000, 202.
14.32000, 182.
14.33000, 198.
14.34000, 179.
14.35000, 161.
14.36000, 188.
14.37000, 174.
14.38000, 181.
14.39000, 161.
14.40000, 176.
14.41000, 177.
14.42000, 162.
14.43000, 155.
14.44000, 168.
14.45000, 161.
14.46000, 173.
14.47000, 169.
14.48000, 179.
14.49000, 168.
14.50000, 181.
14.51000, 175.
14.52000, 195.
14.53000, 183.
14.54000, 159.
14.55000, 155.
14.56000, 170.
14.57000, 195.
14.58000, 190.
14.59000, 180.
14.60000, 171.
14.61000, 149.
14.62000, 151.
14.63000, 174.
14.64000, 159.
14.65000, 177.
14.66000, 171.
14.67000, 200.
14.68000, 162.
14.69000, 184.
14.70000, 171.
14.71000, 179.
14.72000, 157.
14.73000, 158.
14.74000, 176.
14.75000, 166.
14.76000, 182.
14.77000, 169.
14.78000, 179.
14.79000, 187.
14.80000, 184.
14.81000, 187.
14.82000, 201.
14.83000, 173.
14.84000, 208.
14.85000, 199.
14.86000, 179.
14.87000, 207.
14.88000, 191.
14.89000, 202.
14.90000, 197.
14.91000, 183.
14.92000, 187.
14.93000, 196.
14.94000, 210.
14.95000, 190.
14.96000, 211.
14.97000, 168.
14.98000, 211.
14.99000, 206.
15.00000, 169.
15.01000, 171.
15.02000, 205.
15.03000, 174.
15.04000, 168.
15.05000, 186.
15.06000, 181.
15.07000, 156.
15.08000, 154.
15.09000, 169.
15.10000, 184.
15.11000, 161.
15.12000, 206.
15.13000, 197.
15.14000, 177.
15.15000, 173.
15.16000, 181.
15.17000, 168.
15.18000, 197.
15.19000, 201.
15.20000, 192.
15.21000, 168.
15.22000, 185.
15.23000, 152.
15.24000, 174.
15.25000, 178.
15.26000, 181.
15.27000, 173.
15.28000, 167.
15.29000, 163.
15.30000, 175.
15.31000, 168.
15.32000, 156.
15.33000, 157.
15.34000, 173.
15.35000, 165.
15.36000, 165.
15.37000, 174.
15.38000, 172.
15.39000, 185.
15.40000, 140.
15.41000, 171.
15.42000, 170.
15.43000, 169.
15.44000, 149.
15.45000, 178.
15.46000, 159.
15.47000, 182.
15.48000, 185.
15.49000, 188.
15.50000, 164.
15.51000, 164.
15.52000, 203.
15.53000, 182.
15.54000, 180.
15.55000, 195.
15.56000, 214.
15.57000, 232.
15.58000, 211.
15.59000, 203.
15.60000, 204.
15.61000, 219.
15.62000, 243.
15.63000, 220.
15.64000, 212.
15.65000, 222.
15.66000, 249.
15.67000, 279.
15.68000, 271.
15.69000, 275.
15.70000, 278.
15.71000, 287.
15.72000, 281.
15.73000, 274.
15.74000, 263.
15.75000, 270.
15.76000, 268.
15.77000, 265.
15.78000, 318.
15.79000, 287.
15.80000, 286.
15.81000, 276.
15.82000, 303.
15.83000, 279.
15.84000, 268.
15.85000, 255.
15.86000, 234.
15.87000, 248.
15.88000, 229.
15.89000, 215.
15.90000, 214.
15.91000, 218.
15.92000, 211.
15.93000, 193.
15.94000, 190.
15.95000, 225.
15.96000, 185.
15.97000, 190.
15.98000, 173.
15.99000, 171.
16.00000, 178.
16.01000, 191.
16.02000, 175.
16.03000, 175.
16.04000, 196.
16.05000, 183.
16.06000, 170.
16.07000, 195.
16.08000, 188.
16.09000, 163.
16.10000, 179.
16.11000, 170.
16.12000, 172.
16.13000, 181.
16.14000, 172.
16.15000, 169.
16.16000, 160.
16.17000, 172.
16.18000, 153.
16.19000, 202.
16.20000, 171.
16.21000, 181.
16.22000, 202.
16.23000, 183.
16.24000, 154.
16.25000, 157.
16.26000, 163.
16.27000, 146.
16.28000, 150.
16.29000, 163.
16.30000, 147.
16.31000, 169.
16.32000, 153.
16.33000, 171.
16.34000, 166.
16.35000, 158.
16.36000, 165.
16.37000, 165.
16.38000, 191.
16.39000, 163.
16.40000, 144.
16.41000, 187.
16.42000, 155.
16.43000, 190.
16.44000, 162.
16.45000, 164.
16.46000, 179.
16.47000, 167.
16.48000, 158.
16.49000, 166.
16.50000, 195.
16.51000, 212.
16.52000, 161.
16.53000, 176.
16.54000, 169.
16.55000, 192.
16.56000, 173.
16.57000, 188.
16.58000, 181.
16.59000, 171.
16.60000, 185.
16.61000, 170.
16.62000, 184.
16.63000, 175.
16.64000, 163.
16.65000, 170.
16.66000, 204.
16.67000, 189.
16.68000, 160.
16.69000, 162.
16.70000, 170.
16.71000, 182.
16.72000, 167.
16.73000, 147.
16.74000, 166.
16.75000, 169.
16.76000, 168.
16.77000, 159.
16.78000, 183.
16.79000, 207.
16.80000, 163.
16.81000, 172.
16.82000, 183.
16.83000, 195.
16.84000, 160.
16.85000, 174.
16.86000, 177.
16.87000, 165.
16.88000, 157.
16.89000, 188.
16.90000, 154.
16.91000, 180.
16.92000, 190.
16.93000, 171.
16.94000, 176.
16.95000, 154.
16.96000, 190.
16.97000, 162.
16.98000, 146.
16.99000, 180.
17.00000, 181.
17.01000, 161.
17.02000, 184.
17.03000, 189.
17.04000, 168.
17.05000, 165.
17.06000, 191.
17.07000, 179.
17.08000, 175.
17.09000, 186.
17.10000, 180.
17.11000, 191.
17.12000, 170.
17.13000, 174.
17.14000, 187.
17.15000, 198.
17.16000, 157.
17.17000, 173.
17.18000, 157.
17.19000, 189.
17.20000, 173.
17.21000, 160.
17.22000, 204.
17.23000, 156.
17.24000, 189.
17.25000, 176.
17.26000, 172.
17.27000, 174.
17.28000, 191.
17.29000, 164.
17.30000, 214.
17.31000, 174.
17.32000, 210.
17.33000, 195.
17.34000, 178.
17.35000, 198.
17.36000, 208.
17.37000, 190.
17.38000, 210.
17.39000, 183.
17.40000, 189.
17.41000, 206.
17.42000, 174.
17.43000, 203.
17.44000, 230.
17.45000, 174.
17.46000, 237.
17.47000, 181.
17.48000, 178.
17.49000, 195.
17.50000, 180.
17.51000, 234.
17.52000, 216.
17.53000, 202.
17.54000, 214.
17.55000, 174.
17.56000, 206.
17.57000, 201.
17.58000, 201.
17.59000, 218.
17.60000, 211.
17.61000, 207.
17.62000, 195.
17.63000, 224.
17.64000, 222.
17.65000, 220.
17.66000, 215.
17.67000, 249.
17.68000, 220.
17.69000, 209.
17.70000, 229.
17.71000, 225.
17.72000, 204.
17.73000, 231.
17.74000, 213.
17.75000, 209.
17.76000, 201.
17.77000, 200.
17.78000, 209.
17.79000, 245.
17.80000, 222.
17.81000, 223.
17.82000, 214.
17.83000, 229.
17.84000, 210.
17.85000, 240.
17.86000, 214.
17.87000, 217.
17.88000, 217.
17.89000, 241.
17.90000, 245.
17.91000, 215.
17.92000, 238.
17.93000, 250.
17.94000, 201.
17.95000, 239.
17.96000, 250.
17.97000, 213.
17.98000, 225.
17.99000, 222.
18.00000, 246.
18.01000, 258.
18.02000, 245.
18.03000, 235.
18.04000, 267.
18.05000, 265.
18.06000, 257.
18.07000, 287.
18.08000, 282.
18.09000, 288.
18.10000, 285.
18.11000, 303.
18.12000, 265.
18.13000, 254.
18.14000, 252.
18.15000, 321.
18.16000, 260.
18.17000, 315.
18.18000, 316.
18.19000, 309.
18.20000, 316.
18.21000, 307.
18.22000, 302.
18.23000, 331.
18.24000, 332.
18.25000, 367.
18.26000, 347.
18.27000, 376.
18.28000, 361.
18.29000, 348.
18.30000, 411.
18.31000, 407.
18.32000, 381.
18.33000, 418.
18.34000, 431.
18.35000, 449.
18.36000, 449.
18.37000, 447.
18.38000, 437.
18.39000, 492.
18.40000, 466.
18.41000, 509.
18.42000, 526.
18.43000, 530.
18.44000, 512.
18.45000, 553.
18.46000, 569.
18.47000, 605.
18.48000, 619.
18.49000, 673.
18.50000, 627.
18.51000, 673.
18.52000, 701.
18.53000, 758.
18.54000, 685.
18.55000, 763.
18.56000, 768.
18.57000, 814.
18.58000, 846.
18.59000, 864.
18.60000, 850.
18.61000, 823.
18.62000, 901.
18.63000, 909.
18.64000, 968.
18.65000, 983.
18.66000, 950.
18.67000, 916.
18.68000, 993.
18.69000, 1028.
18.70000, 1049.
18.71000, 1061.
18.72000, 1118.
18.73000, 1081.
18.74000, 1077.
18.75000, 1081.
18.76000, 1049.
18.77000, 1062.
18.78000, 1062.
18.79000, 1103.
18.80000, 1110.
18.81000, 1150.
18.82000, 1074.
18.83000, 1062.
18.84000, 1070.
18.85000, 1061.
18.86000, 1083.
18.87000, 1090.
18.88000, 1025.
18.89000, 1023.
18.90000, 1053.
18.91000, 978.
18.92000, 974.
18.93000, 958.
18.94000, 977.
18.95000, 938.
18.96000, 994.
18.97000, 935.
18.98000, 894.
18.99000, 831.
19.00000, 822.
19.01000, 821.
19.02000, 786.
19.03000, 776.
19.04000, 785.
19.05000, 744.
19.06000, 744.
19.07000, 738.
19.08000, 690.
19.09000, 663.
19.10000, 682.
19.11000, 638.
19.12000, 583.
19.13000, 618.
19.14000, 574.
19.15000, 575.
19.16000, 548.
19.17000, 559.
19.18000, 543.
19.19000, 509.
19.20000, 522.
19.21000, 479.
19.22000, 486.
19.23000, 463.
19.24000, 444.
19.25000, 421.
19.26000, 421.
19.27000, 426.
19.28000, 356.
19.29000, 378.
19.30000, 367.
19.31000, 349.
19.32000, 399.
19.33000, 373.
19.34000, 334.
19.35000, 359.
19.36000, 336.
19.37000, 327.
19.38000, 323.
19.39000, 332.
19.40000, 329.
19.41000, 314.
19.42000, 300.
19.43000, 312.
19.44000, 276.
19.45000, 297.
19.46000, 214.
19.47000, 268.
19.48000, 287.
19.49000, 250.
19.50000, 273.
19.51000, 242.
19.52000, 227.
19.53000, 227.
19.54000, 266.
19.55000, 260.
19.56000, 244.
19.57000, 233.
19.58000, 231.
19.59000, 237.
19.60000, 202.
19.61000, 216.
19.62000, 201.
19.63000, 248.
19.64000, 233.
19.65000, 230.
19.66000, 190.
19.67000, 234.
19.68000, 216.
19.69000, 198.
19.70000, 192.
19.71000, 181.
19.72000, 236.
19.73000, 195.
19.74000, 201.
19.75000, 167.
19.76000, 223.
19.77000, 230.
19.78000, 205.
19.79000, 193.
19.80000, 189.
19.81000, 187.
19.82000, 201.
19.83000, 182.
19.84000, 205.
19.85000, 220.
19.86000, 183.
19.87000, 230.
19.88000, 205.
19.89000, 250.
19.90000, 247.
19.91000, 255.
19.92000, 253.
19.93000, 301.
19.94000, 322.
19.95000, 340.
19.96000, 344.
19.97000, 383.
19.98000, 389.
19.99000, 376.
20.00000, 417.
20.01000, 467.
20.02000, 418.
20.03000, 483.
20.04000, 443.
20.05000, 485.
20.06000, 493.
20.07000, 557.
20.08000, 560.
20.09000, 611.
20.10000, 572.
20.11000, 620.
20.12000, 620.
20.13000, 554.
20.14000, 605.
20.15000, 602.
20.16000, 640.
20.17000, 598.
20.18000, 596.
20.19000, 634.
20.20000, 579.
20.21000, 518.
20.22000, 549.
20.23000, 520.
20.24000, 484.
20.25000, 449.
20.26000, 446.
20.27000, 456.
20.28000, 357.
20.29000, 390.
20.30000, 378.
20.31000, 340.
20.32000, 336.
20.33000, 278.
20.34000, 265.
20.35000, 260.
20.36000, 234.
20.37000, 240.
20.38000, 216.
20.39000, 215.
20.40000, 186.
20.41000, 212.
20.42000, 217.
20.43000, 189.
20.44000, 166.
20.45000, 197.
20.46000, 179.
20.47000, 175.
20.48000, 166.
20.49000, 180.
20.50000, 170.
20.51000, 176.
20.52000, 174.
20.53000, 181.
20.54000, 179.
20.55000, 184.
20.56000, 175.
20.57000, 173.
20.58000, 172.
20.59000, 201.
20.60000, 220.
20.61000, 214.
20.62000, 219.
20.63000, 200.
20.64000, 195.
20.65000, 228.
20.66000, 216.
20.67000, 203.
20.68000, 204.
20.69000, 198.
20.70000, 223.
20.71000, 220.
20.72000, 230.
20.73000, 225.
20.74000, 247.
20.75000, 247.
20.76000, 236.
20.77000, 239.
20.78000, 232.
20.79000, 256.
20.80000, 247.
20.81000, 266.
20.82000, 252.
20.83000, 239.
20.84000, 263.
20.85000, 272.
20.86000, 273.
20.87000, 289.
20.88000, 277.
20.89000, 306.
20.90000, 232.
20.91000, 293.
20.92000, 290.
20.93000, 296.
20.94000, 297.
20.95000, 307.
20.96000, 272.
20.97000, 288.
20.98000, 263.
20.99000, 294.
21.00000, 314.
21.01000, 278.
21.02000, 275.
21.03000, 262.
21.04000, 280.
21.05000, 280.
21.06000, 272.
21.07000, 273.
21.08000, 270.
21.09000, 273.
21.10000, 283.
21.11000, 271.
21.12000, 276.
21.13000, 285.
21.14000, 292.
21.15000, 261.
21.16000, 260.
21.17000, 254.
21.18000, 265.
21.19000, 242.
21.20000, 272.
21.21000, 232.
21.22000, 268.
21.23000, 231.
21.24000, 242.
21.25000, 244.
21.26000, 216.
21.27000, 217.
21.28000, 213.
21.29000, 192.
21.30000, 219.
21.31000, 233.
21.32000, 214.
21.33000, 244.
21.34000, 225.
21.35000, 230.
21.36000, 205.
21.37000, 192.
21.38000, 223.
21.39000, 193.
21.40000, 202.
21.41000, 212.
21.42000, 203.
21.43000, 205.
21.44000, 202.
21.45000, 199.
21.46000, 176.
21.47000, 155.
21.48000, 196.
21.49000, 206.
21.50000, 162.
21.51000, 166.
21.52000, 169.
21.53000, 160.
21.54000, 149.
21.55000, 163.
21.56000, 168.
21.57000, 149.
21.58000, 155.
21.59000, 128.
21.60000, 132.
21.61000, 148.
21.62000, 136.
21.63000, 168.
21.64000, 132.
21.65000, 135.
21.66000, 130.
21.67000, 146.
21.68000, 132.
21.69000, 169.
21.70000, 147.
21.71000, 133.
21.72000, 132.
21.73000, 129.
21.74000, 120.
21.75000, 122.
21.76000, 136.
21.77000, 138.
21.78000, 131.
21.79000, 104.
21.80000, 135.
21.81000, 130.
21.82000, 122.
21.83000, 107.
21.84000, 116.
21.85000, 114.
21.86000, 110.
21.87000, 140.
21.88000, 108.
21.89000, 110.
21.90000, 119.
21.91000, 117.
21.92000, 125.
21.93000, 88.
21.94000, 125.
21.95000, 121.
21.96000, 117.
21.97000, 121.
21.98000, 104.
21.99000, 108.
22.00000, 124.
22.01000, 111.
22.02000, 116.
22.03000, 106.
22.04000, 94.
22.05000, 100.
22.06000, 111.
22.07000, 103.
22.08000, 107.
22.09000, 110.
22.10000, 92.
22.11000, 96.
22.12000, 108.
22.13000, 103.
22.14000, 110.
22.15000, 92.
22.16000, 101.
22.17000, 105.
22.18000, 86.
22.19000, 106.
22.20000, 107.
22.21000, 106.
22.22000, 102.
22.23000, 112.
22.24000, 83.
22.25000, 97.
22.26000, 98.
22.27000, 108.
22.28000, 92.
22.29000, 103.
22.30000, 92.
22.31000, 92.
22.32000, 102.
22.33000, 106.
22.34000, 101.
22.35000, 88.
22.36000, 94.
22.37000, 100.
22.38000, 100.
22.39000, 93.
22.40000, 84.
22.41000, 93.
22.42000, 97.
22.43000, 102.
22.44000, 106.
22.45000, 113.
22.46000, 93.
22.47000, 105.
22.48000, 98.
22.49000, 105.
22.50000, 126.
22.51000, 116.
22.52000, 105.
22.53000, 128.
22.54000, 131.
22.55000, 108.
22.56000, 132.
22.57000, 129.
22.58000, 158.
22.59000, 140.
22.60000, 155.
22.61000, 165.
22.62000, 165.
22.63000, 165.
22.64000, 165.
22.65000, 153.
22.66000, 140.
22.67000, 158.
22.68000, 166.
22.69000, 164.
22.70000, 153.
22.71000, 163.
22.72000, 142.
22.73000, 151.
22.74000, 135.
22.75000, 152.
22.76000, 134.
22.77000, 124.
22.78000, 128.
22.79000, 130.
22.80000, 110.
22.81000, 106.
22.82000, 109.
22.83000, 117.
22.84000, 118.
22.85000, 108.
22.86000, 103.
22.87000, 91.
22.88000, 94.
22.89000, 108.
22.90000, 88.
22.91000, 92.
22.92000, 89.
22.93000, 87.
22.94000, 84.
22.95000, 86.
22.96000, 106.
22.97000, 89.
22.98000, 84.
22.99000, 91.
23.00000, 91.
23.01000, 110.
23.02000, 92.
23.03000, 91.
23.04000, 80.
23.05000, 92.
23.06000, 87.
23.07000, 91.
23.08000, 84.
23.09000, 90.
23.10000, 94.
23.11000, 84.
23.12000, 89.
23.13000, 96.
23.14000, 74.
23.15000, 96.
23.16000, 90.
23.17000, 106.
23.18000, 100.
23.19000, 94.
23.20000, 78.
23.21000, 82.
23.22000, 91.
23.23000, 85.
23.24000, 84.
23.25000, 88.
23.26000, 93.
23.27000, 78.
23.28000, 75.
23.29000, 89.
23.30000, 76.
23.31000, 87.
23.32000, 82.
23.33000, 84.
23.34000, 73.
23.35000, 79.
23.36000, 69.
23.37000, 74.
23.38000, 84.
23.39000, 73.
23.40000, 83.
23.41000, 78.
23.42000, 74.
23.43000, 76.
23.44000, 86.
23.45000, 71.
23.46000, 77.
23.47000, 78.
23.48000, 78.
23.49000, 75.
23.50000, 79.
23.51000, 68.
23.52000, 73.
23.53000, 85.
23.54000, 74.
23.55000, 82.
23.56000, 84.
23.57000, 73.
23.58000, 76.
23.59000, 79.
23.60000, 68.
23.61000, 81.
23.62000, 90.
23.63000, 86.
23.64000, 75.
23.65000, 94.
23.66000, 71.
23.67000, 73.
23.68000, 69.
23.69000, 79.
23.70000, 83.
23.71000, 93.
23.72000, 71.
23.73000, 81.
23.74000, 60.
23.75000, 76.
23.76000, 80.
23.77000, 82.
23.78000, 75.
23.79000, 84.
23.80000, 90.
23.81000, 83.
23.82000, 69.
23.83000, 62.
23.84000, 67.
23.85000, 82.
23.86000, 72.
23.87000, 75.
23.88000, 66.
23.89000, 78.
23.90000, 65.
23.91000, 78.
23.92000, 71.
23.93000, 74.
23.94000, 89.
23.95000, 79.
23.96000, 62.
23.97000, 81.
23.98000, 79.
23.99000, 72.
24.00000, 67.
24.01000, 69.
24.02000, 91.
24.03000, 68.
24.04000, 79.
24.05000, 81.
24.06000, 79.
24.07000, 76.
24.08000, 69.
24.09000, 63.
24.10000, 78.
24.11000, 85.
24.12000, 83.
24.13000, 73.
24.14000, 72.
24.15000, 72.
24.16000, 70.
24.17000, 74.
24.18000, 76.
24.19000, 67.
24.20000, 59.
24.21000, 68.
24.22000, 82.
24.23000, 74.
24.24000, 72.
24.25000, 78.
24.26000, 76.
24.27000, 72.
24.28000, 88.
24.29000, 76.
24.30000, 63.
24.31000, 67.
24.32000, 71.
24.33000, 64.
24.34000, 74.
24.35000, 68.
24.36000, 64.
24.37000, 58.
24.38000, 80.
24.39000, 80.
24.40000, 54.
24.41000, 86.
24.42000, 66.
24.43000, 77.
24.44000, 82.
24.45000, 64.
24.46000, 78.
24.47000, 77.
24.48000, 64.
24.49000, 74.
24.50000, 55.
24.51000, 82.
24.52000, 70.
24.53000, 77.
24.54000, 64.
24.55000, 82.
24.56000, 71.
24.57000, 69.
24.58000, 67.
24.59000, 96.
24.60000, 80.
24.61000, 80.
24.62000, 83.
24.63000, 86.
24.64000, 64.
24.65000, 76.
24.66000, 77.
24.67000, 65.
24.68000, 82.
24.69000, 69.
24.70000, 71.
24.71000, 73.
24.72000, 69.
24.73000, 68.
24.74000, 80.
24.75000, 65.
24.76000, 77.
24.77000, 78.
24.78000, 63.
24.79000, 76.
24.80000, 74.
24.81000, 73.
24.82000, 81.
24.83000, 72.
24.84000, 64.
24.85000, 65.
24.86000, 82.
24.87000, 74.
24.88000, 67.
24.89000, 76.
24.90000, 74.
24.91000, 78.
24.92000, 90.
24.93000, 75.
24.94000, 68.
24.95000, 75.
24.96000, 85.
24.97000, 90.
24.98000, 54.
24.99000, 82.
25.00000, 70.
25.01000, 106.
25.02000, 80.
25.03000, 59.
25.04000, 87.
25.05000, 82.
25.06000, 61.
25.07000, 67.
25.08000, 90.
25.09000, 73.
25.10000, 94.
25.11000, 88.
25.12000, 81.
25.13000, 73.
25.14000, 61.
25.15000, 77.
25.16000, 77.
25.17000, 83.
25.18000, 69.
25.19000, 86.
25.20000, 83.
25.21000, 82.
25.22000, 80.
25.23000, 81.
25.24000, 70.
25.25000, 83.
25.26000, 71.
25.27000, 77.
25.28000, 66.
25.29000, 80.
25.30000, 77.
25.31000, 68.
25.32000, 72.
25.33000, 64.
25.34000, 86.
25.35000, 74.
25.36000, 82.
25.37000, 72.
25.38000, 77.
25.39000, 69.
25.40000, 69.
25.41000, 87.
25.42000, 87.
25.43000, 75.
25.44000, 67.
25.45000, 63.
25.46000, 63.
25.47000, 85.
25.48000, 66.
25.49000, 56.
25.50000, 81.
25.51000, 50.
25.52000, 79.
25.53000, 61.
25.54000, 57.
25.55000, 69.
25.56000, 56.
25.57000, 60.
25.58000, 68.
25.59000, 71.
25.60000, 59.
25.61000, 66.
25.62000, 65.
25.63000, 79.
25.64000, 54.
25.65000, 66.
25.66000, 56.
25.67000, 70.
25.68000, 61.
25.69000, 67.
25.70000, 71.
25.71000, 78.
25.72000, 69.
25.73000, 80.
25.74000, 60.
25.75000, 63.
25.76000, 60.
25.77000, 62.
25.78000, 60.
25.79000, 64.
25.80000, 68.
25.81000, 61.
25.82000, 47.
25.83000, 66.
25.84000, 63.
25.85000, 60.
25.86000, 85.
25.87000, 73.
25.88000, 66.
25.89000, 70.
25.90000, 68.
25.91000, 60.
25.92000, 51.
25.93000, 56.
25.94000, 63.
25.95000, 73.
25.96000, 69.
25.97000, 62.
25.98000, 58.
25.99000, 66.
26.00000, 68.
26.01000, 59.
26.02000, 70.
26.03000, 78.
26.04000, 47.
26.05000, 73.
26.06000, 64.
26.07000, 34.
26.08000, 64.
26.09000, 52.
26.10000, 77.
26.11000, 59.
26.12000, 54.
26.13000, 61.
26.14000, 75.
26.15000, 57.
26.16000, 65.
26.17000, 59.
26.18000, 58.
26.19000, 55.
26.20000, 64.
26.21000, 62.
26.22000, 61.
26.23000, 50.
26.24000, 55.
26.25000, 64.
26.26000, 63.
26.27000, 67.
26.28000, 63.
26.29000, 58.
26.30000, 58.
26.31000, 51.
26.32000, 70.
26.33000, 70.
26.34000, 67.
26.35000, 64.
26.36000, 53.
26.37000, 62.
26.38000, 67.
26.39000, 45.
26.40000, 70.
26.41000, 59.
26.42000, 66.
26.43000, 50.
26.44000, 74.
26.45000, 43.
26.46000, 59.
26.47000, 47.
26.48000, 60.
26.49000, 65.
26.50000, 64.
26.51000, 56.
26.52000, 78.
26.53000, 52.
26.54000, 73.
26.55000, 49.
26.56000, 70.
26.57000, 53.
26.58000, 54.
26.59000, 59.
26.60000, 44.
26.61000, 63.
26.62000, 70.
26.63000, 69.
26.64000, 73.
26.65000, 65.
26.66000, 47.
26.67000, 63.
26.68000, 61.
26.69000, 59.
26.70000, 81.
26.71000, 74.
26.72000, 64.
26.73000, 57.
26.74000, 56.
26.75000, 49.
26.76000, 54.
26.77000, 65.
26.78000, 57.
26.79000, 63.
26.80000, 59.
26.81000, 62.
26.82000, 48.
26.83000, 53.
26.84000, 53.
26.85000, 47.
26.86000, 71.
26.87000, 71.
26.88000, 67.
26.89000, 49.
26.90000, 59.
26.91000, 46.
26.92000, 62.
26.93000, 66.
26.94000, 67.
26.95000, 58.
26.96000, 81.
26.97000, 59.
26.98000, 66.
26.99000, 41.
27.00000, 52.
27.01000, 52.
27.02000, 48.
27.03000, 57.
27.04000, 56.
27.05000, 49.
27.06000, 50.
27.07000, 54.
27.08000, 69.
27.09000, 31.
27.10000, 68.
27.11000, 62.
27.12000, 54.
27.13000, 58.
27.14000, 65.
27.15000, 68.
27.16000, 63.
27.17000, 62.
27.18000, 50.
27.19000, 62.
27.20000, 56.
27.21000, 47.
27.22000, 58.
27.23000, 55.
27.24000, 58.
27.25000, 47.
27.26000, 45.
27.27000, 64.
27.28000, 58.
27.29000, 61.
27.30000, 59.
27.31000, 55.
27.32000, 58.
27.33000, 63.
27.34000, 35.
27.35000, 67.
27.36000, 49.
27.37000, 39.
27.38000, 67.
27.39000, 56.
27.40000, 62.
27.41000, 57.
27.42000, 53.
27.43000, 49.
27.44000, 48.
27.45000, 39.
27.46000, 53.
27.47000, 53.
27.48000, 44.
27.49000, 57.
27.50000, 67.
27.51000, 59.
27.52000, 62.
27.53000, 67.
27.54000, 61.
27.55000, 47.
27.56000, 58.
27.57000, 50.
27.58000, 46.
27.59000, 66.
27.60000, 43.
27.61000, 57.
27.62000, 52.
27.63000, 40.
27.64000, 62.
27.65000, 53.
27.66000, 46.
27.67000, 56.
27.68000, 65.
27.69000, 56.
27.70000, 51.
27.71000, 60.
27.72000, 43.
27.73000, 56.
27.74000, 52.
27.75000, 41.
27.76000, 45.
27.77000, 57.
27.78000, 41.
27.79000, 44.
27.80000, 50.
27.81000, 61.
27.82000, 59.
27.83000, 57.
27.84000, 44.
27.85000, 45.
27.86000, 54.
27.87000, 49.
27.88000, 50.
27.89000, 52.
27.90000, 45.
27.91000, 57.
27.92000, 45.
27.93000, 54.
27.94000, 57.
27.95000, 38.
27.96000, 43.
27.97000, 55.
27.98000, 48.
27.99000, 36.
28.00000, 50.
28.01000, 47.
28.02000, 47.
28.03000, 58.
28.04000, 32.
28.05000, 38.
28.06000, 50.
28.07000, 54.
28.08000, 48.
28.09000, 51.
28.10000, 38.
28.11000, 56.
28.12000, 40.
28.13000, 47.
28.14000, 49.
28.15000, 55.
28.16000, 40.
28.17000, 44.
28.18000, 42.
28.19000, 48.
28.20000, 44.
28.21000, 40.
28.22000, 46.
28.23000, 48.
28.24000, 42.
28.25000, 47.
28.26000, 68.
28.27000, 58.
28.28000, 38.
28.29000, 67.
28.30000, 48.
28.31000, 60.
28.32000, 41.
28.33000, 46.
28.34000, 49.
28.35000, 65.
28.36000, 48.
28.37000, 56.
28.38000, 50.
28.39000, 40.
28.40000, 53.
28.41000, 34.
28.42000, 55.
28.43000, 53.
28.44000, 51.
28.45000, 46.
28.46000, 47.
28.47000, 43.
28.48000, 46.
28.49000, 37.
28.50000, 57.
28.51000, 54.
28.52000, 46.
28.53000, 47.
28.54000, 47.
28.55000, 52.
28.56000, 56.
28.57000, 41.
28.58000, 57.
28.59000, 38.
28.60000, 47.
28.61000, 53.
28.62000, 65.
28.63000, 42.
28.64000, 54.
28.65000, 43.
28.66000, 48.
28.67000, 54.
28.68000, 36.
28.69000, 39.
28.70000, 49.
28.71000, 53.
28.72000, 49.
28.73000, 38.
28.74000, 51.
28.75000, 54.
28.76000, 42.
28.77000, 40.
28.78000, 52.
28.79000, 43.
28.80000, 39.
28.81000, 42.
28.82000, 45.
28.83000, 43.
28.84000, 43.
28.85000, 50.
28.86000, 39.
28.87000, 43.
28.88000, 50.
28.89000, 35.
28.90000, 51.
28.91000, 42.
28.92000, 48.
28.93000, 50.
28.94000, 40.
28.95000, 32.
28.96000, 40.
28.97000, 47.
28.98000, 41.
28.99000, 64.
29.00000, 42.
29.01000, 33.
29.02000, 43.
29.03000, 41.
29.04000, 44.
29.05000, 43.
29.06000, 55.
29.07000, 36.
29.08000, 40.
29.09000, 34.
29.10000, 36.
29.11000, 51.
29.12000, 51.
29.13000, 41.
29.14000, 40.
29.15000, 34.
29.16000, 37.
29.17000, 63.
29.18000, 38.
29.19000, 54.
29.20000, 52.
29.21000, 51.
29.22000, 45.
29.23000, 46.
29.24000, 48.
29.25000, 41.
29.26000, 55.
29.27000, 44.
29.28000, 43.
29.29000, 39.
29.30000, 34.
29.31000, 40.
29.32000, 33.
29.33000, 57.
29.34000, 35.
29.35000, 41.
29.36000, 38.
29.37000, 38.
29.38000, 48.
29.39000, 42.
29.40000, 32.
29.41000, 44.
29.42000, 42.
29.43000, 41.
29.44000, 41.
29.45000, 37.
29.46000, 29.
29.47000, 38.
29.48000, 44.
29.49000, 38.
29.50000, 39.
29.51000, 45.
29.52000, 42.
29.53000, 38.
29.54000, 31.
29.55000, 51.
29.56000, 41.
29.57000, 35.
29.58000, 37.
29.59000, 39.
29.60000, 49.
29.61000, 45.
29.62000, 45.
29.63000, 33.
29.64000, 40.
29.65000, 40.
29.66000, 46.
29.67000, 38.
29.68000, 38.
29.69000, 39.
29.70000, 36.
29.71000, 36.
29.72000, 28.
29.73000, 38.
29.74000, 43.
29.75000, 43.
29.76000, 47.
29.77000, 37.
29.78000, 33.
29.79000, 42.
29.80000, 40.
29.81000, 51.
29.82000, 44.
29.83000, 48.
29.84000, 38.
29.85000, 39.
29.86000, 47.
29.87000, 34.
29.88000, 46.
29.89000, 36.
29.90000, 34.
29.91000, 50.
29.92000, 40.
29.93000, 40.
29.94000, 50.
29.95000, 32.
29.96000, 40.
29.97000, 51.
29.98000, 44.
29.99000, 34.
30.00000, 36.
30.01000, 46.
30.02000, 37.
30.03000, 38.
30.04000, 37.
30.05000, 34.
30.06000, 32.
30.07000, 36.
30.08000, 37.
30.09000, 46.
30.10000, 37.
30.11000, 43.
30.12000, 40.
30.13000, 45.
30.14000, 40.
30.15000, 34.
30.16000, 40.
30.17000, 33.
30.18000, 33.
30.19000, 42.
30.20000, 39.
30.21000, 39.
30.22000, 41.
30.23000, 36.
30.24000, 42.
30.25000, 48.
30.26000, 35.
30.27000, 40.
30.28000, 33.
30.29000, 37.
30.30000, 37.
30.31000, 41.
30.32000, 32.
30.33000, 46.
30.34000, 28.
30.35000, 36.
30.36000, 35.
30.37000, 50.
30.38000, 35.
30.39000, 40.
30.40000, 39.
30.41000, 36.
30.42000, 30.
30.43000, 44.
30.44000, 34.
30.45000, 46.
30.46000, 37.
30.47000, 42.
30.48000, 35.
30.49000, 41.
30.50000, 35.
30.51000, 37.
30.52000, 45.
30.53000, 35.
30.54000, 41.
30.55000, 30.
30.56000, 39.
30.57000, 33.
30.58000, 52.
30.59000, 43.
30.60000, 34.
30.61000, 33.
30.62000, 39.
30.63000, 31.
30.64000, 35.
30.65000, 40.
30.66000, 31.
30.67000, 34.
30.68000, 27.
30.69000, 34.
30.70000, 36.
30.71000, 36.
30.72000, 43.
30.73000, 37.
30.74000, 49.
30.75000, 46.
30.76000, 31.
30.77000, 42.
30.78000, 40.
30.79000, 27.
30.80000, 40.
30.81000, 36.
30.82000, 37.
30.83000, 42.
30.84000, 27.
30.85000, 27.
30.86000, 27.
30.87000, 37.
30.88000, 39.
30.89000, 41.
30.90000, 37.
30.91000, 34.
30.92000, 35.
30.93000, 40.
30.94000, 35.
30.95000, 38.
30.96000, 33.
30.97000, 31.
30.98000, 38.
30.99000, 47.
31.00000, 30.
31.01000, 37.
31.02000, 34.
31.03000, 41.
31.04000, 44.
31.05000, 38.
31.06000, 31.
31.07000, 40.
31.08000, 28.
31.09000, 39.
31.10000, 28.
31.11000, 38.
31.12000, 40.
31.13000, 38.
31.14000, 36.
31.15000, 31.
31.16000, 30.
31.17000, 40.
31.18000, 34.
31.19000, 32.
31.20000, 28.
31.21000, 40.
31.22000, 24.
31.23000, 41.
31.24000, 35.
31.25000, 35.
31.26000, 36.
31.27000, 39.
31.28000, 37.
31.29000, 33.
31.30000, 35.
31.31000, 33.
31.32000, 25.
31.33000, 42.
31.34000, 25.
31.35000, 35.
31.36000, 33.
31.37000, 26.
31.38000, 24.
31.39000, 40.
31.40000, 26.
31.41000, 21.
31.42000, 34.
31.43000, 34.
31.44000, 31.
31.45000, 28.
31.46000, 41.
31.47000, 34.
31.48000, 36.
31.49000, 38.
31.50000, 43.
31.51000, 28.
31.52000, 35.
31.53000, 27.
31.54000, 40.
31.55000, 27.
31.56000, 31.
31.57000, 38.
31.58000, 41.
31.59000, 26.
31.60000, 34.
31.61000, 35.
31.62000, 34.
31.63000, 30.
31.64000, 28.
31.65000, 29.
31.66000, 35.
31.67000, 36.
31.68000, 34.
31.69000, 31.
31.70000, 29.
31.71000, 30.
31.72000, 28.
31.73000, 36.
31.74000, 43.
31.75000, 34.
31.76000, 39.
31.77000, 38.
31.78000, 30.
31.79000, 40.
31.80000, 41.
31.81000, 34.
31.82000, 35.
31.83000, 31.
31.84000, 39.
31.85000, 31.
31.86000, 30.
31.87000, 39.
31.88000, 34.
31.89000, 37.
31.90000, 29.
31.91000, 38.
31.92000, 33.
31.93000, 38.
31.94000, 29.
31.95000, 30.
31.96000, 33.
31.97000, 33.
31.98000, 36.
31.99000, 38.
32.00000, 37.
32.01000, 38.
32.02000, 33.
32.03000, 35.
32.04000, 39.
32.05000, 34.
32.06000, 28.
32.07000, 27.
32.08000, 28.
32.09000, 41.
32.10000, 35.
32.11000, 33.
32.12000, 50.
32.13000, 33.
32.14000, 37.
32.15000, 36.
32.16000, 39.
32.17000, 35.
32.18000, 32.
32.19000, 37.
32.20000, 38.
32.21000, 29.
32.22000, 33.
32.23000, 40.
32.24000, 36.
32.25000, 25.
32.26000, 37.
32.27000, 34.
32.28000, 28.
32.29000, 27.
32.30000, 34.
32.31000, 24.
32.32000, 33.
32.33000, 25.
32.34000, 32.
32.35000, 27.
32.36000, 28.
32.37000, 30.
32.38000, 38.
32.39000, 32.
32.40000, 21.
32.41000, 35.
32.42000, 25.
32.43000, 35.
32.44000, 25.
32.45000, 32.
32.46000, 31.
32.47000, 33.
32.48000, 29.
32.49000, 35.
32.50000, 27.
32.51000, 39.
32.52000, 21.
32.53000, 23.
32.54000, 35.
32.55000, 33.
32.56000, 24.
32.57000, 28.
32.58000, 28.
32.59000, 25.
32.60000, 29.
32.61000, 26.
32.62000, 24.
32.63000, 21.
32.64000, 21.
32.65000, 33.
32.66000, 27.
32.67000, 24.
32.68000, 28.
32.69000, 24.
32.70000, 24.
32.71000, 29.
32.72000, 23.
32.73000, 34.
32.74000, 25.
32.75000, 31.
32.76000, 24.
32.77000, 28.
32.78000, 36.
32.79000, 23.
32.80000, 20.
32.81000, 24.
32.82000, 23.
32.83000, 22.
32.84000, 18.
32.85000, 21.
32.86000, 25.
32.87000, 37.
32.88000, 27.
32.89000, 21.
32.90000, 24.
32.91000, 29.
32.92000, 24.
32.93000, 30.
32.94000, 24.
32.95000, 26.
32.96000, 29.
32.97000, 22.
32.98000, 38.
32.99000, 27.
33.00000, 26.
33.01000, 23.
33.02000, 25.
33.03000, 17.
33.04000, 31.
33.05000, 23.
33.06000, 24.
33.07000, 30.
33.08000, 24.
33.09000, 22.
33.10000, 25.
33.11000, 32.
33.12000, 26.
33.13000, 27.
33.14000, 17.
33.15000, 26.
33.16000, 26.
33.17000, 32.
33.18000, 16.
33.19000, 21.
33.20000, 29.
33.21000, 21.
33.22000, 30.
33.23000, 23.
33.24000, 24.
33.25000, 32.
33.26000, 27.
33.27000, 30.
33.28000, 29.
33.29000, 21.
33.30000, 25.
33.31000, 29.
33.32000, 27.
33.33000, 25.
33.34000, 22.
33.35000, 28.
33.36000, 23.
33.37000, 27.
33.38000, 24.
33.39000, 22.
33.40000, 21.
33.41000, 37.
33.42000, 31.
33.43000, 22.
33.44000, 29.
33.45000, 28.
33.46000, 34.
33.47000, 32.
33.48000, 28.
33.49000, 17.
33.50000, 29.
33.51000, 19.
33.52000, 29.
33.53000, 23.
33.54000, 15.
33.55000, 20.
33.56000, 29.
33.57000, 21.
33.58000, 31.
33.59000, 17.
33.60000, 16.
33.61000, 24.
33.62000, 20.
33.63000, 20.
33.64000, 22.
33.65000, 17.
33.66000, 24.
33.67000, 19.
33.68000, 35.
33.69000, 24.
33.70000, 15.
33.71000, 22.
33.72000, 23.
33.73000, 29.
33.74000, 29.
33.75000, 19.
33.76000, 23.
33.77000, 16.
33.78000, 24.
33.79000, 17.
33.80000, 26.
33.81000, 27.
33.82000, 36.
33.83000, 22.
33.84000, 29.
33.85000, 27.
33.86000, 28.
33.87000, 21.
33.88000, 28.
33.89000, 22.
33.90000, 29.
33.91000, 23.
33.92000, 27.
33.93000, 18.
33.94000, 23.
33.95000, 22.
33.96000, 22.
33.97000, 21.
33.98000, 29.
33.99000, 21.
34.00000, 21.
34.01000, 23.
34.02000, 26.
34.03000, 26.
34.04000, 23.
34.05000, 26.
34.06000, 23.
34.07000, 22.
34.08000, 21.
34.09000, 17.
34.10000, 19.
34.11000, 21.
34.12000, 29.
34.13000, 22.
34.14000, 19.
34.15000, 19.
34.16000, 23.
34.17000, 21.
34.18000, 35.
34.19000, 19.
34.20000, 22.
34.21000, 23.
34.22000, 23.
34.23000, 23.
34.24000, 20.
34.25000, 16.
34.26000, 29.
34.27000, 20.
34.28000, 21.
34.29000, 26.
34.30000, 24.
34.31000, 15.
34.32000, 23.
34.33000, 15.
34.34000, 18.
34.35000, 27.
34.36000, 23.
34.37000, 20.
34.38000, 25.
34.39000, 31.
34.40000, 22.
34.41000, 27.
34.42000, 16.
34.43000, 36.
34.44000, 15.
34.45000, 25.
34.46000, 22.
34.47000, 17.
34.48000, 22.
34.49000, 15.
34.50000, 24.
34.51000, 23.
34.52000, 15.
34.53000, 21.
34.54000, 26.
34.55000, 23.
34.56000, 23.
34.57000, 19.
34.58000, 16.
34.59000, 19.
34.60000, 21.
34.61000, 29.
34.62000, 13.
34.63000, 16.
34.64000, 24.
34.65000, 29.
34.66000, 22.
34.67000, 28.
34.68000, 26.
34.69000, 25.
34.70000, 18.
34.71000, 19.
34.72000, 14.
34.73000, 19.
34.74000, 9.
34.75000, 21.
34.76000, 15.
34.77000, 12.
34.78000, 18.
34.79000, 22.
34.80000, 14.
34.81000, 20.
34.82000, 21.
34.83000, 24.
34.84000, 19.
34.85000, 18.
34.86000, 21.
34.87000, 17.
34.88000, 19.
34.89000, 16.
34.90000, 19.
34.91000, 20.
34.92000, 29.
34.93000, 20.
34.94000, 15.
34.95000, 17.
34.96000, 22.
34.97000, 15.
34.98000, 20.
34.99000, 15.
35.00000, 16.
35.01000, 18.
35.02000, 15.
35.03000, 23.
35.04000, 17.
35.05000, 17.
35.06000, 17.
35.07000, 19.
35.08000, 17.
35.09000, 21.
35.10000, 16.
35.11000, 16.
35.12000, 17.
35.13000, 20.
35.14000, 23.
35.15000, 15.
35.16000, 15.
35.17000, 22.
35.18000, 21.
35.19000, 17.
35.20000, 13.
35.21000, 13.
35.22000, 15.
35.23000, 17.
35.24000, 22.
35.25000, 18.
35.26000, 19.
35.27000, 15.
35.28000, 24.
35.29000, 16.
35.30000, 15.
35.31000, 22.
35.32000, 19.
35.33000, 13.
35.34000, 14.
35.35000, 16.
35.36000, 10.
35.37000, 23.
35.38000, 17.
35.39000, 11.
35.40000, 20.
35.41000, 15.
35.42000, 15.
35.43000, 27.
35.44000, 14.
35.45000, 21.
35.46000, 19.
35.47000, 17.
35.48000, 18.
35.49000, 16.
35.50000, 20.
35.51000, 9.
35.52000, 11.
35.53000, 13.
35.54000, 15.
35.55000, 13.
35.56000, 12.
35.57000, 8.
35.58000, 21.
35.59000, 18.
35.60000, 17.
35.61000, 20.
35.62000, 15.
35.63000, 24.
35.64000, 15.
35.65000, 18.
35.66000, 15.
35.67000, 19.
35.68000, 16.
35.69000, 14.
35.70000, 13.
35.71000, 16.
35.72000, 20.
35.73000, 8.
35.74000, 16.
35.75000, 17.
35.76000, 18.
35.77000, 20.
35.78000, 14.
35.79000, 22.
35.80000, 12.
35.81000, 17.
35.82000, 15.
35.83000, 9.
35.84000, 13.
35.85000, 17.
35.86000, 18.
35.87000, 22.
35.88000, 17.
35.89000, 8.
35.90000, 10.
35.91000, 12.
35.92000, 21.
35.93000, 17.
35.94000, 11.
35.95000, 22.
35.96000, 23.
35.97000, 19.
35.98000, 26.
35.99000, 11.
36.00000, 14.
36.01000, 13.
36.02000, 16.
36.03000, 11.
36.04000, 21.
36.05000, 13.
36.06000, 14.
36.07000, 15.
36.08000, 18.
36.09000, 12.
36.10000, 17.
36.11000, 15.
36.12000, 15.
36.13000, 12.
36.14000, 14.
36.15000, 11.
36.16000, 15.
36.17000, 11.
36.18000, 21.
36.19000, 18.
36.20000, 11.
36.21000, 9.
36.22000, 14.
36.23000, 15.
36.24000, 18.
36.25000, 19.
36.26000, 15.
36.27000, 13.
36.28000, 14.
36.29000, 10.
36.30000, 12.
36.31000, 18.
36.32000, 15.
36.33000, 11.
36.34000, 20.
36.35000, 12.
36.36000, 19.
36.37000, 11.
36.38000, 20.
36.39000, 17.
36.40000, 12.
36.41000, 20.
36.42000, 22.
36.43000, 14.
36.44000, 15.
36.45000, 12.
36.46000, 15.
36.47000, 10.
36.48000, 21.
36.49000, 14.
36.50000, 18.
36.51000, 13.
36.52000, 11.
36.53000, 14.
36.54000, 15.
36.55000, 15.
36.56000, 18.
36.57000, 11.
36.58000, 18.
36.59000, 11.
36.60000, 16.
36.61000, 11.
36.62000, 15.
36.63000, 11.
36.64000, 10.
36.65000, 15.
36.66000, 8.
36.67000, 10.
36.68000, 8.
36.69000, 15.
36.70000, 15.
36.71000, 13.
36.72000, 16.
36.73000, 9.
36.74000, 23.
36.75000, 19.
36.76000, 13.
36.77000, 12.
36.78000, 15.
36.79000, 19.
36.80000, 8.
36.81000, 7.
36.82000, 14.
36.83000, 20.
36.84000, 11.
36.85000, 12.
36.86000, 16.
36.87000, 11.
36.88000, 12.
36.89000, 12.
36.90000, 21.
36.91000, 17.
36.92000, 16.
36.93000, 14.
36.94000, 15.
36.95000, 16.
36.96000, 14.
36.97000, 18.
36.98000, 14.
36.99000, 18.
37.00000, 13.
37.01000, 10.
37.02000, 17.
37.03000, 16.
37.04000, 15.
37.05000, 15.
37.06000, 15.
37.07000, 8.
37.08000, 13.
37.09000, 15.
37.10000, 21.
37.11000, 17.
37.12000, 21.
37.13000, 11.
37.14000, 13.
37.15000, 7.
37.16000, 9.
37.17000, 6.
37.18000, 7.
37.19000, 9.
37.20000, 13.
37.21000, 19.
37.22000, 8.
37.23000, 11.
37.24000, 14.
37.25000, 17.
37.26000, 15.
37.27000, 9.
37.28000, 17.
37.29000, 8.
37.30000, 14.
37.31000, 10.
37.32000, 10.
37.33000, 13.
37.34000, 7.
37.35000, 9.
37.36000, 11.
37.37000, 10.
37.38000, 8.
37.39000, 12.
37.40000, 11.
37.41000, 14.
37.42000, 9.
37.43000, 19.
37.44000, 11.
37.45000, 8.
37.46000, 17.
37.47000, 13.
37.48000, 16.
37.49000, 15.
37.50000, 14.
37.51000, 17.
37.52000, 12.
37.53000, 15.
37.54000, 12.
37.55000, 15.
37.56000, 10.
37.57000, 10.
37.58000, 7.
37.59000, 10.
37.60000, 12.
37.61000, 13.
37.62000, 13.
37.63000, 11.
37.64000, 9.
37.65000, 9.
37.66000, 15.
37.67000, 8.
37.68000, 12.
37.69000, 9.
37.70000, 9.
37.71000, 13.
37.72000, 9.
37.73000, 9.
37.74000, 11.
37.75000, 7.
37.76000, 13.
37.77000, 10.
37.78000, 20.
37.79000, 9.
37.80000, 12.
37.81000, 7.
37.82000, 8.
37.83000, 9.
37.84000, 7.
37.85000, 11.
37.86000, 5.
37.87000, 9.
37.88000, 8.
37.89000, 9.
37.90000, 14.
37.91000, 12.
37.92000, 11.
37.93000, 4.
37.94000, 13.
37.95000, 14.
37.96000, 9.
37.97000, 8.
37.98000, 10.
37.99000, 9.
38.00000, 11.
38.01000, 12.
38.02000, 8.
38.03000, 6.
38.04000, 10.
38.05000, 15.
38.06000, 12.
38.07000, 18.
38.08000, 11.
38.09000, 10.
38.10000, 12.
38.11000, 11.
38.12000, 11.
38.13000, 10.
38.14000, 9.
38.15000, 9.
38.16000, 18.
38.17000, 7.
38.18000, 10.
38.19000, 7.
38.20000, 6.
38.21000, 8.
38.22000, 12.
38.23000, 10.
38.24000, 14.
38.25000, 11.
38.26000, 8.
38.27000, 8.
38.28000, 8.
38.29000, 6.
38.30000, 8.
38.31000, 8.
38.32000, 11.
38.33000, 10.
38.34000, 9.
38.35000, 7.
38.36000, 8.
38.37000, 11.
38.38000, 10.
38.39000, 9.
38.40000, 8.
38.41000, 8.
38.42000, 9.
38.43000, 8.
38.44000, 13.
38.45000, 4.
38.46000, 12.
38.47000, 8.
38.48000, 9.
38.49000, 7.
38.50000, 7.
38.51000, 11.
38.52000, 11.
38.53000, 13.
38.54000, 8.
38.55000, 10.
38.56000, 4.
38.57000, 13.
38.58000, 8.
38.59000, 10.
38.60000, 5.
38.61000, 10.
38.62000, 12.
38.63000, 11.
38.64000, 11.
38.65000, 3.
38.66000, 11.
38.67000, 10.
38.68000, 6.
38.69000, 8.
38.70000, 10.
38.71000, 11.
38.72000, 4.
38.73000, 3.
38.74000, 1.
38.75000, 9.
38.76000, 8.
38.77000, 8.
38.78000, 7.
38.79000, 5.
38.80000, 7.
38.81000, 9.
38.82000, 9.
38.83000, 7.
38.84000, 8.
38.85000, 4.
38.86000, 4.
38.87000, 14.
38.88000, 5.
38.89000, 6.
38.90000, 16.
38.91000, 7.
38.92000, 11.
38.93000, 8.
38.94000, 6.
38.95000, 2.
38.96000, 14.
38.97000, 6.
38.98000, 9.
38.99000, 5.
39.00000, 3.
39.01000, 10.
39.02000, 12.
39.03000, 11.
39.04000, 8.
39.05000, 3.
39.06000, 13.
39.07000, 7.
39.08000, 5.
39.09000, 5.
39.10000, 6.
39.11000, 7.
39.12000, 12.
39.13000, 5.
39.14000, 9.
39.15000, 12.
39.16000, 14.
39.17000, 8.
39.18000, 11.
39.19000, 7.
39.20000, 10.
39.21000, 8.
39.22000, 12.
39.23000, 5.
39.24000, 9.
39.25000, 6.
39.26000, 5.
39.27000, 12.
39.28000, 10.
39.29000, 6.
39.30000, 7.
39.31000, 7.
39.32000, 11.
39.33000, 9.
39.34000, 9.
39.35000, 11.
39.36000, 6.
39.37000, 10.
39.38000, 6.
39.39000, 7.
39.40000, 8.
39.41000, 4.
39.42000, 8.
39.43000, 8.
39.44000, 8.
39.45000, 8.
39.46000, 10.
39.47000, 8.
39.48000, 9.
39.49000, 5.
39.50000, 6.
39.51000, 4.
39.52000, 5.
39.53000, 3.
39.54000, 8.
39.55000, 5.
39.56000, 4.
39.57000, 8.
39.58000, 5.
39.59000, 3.
39.60000, 10.
39.61000, 7.
39.62000, 2.
39.63000, 7.
39.64000, 6.
39.65000, 7.
39.66000, 2.
39.67000, 4.
39.68000, 9.
39.69000, 7.
39.70000, 4.
39.71000, 11.
39.72000, 6.
39.73000, 7.
39.74000, 8.
39.75000, 10.
39.76000, 6.
39.77000, 6.
39.78000, 4.
39.79000, 9.
39.80000, 11.
39.81000, 6.
39.82000, 4.
39.83000, 9.
39.84000, 9.
39.85000, 7.
39.86000, 10.
39.87000, 4.
39.88000, 7.
39.89000, 6.
39.90000, 4.
39.91000, 12.
39.92000, 5.
39.93000, 9.
39.94000, 3.
39.95000, 7.
39.96000, 9.
39.97000, 6.
39.98000, 6.
39.99000, 3.
40.00000, 7.
40.01000, 3.
40.02000, 3.
40.03000, 2.
40.04000, 4.
40.05000, 6.
40.06000, 9.
40.07000, 7.
40.08000, 6.
40.09000, 14.
40.10000, 12.
40.11000, 5.
40.12000, 7.
40.13000, 6.
40.14000, 6.
40.15000, 7.
40.16000, 5.
40.17000, 2.
40.18000, 6.
40.19000, 3.
40.20000, 2.
40.21000, 7.
40.22000, 4.
40.23000, 6.
40.24000, 6.
40.25000, 2.
40.26000, 7.
40.27000, 8.
40.28000, 4.
40.29000, 10.
40.30000, 3.
40.31000, 6.
40.32000, 5.
40.33000, 7.
40.34000, 4.
40.35000, 7.
40.36000, 5.
40.37000, 3.
40.38000, 5.
40.39000, 7.
40.40000, 5.
40.41000, 5.
40.42000, 4.
40.43000, 5.
40.44000, 2.
40.45000, 8.
40.46000, 4.
40.47000, 3.
40.48000, 5.
40.49000, 2.
40.50000, 8.
40.51000, 5.
40.52000, 3.
40.53000, 4.
40.54000, 6.
40.55000, 0.
#ENDOFDATA   : 
