#FORMAT      : EMSA/MAS Spectral Data File
#VERSION     : 1.0
#TITLE       : Spectrum 10
#DATE        : 21-AUG-2025
#TIME        : 15:14
#OWNER       : XGT7200
#NPOINTS     : 4096.
#NCOLUMNS    : 1.
#XUNITS      : keV
#YUNITS      : counts
#DATATYPE    : XY
#XPERCHAN    : 0.0100000
#OFFSET      : -0.400000
#SIGNALTYPE  : EDS
#CHOFFSET    : 40.0000
#LIVETIME    : 30.000000
#REALTIME    : 39.380405
#BEAMKV      : 50.0000
#PROBECUR    : 706000.
#MAGCAM      : 100.000
#XTILTSTGE   : 0.0
#AZIMANGLE   : 0.0
#ELEVANGLE   : 45.0
#XPOSITION mm: 0.0000
#YPOSITION mm: 0.0000
#ZPOSITION mm: 0.0000
##OXINSTPT   : 4
##OXINSTSTROB: 72.00
#SPECTRUM    : Spectral Data Starts Here
-0.40000, 0.
-0.39000, 0.
-0.38000, 0.
-0.37000, 0.
-0.36000, 0.
-0.35000, 0.
-0.34000, 0.
-0.33000, 0.
-0.32000, 0.
-0.31000, 0.
-0.30000, 0.
-0.29000, 0.
-0.28000, 0.
-0.27000, 0.
-0.26000, 0.
-0.25000, 0.
-0.24000, 0.
-0.23000, 0.
-0.22000, 0.
-0.21000, 0.
-0.20000, 0.
-0.19000, 0.
-0.18000, 0.
-0.17000, 0.
-0.16000, 0.
-0.15000, 0.
-0.14000, 0.
-0.13000, 0.
-0.12000, 0.
-0.11000, 0.
-0.10000, 0.
-0.09000, 0.
-0.08000, 0.
-0.07000, 0.
-0.06000, 0.
-0.05000, 0.
-0.04000, 0.
-0.03000, 0.
-0.02000, 0.
-0.01000, 0.
0.00000, 0.
0.01000, 0.
0.02000, 0.
0.03000, 0.
0.04000, 0.
0.05000, 0.
0.06000, 0.
0.07000, 0.
0.08000, 0.
0.09000, 0.
0.10000, 0.
0.11000, 0.
0.12000, 0.
0.13000, 0.
0.14000, 0.
0.15000, 0.
0.16000, 0.
0.17000, 0.
0.18000, 0.
0.19000, 0.
0.20000, 0.
0.21000, 0.
0.22000, 0.
0.23000, 0.
0.24000, 0.
0.25000, 0.
0.26000, 0.
0.27000, 0.
0.28000, 0.
0.29000, 0.
0.30000, 0.
0.31000, 0.
0.32000, 0.
0.33000, 1.
0.34000, 3.
0.35000, 2.
0.36000, 5.
0.37000, 8.
0.38000, 15.
0.39000, 22.
0.40000, 32.
0.41000, 30.
0.42000, 35.
0.43000, 29.
0.44000, 49.
0.45000, 51.
0.46000, 55.
0.47000, 52.
0.48000, 57.
0.49000, 62.
0.50000, 60.
0.51000, 75.
0.52000, 70.
0.53000, 69.
0.54000, 74.
0.55000, 78.
0.56000, 83.
0.57000, 71.
0.58000, 66.
0.59000, 62.
0.60000, 60.
0.61000, 65.
0.62000, 43.
0.63000, 47.
0.64000, 37.
0.65000, 42.
0.66000, 44.
0.67000, 43.
0.68000, 38.
0.69000, 51.
0.70000, 43.
0.71000, 47.
0.72000, 51.
0.73000, 48.
0.74000, 52.
0.75000, 44.
0.76000, 56.
0.77000, 44.
0.78000, 52.
0.79000, 35.
0.80000, 52.
0.81000, 50.
0.82000, 39.
0.83000, 45.
0.84000, 36.
0.85000, 36.
0.86000, 37.
0.87000, 51.
0.88000, 47.
0.89000, 51.
0.90000, 41.
0.91000, 46.
0.92000, 53.
0.93000, 51.
0.94000, 61.
0.95000, 62.
0.96000, 40.
0.97000, 49.
0.98000, 56.
0.99000, 54.
1.00000, 60.
1.01000, 54.
1.02000, 49.
1.03000, 61.
1.04000, 70.
1.05000, 46.
1.06000, 67.
1.07000, 53.
1.08000, 46.
1.09000, 48.
1.10000, 46.
1.11000, 44.
1.12000, 48.
1.13000, 58.
1.14000, 48.
1.15000, 47.
1.16000, 48.
1.17000, 38.
1.18000, 38.
1.19000, 47.
1.20000, 50.
1.21000, 49.
1.22000, 69.
1.23000, 48.
1.24000, 78.
1.25000, 70.
1.26000, 72.
1.27000, 69.
1.28000, 72.
1.29000, 58.
1.30000, 49.
1.31000, 47.
1.32000, 48.
1.33000, 47.
1.34000, 41.
1.35000, 45.
1.36000, 48.
1.37000, 44.
1.38000, 56.
1.39000, 65.
1.40000, 69.
1.41000, 107.
1.42000, 136.
1.43000, 164.
1.44000, 210.
1.45000, 263.
1.46000, 314.
1.47000, 403.
1.48000, 425.
1.49000, 395.
1.50000, 402.
1.51000, 415.
1.52000, 355.
1.53000, 291.
1.54000, 251.
1.55000, 180.
1.56000, 147.
1.57000, 131.
1.58000, 98.
1.59000, 90.
1.60000, 101.
1.61000, 102.
1.62000, 101.
1.63000, 170.
1.64000, 245.
1.65000, 392.
1.66000, 641.
1.67000, 943.
1.68000, 1485.
1.69000, 2045.
1.70000, 2681.
1.71000, 3264.
1.72000, 3991.
1.73000, 4485.
1.74000, 4785.
1.75000, 4911.
1.76000, 4516.
1.77000, 4132.
1.78000, 3581.
1.79000, 2845.
1.80000, 2216.
1.81000, 1722.
1.82000, 1238.
1.83000, 855.
1.84000, 618.
1.85000, 452.
1.86000, 339.
1.87000, 258.
1.88000, 208.
1.89000, 180.
1.90000, 166.
1.91000, 134.
1.92000, 123.
1.93000, 133.
1.94000, 105.
1.95000, 127.
1.96000, 111.
1.97000, 124.
1.98000, 113.
1.99000, 105.
2.00000, 107.
2.01000, 90.
2.02000, 74.
2.03000, 71.
2.04000, 84.
2.05000, 62.
2.06000, 54.
2.07000, 47.
2.08000, 58.
2.09000, 50.
2.10000, 30.
2.11000, 45.
2.12000, 39.
2.13000, 47.
2.14000, 39.
2.15000, 41.
2.16000, 51.
2.17000, 61.
2.18000, 65.
2.19000, 93.
2.20000, 117.
2.21000, 168.
2.22000, 268.
2.23000, 329.
2.24000, 508.
2.25000, 627.
2.26000, 809.
2.27000, 991.
2.28000, 1214.
2.29000, 1366.
2.30000, 1471.
2.31000, 1417.
2.32000, 1496.
2.33000, 1415.
2.34000, 1199.
2.35000, 1045.
2.36000, 808.
2.37000, 645.
2.38000, 528.
2.39000, 390.
2.40000, 257.
2.41000, 216.
2.42000, 168.
2.43000, 130.
2.44000, 168.
2.45000, 149.
2.46000, 137.
2.47000, 151.
2.48000, 125.
2.49000, 142.
2.50000, 117.
2.51000, 115.
2.52000, 105.
2.53000, 103.
2.54000, 95.
2.55000, 89.
2.56000, 99.
2.57000, 113.
2.58000, 127.
2.59000, 140.
2.60000, 168.
2.61000, 218.
2.62000, 284.
2.63000, 281.
2.64000, 350.
2.65000, 422.
2.66000, 484.
2.67000, 534.
2.68000, 604.
2.69000, 623.
2.70000, 676.
2.71000, 600.
2.72000, 625.
2.73000, 576.
2.74000, 427.
2.75000, 388.
2.76000, 348.
2.77000, 350.
2.78000, 305.
2.79000, 327.
2.80000, 311.
2.81000, 348.
2.82000, 340.
2.83000, 356.
2.84000, 379.
2.85000, 398.
2.86000, 377.
2.87000, 338.
2.88000, 316.
2.89000, 246.
2.90000, 235.
2.91000, 227.
2.92000, 199.
2.93000, 179.
2.94000, 147.
2.95000, 139.
2.96000, 96.
2.97000, 106.
2.98000, 101.
2.99000, 85.
3.00000, 95.
3.01000, 72.
3.02000, 68.
3.03000, 49.
3.04000, 57.
3.05000, 58.
3.06000, 48.
3.07000, 47.
3.08000, 39.
3.09000, 33.
3.10000, 46.
3.11000, 49.
3.12000, 32.
3.13000, 44.
3.14000, 34.
3.15000, 40.
3.16000, 44.
3.17000, 32.
3.18000, 52.
3.19000, 43.
3.20000, 69.
3.21000, 78.
3.22000, 104.
3.23000, 149.
3.24000, 195.
3.25000, 208.
3.26000, 271.
3.27000, 345.
3.28000, 408.
3.29000, 443.
3.30000, 440.
3.31000, 520.
3.32000, 500.
3.33000, 477.
3.34000, 459.
3.35000, 419.
3.36000, 385.
3.37000, 305.
3.38000, 269.
3.39000, 198.
3.40000, 151.
3.41000, 131.
3.42000, 101.
3.43000, 67.
3.44000, 59.
3.45000, 69.
3.46000, 62.
3.47000, 56.
3.48000, 45.
3.49000, 64.
3.50000, 74.
3.51000, 98.
3.52000, 113.
3.53000, 139.
3.54000, 178.
3.55000, 233.
3.56000, 361.
3.57000, 428.
3.58000, 637.
3.59000, 919.
3.60000, 1220.
3.61000, 1702.
3.62000, 2096.
3.63000, 2855.
3.64000, 3639.
3.65000, 4253.
3.66000, 5114.
3.67000, 5544.
3.68000, 6057.
3.69000, 6456.
3.70000, 6233.
3.71000, 5904.
3.72000, 5698.
3.73000, 4889.
3.74000, 4343.
3.75000, 3438.
3.76000, 2746.
3.77000, 2145.
3.78000, 1584.
3.79000, 1150.
3.80000, 807.
3.81000, 539.
3.82000, 344.
3.83000, 251.
3.84000, 142.
3.85000, 113.
3.86000, 97.
3.87000, 74.
3.88000, 106.
3.89000, 120.
3.90000, 153.
3.91000, 175.
3.92000, 220.
3.93000, 286.
3.94000, 350.
3.95000, 448.
3.96000, 532.
3.97000, 642.
3.98000, 697.
3.99000, 873.
4.00000, 926.
4.01000, 931.
4.02000, 902.
4.03000, 871.
4.04000, 852.
4.05000, 776.
4.06000, 694.
4.07000, 639.
4.08000, 482.
4.09000, 366.
4.10000, 282.
4.11000, 233.
4.12000, 176.
4.13000, 129.
4.14000, 94.
4.15000, 72.
4.16000, 59.
4.17000, 50.
4.18000, 37.
4.19000, 30.
4.20000, 24.
4.21000, 29.
4.22000, 32.
4.23000, 32.
4.24000, 39.
4.25000, 32.
4.26000, 33.
4.27000, 40.
4.28000, 24.
4.29000, 33.
4.30000, 30.
4.31000, 40.
4.32000, 29.
4.33000, 27.
4.34000, 41.
4.35000, 30.
4.36000, 39.
4.37000, 29.
4.38000, 49.
4.39000, 57.
4.40000, 65.
4.41000, 74.
4.42000, 105.
4.43000, 127.
4.44000, 154.
4.45000, 165.
4.46000, 194.
4.47000, 217.
4.48000, 237.
4.49000, 260.
4.50000, 267.
4.51000, 260.
4.52000, 260.
4.53000, 274.
4.54000, 273.
4.55000, 223.
4.56000, 197.
4.57000, 177.
4.58000, 165.
4.59000, 141.
4.60000, 117.
4.61000, 106.
4.62000, 79.
4.63000, 93.
4.64000, 83.
4.65000, 88.
4.66000, 75.
4.67000, 61.
4.68000, 63.
4.69000, 64.
4.70000, 55.
4.71000, 54.
4.72000, 58.
4.73000, 46.
4.74000, 50.
4.75000, 43.
4.76000, 44.
4.77000, 58.
4.78000, 58.
4.79000, 50.
4.80000, 62.
4.81000, 64.
4.82000, 45.
4.83000, 55.
4.84000, 67.
4.85000, 57.
4.86000, 81.
4.87000, 75.
4.88000, 84.
4.89000, 82.
4.90000, 93.
4.91000, 92.
4.92000, 95.
4.93000, 101.
4.94000, 74.
4.95000, 97.
4.96000, 75.
4.97000, 83.
4.98000, 83.
4.99000, 73.
5.00000, 61.
5.01000, 65.
5.02000, 60.
5.03000, 48.
5.04000, 51.
5.05000, 43.
5.06000, 44.
5.07000, 44.
5.08000, 41.
5.09000, 44.
5.10000, 43.
5.11000, 41.
5.12000, 38.
5.13000, 51.
5.14000, 57.
5.15000, 48.
5.16000, 53.
5.17000, 58.
5.18000, 49.
5.19000, 44.
5.20000, 54.
5.21000, 58.
5.22000, 50.
5.23000, 59.
5.24000, 40.
5.25000, 56.
5.26000, 65.
5.27000, 66.
5.28000, 62.
5.29000, 52.
5.30000, 54.
5.31000, 67.
5.32000, 61.
5.33000, 64.
5.34000, 65.
5.35000, 55.
5.36000, 61.
5.37000, 64.
5.38000, 77.
5.39000, 73.
5.40000, 95.
5.41000, 80.
5.42000, 88.
5.43000, 72.
5.44000, 74.
5.45000, 67.
5.46000, 77.
5.47000, 67.
5.48000, 69.
5.49000, 65.
5.50000, 71.
5.51000, 46.
5.52000, 58.
5.53000, 57.
5.54000, 61.
5.55000, 59.
5.56000, 53.
5.57000, 56.
5.58000, 64.
5.59000, 44.
5.60000, 51.
5.61000, 47.
5.62000, 69.
5.63000, 55.
5.64000, 40.
5.65000, 50.
5.66000, 65.
5.67000, 42.
5.68000, 61.
5.69000, 65.
5.70000, 62.
5.71000, 61.
5.72000, 53.
5.73000, 49.
5.74000, 53.
5.75000, 72.
5.76000, 64.
5.77000, 89.
5.78000, 78.
5.79000, 93.
5.80000, 99.
5.81000, 135.
5.82000, 131.
5.83000, 147.
5.84000, 190.
5.85000, 190.
5.86000, 219.
5.87000, 215.
5.88000, 197.
5.89000, 240.
5.90000, 230.
5.91000, 208.
5.92000, 223.
5.93000, 196.
5.94000, 190.
5.95000, 152.
5.96000, 161.
5.97000, 126.
5.98000, 125.
5.99000, 102.
6.00000, 109.
6.01000, 85.
6.02000, 62.
6.03000, 81.
6.04000, 73.
6.05000, 82.
6.06000, 76.
6.07000, 79.
6.08000, 83.
6.09000, 65.
6.10000, 82.
6.11000, 90.
6.12000, 71.
6.13000, 100.
6.14000, 106.
6.15000, 97.
6.16000, 110.
6.17000, 80.
6.18000, 119.
6.19000, 154.
6.20000, 134.
6.21000, 174.
6.22000, 278.
6.23000, 324.
6.24000, 448.
6.25000, 619.
6.26000, 825.
6.27000, 1131.
6.28000, 1552.
6.29000, 2105.
6.30000, 2770.
6.31000, 3446.
6.32000, 4243.
6.33000, 5276.
6.34000, 6011.
6.35000, 7080.
6.36000, 8103.
6.37000, 8704.
6.38000, 9089.
6.39000, 9698.
6.40000, 9740.
6.41000, 9528.
6.42000, 9218.
6.43000, 8582.
6.44000, 7815.
6.45000, 6889.
6.46000, 6109.
6.47000, 5038.
6.48000, 4163.
6.49000, 3367.
6.50000, 2573.
6.51000, 1950.
6.52000, 1489.
6.53000, 1111.
6.54000, 830.
6.55000, 547.
6.56000, 454.
6.57000, 280.
6.58000, 195.
6.59000, 183.
6.60000, 136.
6.61000, 118.
6.62000, 106.
6.63000, 105.
6.64000, 99.
6.65000, 100.
6.66000, 84.
6.67000, 83.
6.68000, 85.
6.69000, 94.
6.70000, 92.
6.71000, 78.
6.72000, 109.
6.73000, 84.
6.74000, 90.
6.75000, 80.
6.76000, 90.
6.77000, 92.
6.78000, 120.
6.79000, 102.
6.80000, 105.
6.81000, 106.
6.82000, 107.
6.83000, 122.
6.84000, 121.
6.85000, 148.
6.86000, 134.
6.87000, 148.
6.88000, 157.
6.89000, 190.
6.90000, 209.
6.91000, 271.
6.92000, 327.
6.93000, 376.
6.94000, 439.
6.95000, 558.
6.96000, 643.
6.97000, 786.
6.98000, 885.
6.99000, 1049.
7.00000, 1187.
7.01000, 1283.
7.02000, 1372.
7.03000, 1467.
7.04000, 1641.
7.05000, 1589.
7.06000, 1540.
7.07000, 1591.
7.08000, 1499.
7.09000, 1385.
7.10000, 1249.
7.11000, 1075.
7.12000, 958.
7.13000, 832.
7.14000, 673.
7.15000, 601.
7.16000, 492.
7.17000, 368.
7.18000, 300.
7.19000, 235.
7.20000, 212.
7.21000, 171.
7.22000, 135.
7.23000, 107.
7.24000, 100.
7.25000, 102.
7.26000, 89.
7.27000, 84.
7.28000, 75.
7.29000, 93.
7.30000, 94.
7.31000, 75.
7.32000, 75.
7.33000, 70.
7.34000, 85.
7.35000, 67.
7.36000, 93.
7.37000, 73.
7.38000, 76.
7.39000, 61.
7.40000, 77.
7.41000, 90.
7.42000, 92.
7.43000, 93.
7.44000, 73.
7.45000, 92.
7.46000, 79.
7.47000, 79.
7.48000, 85.
7.49000, 82.
7.50000, 83.
7.51000, 83.
7.52000, 80.
7.53000, 75.
7.54000, 69.
7.55000, 90.
7.56000, 84.
7.57000, 57.
7.58000, 82.
7.59000, 70.
7.60000, 63.
7.61000, 75.
7.62000, 82.
7.63000, 82.
7.64000, 79.
7.65000, 58.
7.66000, 69.
7.67000, 93.
7.68000, 71.
7.69000, 77.
7.70000, 92.
7.71000, 84.
7.72000, 82.
7.73000, 88.
7.74000, 91.
7.75000, 84.
7.76000, 88.
7.77000, 80.
7.78000, 77.
7.79000, 93.
7.80000, 79.
7.81000, 80.
7.82000, 80.
7.83000, 93.
7.84000, 78.
7.85000, 88.
7.86000, 91.
7.87000, 92.
7.88000, 117.
7.89000, 96.
7.90000, 82.
7.91000, 101.
7.92000, 95.
7.93000, 108.
7.94000, 105.
7.95000, 131.
7.96000, 102.
7.97000, 104.
7.98000, 114.
7.99000, 124.
8.00000, 124.
8.01000, 125.
8.02000, 119.
8.03000, 128.
8.04000, 147.
8.05000, 131.
8.06000, 139.
8.07000, 131.
8.08000, 133.
8.09000, 128.
8.10000, 136.
8.11000, 135.
8.12000, 130.
8.13000, 126.
8.14000, 147.
8.15000, 119.
8.16000, 127.
8.17000, 135.
8.18000, 117.
8.19000, 116.
8.20000, 117.
8.21000, 113.
8.22000, 98.
8.23000, 105.
8.24000, 114.
8.25000, 121.
8.26000, 115.
8.27000, 115.
8.28000, 103.
8.29000, 101.
8.30000, 110.
8.31000, 113.
8.32000, 101.
8.33000, 104.
8.34000, 109.
8.35000, 105.
8.36000, 110.
8.37000, 128.
8.38000, 121.
8.39000, 104.
8.40000, 116.
8.41000, 128.
8.42000, 104.
8.43000, 134.
8.44000, 109.
8.45000, 114.
8.46000, 122.
8.47000, 127.
8.48000, 131.
8.49000, 130.
8.50000, 141.
8.51000, 142.
8.52000, 185.
8.53000, 170.
8.54000, 204.
8.55000, 188.
8.56000, 226.
8.57000, 224.
8.58000, 248.
8.59000, 262.
8.60000, 264.
8.61000, 307.
8.62000, 268.
8.63000, 295.
8.64000, 288.
8.65000, 243.
8.66000, 279.
8.67000, 249.
8.68000, 257.
8.69000, 216.
8.70000, 191.
8.71000, 199.
8.72000, 180.
8.73000, 184.
8.74000, 163.
8.75000, 160.
8.76000, 164.
8.77000, 118.
8.78000, 130.
8.79000, 130.
8.80000, 128.
8.81000, 113.
8.82000, 125.
8.83000, 117.
8.84000, 114.
8.85000, 124.
8.86000, 121.
8.87000, 126.
8.88000, 127.
8.89000, 103.
8.90000, 122.
8.91000, 112.
8.92000, 104.
8.93000, 112.
8.94000, 128.
8.95000, 105.
8.96000, 117.
8.97000, 114.
8.98000, 123.
8.99000, 115.
9.00000, 119.
9.01000, 110.
9.02000, 109.
9.03000, 125.
9.04000, 127.
9.05000, 108.
9.06000, 125.
9.07000, 123.
9.08000, 124.
9.09000, 122.
9.10000, 117.
9.11000, 136.
9.12000, 129.
9.13000, 127.
9.14000, 130.
9.15000, 128.
9.16000, 126.
9.17000, 122.
9.18000, 124.
9.19000, 136.
9.20000, 123.
9.21000, 133.
9.22000, 136.
9.23000, 134.
9.24000, 147.
9.25000, 128.
9.26000, 132.
9.27000, 125.
9.28000, 126.
9.29000, 110.
9.30000, 139.
9.31000, 141.
9.32000, 126.
9.33000, 145.
9.34000, 151.
9.35000, 142.
9.36000, 152.
9.37000, 136.
9.38000, 138.
9.39000, 136.
9.40000, 130.
9.41000, 143.
9.42000, 138.
9.43000, 149.
9.44000, 116.
9.45000, 157.
9.46000, 145.
9.47000, 147.
9.48000, 158.
9.49000, 146.
9.50000, 154.
9.51000, 139.
9.52000, 150.
9.53000, 156.
9.54000, 146.
9.55000, 143.
9.56000, 147.
9.57000, 157.
9.58000, 156.
9.59000, 174.
9.60000, 164.
9.61000, 185.
9.62000, 146.
9.63000, 162.
9.64000, 152.
9.65000, 145.
9.66000, 122.
9.67000, 140.
9.68000, 163.
9.69000, 152.
9.70000, 152.
9.71000, 151.
9.72000, 148.
9.73000, 126.
9.74000, 116.
9.75000, 138.
9.76000, 144.
9.77000, 142.
9.78000, 125.
9.79000, 134.
9.80000, 146.
9.81000, 128.
9.82000, 145.
9.83000, 135.
9.84000, 130.
9.85000, 139.
9.86000, 149.
9.87000, 147.
9.88000, 137.
9.89000, 149.
9.90000, 141.
9.91000, 121.
9.92000, 137.
9.93000, 146.
9.94000, 145.
9.95000, 147.
9.96000, 135.
9.97000, 154.
9.98000, 128.
9.99000, 174.
10.00000, 142.
10.01000, 140.
10.02000, 130.
10.03000, 153.
10.04000, 145.
10.05000, 142.
10.06000, 141.
10.07000, 155.
10.08000, 140.
10.09000, 155.
10.10000, 154.
10.11000, 156.
10.12000, 134.
10.13000, 168.
10.14000, 151.
10.15000, 134.
10.16000, 161.
10.17000, 145.
10.18000, 154.
10.19000, 138.
10.20000, 130.
10.21000, 137.
10.22000, 143.
10.23000, 155.
10.24000, 135.
10.25000, 131.
10.26000, 123.
10.27000, 129.
10.28000, 124.
10.29000, 153.
10.30000, 137.
10.31000, 156.
10.32000, 145.
10.33000, 135.
10.34000, 148.
10.35000, 140.
10.36000, 161.
10.37000, 150.
10.38000, 158.
10.39000, 139.
10.40000, 125.
10.41000, 152.
10.42000, 162.
10.43000, 150.
10.44000, 174.
10.45000, 175.
10.46000, 173.
10.47000, 151.
10.48000, 150.
10.49000, 199.
10.50000, 175.
10.51000, 186.
10.52000, 199.
10.53000, 198.
10.54000, 194.
10.55000, 188.
10.56000, 168.
10.57000, 191.
10.58000, 226.
10.59000, 192.
10.60000, 180.
10.61000, 162.
10.62000, 162.
10.63000, 171.
10.64000, 175.
10.65000, 166.
10.66000, 181.
10.67000, 158.
10.68000, 172.
10.69000, 177.
10.70000, 168.
10.71000, 156.
10.72000, 153.
10.73000, 158.
10.74000, 172.
10.75000, 151.
10.76000, 171.
10.77000, 165.
10.78000, 153.
10.79000, 132.
10.80000, 147.
10.81000, 156.
10.82000, 137.
10.83000, 154.
10.84000, 153.
10.85000, 153.
10.86000, 179.
10.87000, 142.
10.88000, 147.
10.89000, 134.
10.90000, 148.
10.91000, 147.
10.92000, 146.
10.93000, 149.
10.94000, 140.
10.95000, 142.
10.96000, 149.
10.97000, 164.
10.98000, 147.
10.99000, 165.
11.00000, 150.
11.01000, 140.
11.02000, 160.
11.03000, 135.
11.04000, 161.
11.05000, 150.
11.06000, 147.
11.07000, 141.
11.08000, 161.
11.09000, 148.
11.10000, 159.
11.11000, 167.
11.12000, 152.
11.13000, 167.
11.14000, 162.
11.15000, 174.
11.16000, 177.
11.17000, 156.
11.18000, 161.
11.19000, 144.
11.20000, 152.
11.21000, 153.
11.22000, 167.
11.23000, 172.
11.24000, 148.
11.25000, 148.
11.26000, 141.
11.27000, 152.
11.28000, 130.
11.29000, 142.
11.30000, 185.
11.31000, 138.
11.32000, 186.
11.33000, 166.
11.34000, 185.
11.35000, 158.
11.36000, 161.
11.37000, 170.
11.38000, 143.
11.39000, 163.
11.40000, 152.
11.41000, 153.
11.42000, 151.
11.43000, 154.
11.44000, 158.
11.45000, 148.
11.46000, 162.
11.47000, 150.
11.48000, 171.
11.49000, 165.
11.50000, 168.
11.51000, 146.
11.52000, 131.
11.53000, 187.
11.54000, 157.
11.55000, 143.
11.56000, 147.
11.57000, 153.
11.58000, 142.
11.59000, 150.
11.60000, 160.
11.61000, 182.
11.62000, 138.
11.63000, 172.
11.64000, 158.
11.65000, 149.
11.66000, 147.
11.67000, 164.
11.68000, 175.
11.69000, 173.
11.70000, 163.
11.71000, 183.
11.72000, 192.
11.73000, 140.
11.74000, 149.
11.75000, 162.
11.76000, 146.
11.77000, 165.
11.78000, 160.
11.79000, 162.
11.80000, 153.
11.81000, 175.
11.82000, 191.
11.83000, 170.
11.84000, 158.
11.85000, 188.
11.86000, 172.
11.87000, 182.
11.88000, 139.
11.89000, 169.
11.90000, 176.
11.91000, 171.
11.92000, 166.
11.93000, 172.
11.94000, 158.
11.95000, 148.
11.96000, 158.
11.97000, 177.
11.98000, 184.
11.99000, 165.
12.00000, 164.
12.01000, 175.
12.02000, 152.
12.03000, 155.
12.04000, 185.
12.05000, 152.
12.06000, 161.
12.07000, 159.
12.08000, 179.
12.09000, 176.
12.10000, 158.
12.11000, 160.
12.12000, 178.
12.13000, 166.
12.14000, 154.
12.15000, 170.
12.16000, 150.
12.17000, 158.
12.18000, 174.
12.19000, 170.
12.20000, 154.
12.21000, 165.
12.22000, 172.
12.23000, 176.
12.24000, 150.
12.25000, 166.
12.26000, 175.
12.27000, 147.
12.28000, 149.
12.29000, 156.
12.30000, 163.
12.31000, 158.
12.32000, 156.
12.33000, 161.
12.34000, 188.
12.35000, 155.
12.36000, 175.
12.37000, 189.
12.38000, 172.
12.39000, 178.
12.40000, 152.
12.41000, 176.
12.42000, 175.
12.43000, 164.
12.44000, 155.
12.45000, 171.
12.46000, 156.
12.47000, 176.
12.48000, 178.
12.49000, 187.
12.50000, 174.
12.51000, 213.
12.52000, 178.
12.53000, 195.
12.54000, 182.
12.55000, 184.
12.56000, 188.
12.57000, 195.
12.58000, 173.
12.59000, 194.
12.60000, 199.
12.61000, 196.
12.62000, 171.
12.63000, 222.
12.64000, 214.
12.65000, 198.
12.66000, 216.
12.67000, 178.
12.68000, 214.
12.69000, 179.
12.70000, 185.
12.71000, 197.
12.72000, 154.
12.73000, 188.
12.74000, 179.
12.75000, 172.
12.76000, 182.
12.77000, 154.
12.78000, 193.
12.79000, 178.
12.80000, 175.
12.81000, 182.
12.82000, 192.
12.83000, 155.
12.84000, 185.
12.85000, 180.
12.86000, 203.
12.87000, 192.
12.88000, 182.
12.89000, 171.
12.90000, 182.
12.91000, 176.
12.92000, 187.
12.93000, 168.
12.94000, 188.
12.95000, 181.
12.96000, 178.
12.97000, 179.
12.98000, 158.
12.99000, 175.
13.00000, 184.
13.01000, 181.
13.02000, 188.
13.03000, 172.
13.04000, 169.
13.05000, 154.
13.06000, 146.
13.07000, 161.
13.08000, 176.
13.09000, 177.
13.10000, 191.
13.11000, 150.
13.12000, 164.
13.13000, 159.
13.14000, 159.
13.15000, 182.
13.16000, 192.
13.17000, 168.
13.18000, 202.
13.19000, 191.
13.20000, 157.
13.21000, 187.
13.22000, 174.
13.23000, 202.
13.24000, 182.
13.25000, 171.
13.26000, 189.
13.27000, 165.
13.28000, 195.
13.29000, 173.
13.30000, 200.
13.31000, 221.
13.32000, 199.
13.33000, 207.
13.34000, 182.
13.35000, 224.
13.36000, 193.
13.37000, 210.
13.38000, 218.
13.39000, 184.
13.40000, 205.
13.41000, 189.
13.42000, 184.
13.43000, 181.
13.44000, 191.
13.45000, 198.
13.46000, 177.
13.47000, 193.
13.48000, 200.
13.49000, 196.
13.50000, 176.
13.51000, 185.
13.52000, 177.
13.53000, 167.
13.54000, 193.
13.55000, 145.
13.56000, 180.
13.57000, 176.
13.58000, 173.
13.59000, 168.
13.60000, 171.
13.61000, 177.
13.62000, 185.
13.63000, 174.
13.64000, 181.
13.65000, 193.
13.66000, 158.
13.67000, 156.
13.68000, 164.
13.69000, 180.
13.70000, 160.
13.71000, 168.
13.72000, 168.
13.73000, 173.
13.74000, 189.
13.75000, 166.
13.76000, 163.
13.77000, 140.
13.78000, 173.
13.79000, 186.
13.80000, 164.
13.81000, 185.
13.82000, 163.
13.83000, 172.
13.84000, 172.
13.85000, 141.
13.86000, 188.
13.87000, 169.
13.88000, 176.
13.89000, 197.
13.90000, 201.
13.91000, 180.
13.92000, 175.
13.93000, 209.
13.94000, 239.
13.95000, 223.
13.96000, 234.
13.97000, 238.
13.98000, 278.
13.99000, 295.
14.00000, 290.
14.01000, 297.
14.02000, 334.
14.03000, 347.
14.04000, 353.
14.05000, 388.
14.06000, 426.
14.07000, 437.
14.08000, 438.
14.09000, 408.
14.10000, 483.
14.11000, 474.
14.12000, 485.
14.13000, 476.
14.14000, 466.
14.15000, 479.
14.16000, 478.
14.17000, 471.
14.18000, 415.
14.19000, 409.
14.20000, 372.
14.21000, 378.
14.22000, 326.
14.23000, 375.
14.24000, 299.
14.25000, 283.
14.26000, 270.
14.27000, 255.
14.28000, 226.
14.29000, 243.
14.30000, 223.
14.31000, 214.
14.32000, 201.
14.33000, 181.
14.34000, 185.
14.35000, 188.
14.36000, 165.
14.37000, 200.
14.38000, 187.
14.39000, 168.
14.40000, 181.
14.41000, 175.
14.42000, 158.
14.43000, 171.
14.44000, 160.
14.45000, 184.
14.46000, 157.
14.47000, 154.
14.48000, 201.
14.49000, 164.
14.50000, 149.
14.51000, 163.
14.52000, 160.
14.53000, 193.
14.54000, 175.
14.55000, 152.
14.56000, 166.
14.57000, 152.
14.58000, 161.
14.59000, 176.
14.60000, 174.
14.61000, 166.
14.62000, 171.
14.63000, 151.
14.64000, 176.
14.65000, 164.
14.66000, 194.
14.67000, 145.
14.68000, 178.
14.69000, 175.
14.70000, 150.
14.71000, 176.
14.72000, 176.
14.73000, 168.
14.74000, 164.
14.75000, 187.
14.76000, 159.
14.77000, 177.
14.78000, 173.
14.79000, 176.
14.80000, 167.
14.81000, 165.
14.82000, 165.
14.83000, 189.
14.84000, 185.
14.85000, 175.
14.86000, 191.
14.87000, 184.
14.88000, 184.
14.89000, 193.
14.90000, 195.
14.91000, 205.
14.92000, 219.
14.93000, 174.
14.94000, 181.
14.95000, 181.
14.96000, 200.
14.97000, 202.
14.98000, 179.
14.99000, 201.
15.00000, 168.
15.01000, 177.
15.02000, 159.
15.03000, 177.
15.04000, 172.
15.05000, 195.
15.06000, 175.
15.07000, 193.
15.08000, 157.
15.09000, 188.
15.10000, 168.
15.11000, 177.
15.12000, 173.
15.13000, 189.
15.14000, 163.
15.15000, 163.
15.16000, 162.
15.17000, 172.
15.18000, 188.
15.19000, 161.
15.20000, 182.
15.21000, 172.
15.22000, 169.
15.23000, 174.
15.24000, 151.
15.25000, 163.
15.26000, 152.
15.27000, 159.
15.28000, 168.
15.29000, 160.
15.30000, 187.
15.31000, 185.
15.32000, 166.
15.33000, 151.
15.34000, 143.
15.35000, 165.
15.36000, 158.
15.37000, 151.
15.38000, 181.
15.39000, 179.
15.40000, 160.
15.41000, 178.
15.42000, 152.
15.43000, 199.
15.44000, 158.
15.45000, 156.
15.46000, 173.
15.47000, 170.
15.48000, 167.
15.49000, 176.
15.50000, 173.
15.51000, 181.
15.52000, 178.
15.53000, 183.
15.54000, 192.
15.55000, 196.
15.56000, 189.
15.57000, 203.
15.58000, 210.
15.59000, 226.
15.60000, 204.
15.61000, 206.
15.62000, 220.
15.63000, 262.
15.64000, 245.
15.65000, 261.
15.66000, 257.
15.67000, 277.
15.68000, 291.
15.69000, 267.
15.70000, 282.
15.71000, 285.
15.72000, 311.
15.73000, 307.
15.74000, 328.
15.75000, 293.
15.76000, 318.
15.77000, 311.
15.78000, 321.
15.79000, 315.
15.80000, 297.
15.81000, 297.
15.82000, 255.
15.83000, 298.
15.84000, 276.
15.85000, 241.
15.86000, 264.
15.87000, 252.
15.88000, 242.
15.89000, 235.
15.90000, 232.
15.91000, 219.
15.92000, 236.
15.93000, 205.
15.94000, 178.
15.95000, 177.
15.96000, 196.
15.97000, 181.
15.98000, 187.
15.99000, 169.
16.00000, 156.
16.01000, 178.
16.02000, 164.
16.03000, 166.
16.04000, 197.
16.05000, 159.
16.06000, 149.
16.07000, 189.
16.08000, 163.
16.09000, 172.
16.10000, 181.
16.11000, 165.
16.12000, 175.
16.13000, 166.
16.14000, 179.
16.15000, 190.
16.16000, 170.
16.17000, 179.
16.18000, 152.
16.19000, 156.
16.20000, 158.
16.21000, 154.
16.22000, 167.
16.23000, 153.
16.24000, 145.
16.25000, 171.
16.26000, 162.
16.27000, 160.
16.28000, 169.
16.29000, 146.
16.30000, 172.
16.31000, 146.
16.32000, 139.
16.33000, 141.
16.34000, 174.
16.35000, 167.
16.36000, 182.
16.37000, 169.
16.38000, 195.
16.39000, 162.
16.40000, 158.
16.41000, 173.
16.42000, 164.
16.43000, 178.
16.44000, 152.
16.45000, 181.
16.46000, 168.
16.47000, 176.
16.48000, 167.
16.49000, 163.
16.50000, 132.
16.51000, 176.
16.52000, 168.
16.53000, 178.
16.54000, 163.
16.55000, 139.
16.56000, 164.
16.57000, 166.
16.58000, 163.
16.59000, 168.
16.60000, 176.
16.61000, 177.
16.62000, 183.
16.63000, 173.
16.64000, 150.
16.65000, 180.
16.66000, 184.
16.67000, 180.
16.68000, 175.
16.69000, 182.
16.70000, 171.
16.71000, 179.
16.72000, 164.
16.73000, 174.
16.74000, 159.
16.75000, 174.
16.76000, 162.
16.77000, 171.
16.78000, 181.
16.79000, 172.
16.80000, 143.
16.81000, 164.
16.82000, 153.
16.83000, 162.
16.84000, 182.
16.85000, 193.
16.86000, 169.
16.87000, 172.
16.88000, 165.
16.89000, 158.
16.90000, 166.
16.91000, 158.
16.92000, 191.
16.93000, 152.
16.94000, 168.
16.95000, 175.
16.96000, 170.
16.97000, 186.
16.98000, 154.
16.99000, 156.
17.00000, 180.
17.01000, 177.
17.02000, 198.
17.03000, 156.
17.04000, 166.
17.05000, 161.
17.06000, 193.
17.07000, 187.
17.08000, 178.
17.09000, 184.
17.10000, 180.
17.11000, 162.
17.12000, 180.
17.13000, 178.
17.14000, 175.
17.15000, 135.
17.16000, 174.
17.17000, 175.
17.18000, 149.
17.19000, 164.
17.20000, 201.
17.21000, 187.
17.22000, 166.
17.23000, 183.
17.24000, 172.
17.25000, 169.
17.26000, 169.
17.27000, 214.
17.28000, 192.
17.29000, 183.
17.30000, 185.
17.31000, 203.
17.32000, 189.
17.33000, 192.
17.34000, 174.
17.35000, 194.
17.36000, 183.
17.37000, 206.
17.38000, 170.
17.39000, 168.
17.40000, 210.
17.41000, 214.
17.42000, 169.
17.43000, 207.
17.44000, 191.
17.45000, 211.
17.46000, 202.
17.47000, 198.
17.48000, 209.
17.49000, 194.
17.50000, 208.
17.51000, 211.
17.52000, 196.
17.53000, 206.
17.54000, 177.
17.55000, 211.
17.56000, 191.
17.57000, 228.
17.58000, 186.
17.59000, 225.
17.60000, 207.
17.61000, 220.
17.62000, 213.
17.63000, 196.
17.64000, 235.
17.65000, 231.
17.66000, 195.
17.67000, 211.
17.68000, 207.
17.69000, 202.
17.70000, 210.
17.71000, 204.
17.72000, 198.
17.73000, 205.
17.74000, 226.
17.75000, 223.
17.76000, 229.
17.77000, 219.
17.78000, 248.
17.79000, 226.
17.80000, 228.
17.81000, 208.
17.82000, 220.
17.83000, 209.
17.84000, 213.
17.85000, 234.
17.86000, 226.
17.87000, 194.
17.88000, 211.
17.89000, 244.
17.90000, 244.
17.91000, 236.
17.92000, 218.
17.93000, 241.
17.94000, 235.
17.95000, 248.
17.96000, 263.
17.97000, 239.
17.98000, 211.
17.99000, 235.
18.00000, 248.
18.01000, 255.
18.02000, 255.
18.03000, 269.
18.04000, 253.
18.05000, 269.
18.06000, 262.
18.07000, 244.
18.08000, 248.
18.09000, 258.
18.10000, 270.
18.11000, 252.
18.12000, 257.
18.13000, 285.
18.14000, 264.
18.15000, 276.
18.16000, 300.
18.17000, 280.
18.18000, 287.
18.19000, 309.
18.20000, 330.
18.21000, 314.
18.22000, 281.
18.23000, 317.
18.24000, 326.
18.25000, 324.
18.26000, 337.
18.27000, 355.
18.28000, 367.
18.29000, 358.
18.30000, 348.
18.31000, 375.
18.32000, 408.
18.33000, 427.
18.34000, 431.
18.35000, 418.
18.36000, 420.
18.37000, 463.
18.38000, 446.
18.39000, 459.
18.40000, 476.
18.41000, 481.
18.42000, 490.
18.43000, 538.
18.44000, 505.
18.45000, 546.
18.46000, 555.
18.47000, 570.
18.48000, 601.
18.49000, 612.
18.50000, 634.
18.51000, 649.
18.52000, 674.
18.53000, 709.
18.54000, 685.
18.55000, 766.
18.56000, 796.
18.57000, 785.
18.58000, 826.
18.59000, 801.
18.60000, 865.
18.61000, 842.
18.62000, 892.
18.63000, 896.
18.64000, 924.
18.65000, 922.
18.66000, 946.
18.67000, 917.
18.68000, 958.
18.69000, 913.
18.70000, 1021.
18.71000, 1024.
18.72000, 1055.
18.73000, 1038.
18.74000, 1012.
18.75000, 1071.
18.76000, 1034.
18.77000, 1074.
18.78000, 1069.
18.79000, 1070.
18.80000, 1026.
18.81000, 1032.
18.82000, 1076.
18.83000, 1119.
18.84000, 1061.
18.85000, 1005.
18.86000, 1008.
18.87000, 977.
18.88000, 1025.
18.89000, 1035.
18.90000, 985.
18.91000, 988.
18.92000, 999.
18.93000, 949.
18.94000, 919.
18.95000, 938.
18.96000, 868.
18.97000, 860.
18.98000, 864.
18.99000, 832.
19.00000, 870.
19.01000, 844.
19.02000, 773.
19.03000, 730.
19.04000, 796.
19.05000, 734.
19.06000, 715.
19.07000, 752.
19.08000, 654.
19.09000, 674.
19.10000, 638.
19.11000, 640.
19.12000, 635.
19.13000, 610.
19.14000, 573.
19.15000, 564.
19.16000, 567.
19.17000, 516.
19.18000, 486.
19.19000, 470.
19.20000, 539.
19.21000, 446.
19.22000, 450.
19.23000, 430.
19.24000, 417.
19.25000, 409.
19.26000, 412.
19.27000, 422.
19.28000, 362.
19.29000, 393.
19.30000, 342.
19.31000, 363.
19.32000, 368.
19.33000, 343.
19.34000, 349.
19.35000, 352.
19.36000, 321.
19.37000, 347.
19.38000, 320.
19.39000, 302.
19.40000, 326.
19.41000, 305.
19.42000, 287.
19.43000, 279.
19.44000, 260.
19.45000, 266.
19.46000, 243.
19.47000, 263.
19.48000, 236.
19.49000, 267.
19.50000, 271.
19.51000, 270.
19.52000, 248.
19.53000, 242.
19.54000, 228.
19.55000, 245.
19.56000, 245.
19.57000, 218.
19.58000, 196.
19.59000, 237.
19.60000, 217.
19.61000, 224.
19.62000, 230.
19.63000, 203.
19.64000, 226.
19.65000, 210.
19.66000, 204.
19.67000, 199.
19.68000, 190.
19.69000, 214.
19.70000, 185.
19.71000, 212.
19.72000, 214.
19.73000, 192.
19.74000, 198.
19.75000, 161.
19.76000, 156.
19.77000, 187.
19.78000, 185.
19.79000, 203.
19.80000, 191.
19.81000, 175.
19.82000, 214.
19.83000, 219.
19.84000, 194.
19.85000, 212.
19.86000, 207.
19.87000, 235.
19.88000, 215.
19.89000, 219.
19.90000, 228.
19.91000, 259.
19.92000, 272.
19.93000, 296.
19.94000, 284.
19.95000, 322.
19.96000, 321.
19.97000, 359.
19.98000, 383.
19.99000, 417.
20.00000, 386.
20.01000, 425.
20.02000, 432.
20.03000, 466.
20.04000, 516.
20.05000, 521.
20.06000, 499.
20.07000, 567.
20.08000, 541.
20.09000, 563.
20.10000, 604.
20.11000, 563.
20.12000, 546.
20.13000, 530.
20.14000, 607.
20.15000, 652.
20.16000, 611.
20.17000, 581.
20.18000, 584.
20.19000, 551.
20.20000, 603.
20.21000, 526.
20.22000, 515.
20.23000, 524.
20.24000, 447.
20.25000, 435.
20.26000, 435.
20.27000, 420.
20.28000, 386.
20.29000, 363.
20.30000, 350.
20.31000, 288.
20.32000, 300.
20.33000, 259.
20.34000, 264.
20.35000, 254.
20.36000, 218.
20.37000, 210.
20.38000, 193.
20.39000, 201.
20.40000, 214.
20.41000, 203.
20.42000, 193.
20.43000, 183.
20.44000, 178.
20.45000, 164.
20.46000, 193.
20.47000, 182.
20.48000, 162.
20.49000, 172.
20.50000, 177.
20.51000, 173.
20.52000, 176.
20.53000, 148.
20.54000, 182.
20.55000, 206.
20.56000, 180.
20.57000, 188.
20.58000, 194.
20.59000, 186.
20.60000, 203.
20.61000, 205.
20.62000, 197.
20.63000, 198.
20.64000, 193.
20.65000, 199.
20.66000, 235.
20.67000, 213.
20.68000, 208.
20.69000, 201.
20.70000, 209.
20.71000, 242.
20.72000, 239.
20.73000, 230.
20.74000, 213.
20.75000, 217.
20.76000, 220.
20.77000, 250.
20.78000, 233.
20.79000, 261.
20.80000, 242.
20.81000, 245.
20.82000, 284.
20.83000, 238.
20.84000, 215.
20.85000, 254.
20.86000, 277.
20.87000, 222.
20.88000, 292.
20.89000, 271.
20.90000, 304.
20.91000, 270.
20.92000, 270.
20.93000, 262.
20.94000, 267.
20.95000, 261.
20.96000, 256.
20.97000, 263.
20.98000, 299.
20.99000, 256.
21.00000, 268.
21.01000, 277.
21.02000, 268.
21.03000, 275.
21.04000, 267.
21.05000, 276.
21.06000, 273.
21.07000, 267.
21.08000, 282.
21.09000, 252.
21.10000, 274.
21.11000, 269.
21.12000, 287.
21.13000, 251.
21.14000, 278.
21.15000, 274.
21.16000, 282.
21.17000, 274.
21.18000, 247.
21.19000, 246.
21.20000, 234.
21.21000, 234.
21.22000, 241.
21.23000, 242.
21.24000, 235.
21.25000, 231.
21.26000, 234.
21.27000, 218.
21.28000, 223.
21.29000, 222.
21.30000, 217.
21.31000, 213.
21.32000, 224.
21.33000, 183.
21.34000, 214.
21.35000, 207.
21.36000, 197.
21.37000, 201.
21.38000, 188.
21.39000, 233.
21.40000, 207.
21.41000, 166.
21.42000, 172.
21.43000, 175.
21.44000, 181.
21.45000, 190.
21.46000, 167.
21.47000, 176.
21.48000, 155.
21.49000, 168.
21.50000, 160.
21.51000, 160.
21.52000, 142.
21.53000, 163.
21.54000, 167.
21.55000, 166.
21.56000, 148.
21.57000, 175.
21.58000, 145.
21.59000, 151.
21.60000, 143.
21.61000, 146.
21.62000, 116.
21.63000, 142.
21.64000, 151.
21.65000, 145.
21.66000, 123.
21.67000, 142.
21.68000, 138.
21.69000, 132.
21.70000, 142.
21.71000, 128.
21.72000, 115.
21.73000, 121.
21.74000, 125.
21.75000, 133.
21.76000, 119.
21.77000, 137.
21.78000, 116.
21.79000, 125.
21.80000, 133.
21.81000, 101.
21.82000, 123.
21.83000, 114.
21.84000, 133.
21.85000, 124.
21.86000, 111.
21.87000, 114.
21.88000, 117.
21.89000, 104.
21.90000, 120.
21.91000, 127.
21.92000, 112.
21.93000, 132.
21.94000, 119.
21.95000, 129.
21.96000, 103.
21.97000, 103.
21.98000, 93.
21.99000, 94.
22.00000, 111.
22.01000, 98.
22.02000, 102.
22.03000, 108.
22.04000, 107.
22.05000, 96.
22.06000, 88.
22.07000, 99.
22.08000, 97.
22.09000, 107.
22.10000, 101.
22.11000, 94.
22.12000, 101.
22.13000, 88.
22.14000, 88.
22.15000, 120.
22.16000, 111.
22.17000, 110.
22.18000, 83.
22.19000, 101.
22.20000, 93.
22.21000, 100.
22.22000, 100.
22.23000, 90.
22.24000, 108.
22.25000, 91.
22.26000, 105.
22.27000, 104.
22.28000, 82.
22.29000, 95.
22.30000, 97.
22.31000, 94.
22.32000, 83.
22.33000, 97.
22.34000, 93.
22.35000, 86.
22.36000, 90.
22.37000, 96.
22.38000, 94.
22.39000, 83.
22.40000, 106.
22.41000, 93.
22.42000, 105.
22.43000, 91.
22.44000, 93.
22.45000, 95.
22.46000, 96.
22.47000, 86.
22.48000, 97.
22.49000, 107.
22.50000, 102.
22.51000, 105.
22.52000, 107.
22.53000, 101.
22.54000, 98.
22.55000, 128.
22.56000, 132.
22.57000, 111.
22.58000, 146.
22.59000, 117.
22.60000, 144.
22.61000, 134.
22.62000, 154.
22.63000, 140.
22.64000, 144.
22.65000, 161.
22.66000, 139.
22.67000, 147.
22.68000, 144.
22.69000, 157.
22.70000, 160.
22.71000, 151.
22.72000, 142.
22.73000, 146.
22.74000, 146.
22.75000, 152.
22.76000, 129.
22.77000, 116.
22.78000, 129.
22.79000, 123.
22.80000, 137.
22.81000, 120.
22.82000, 115.
22.83000, 114.
22.84000, 108.
22.85000, 125.
22.86000, 107.
22.87000, 95.
22.88000, 106.
22.89000, 83.
22.90000, 108.
22.91000, 95.
22.92000, 84.
22.93000, 102.
22.94000, 89.
22.95000, 97.
22.96000, 86.
22.97000, 94.
22.98000, 100.
22.99000, 82.
23.00000, 91.
23.01000, 87.
23.02000, 74.
23.03000, 81.
23.04000, 84.
23.05000, 92.
23.06000, 83.
23.07000, 74.
23.08000, 95.
23.09000, 84.
23.10000, 95.
23.11000, 95.
23.12000, 94.
23.13000, 80.
23.14000, 96.
23.15000, 105.
23.16000, 89.
23.17000, 95.
23.18000, 89.
23.19000, 82.
23.20000, 91.
23.21000, 103.
23.22000, 84.
23.23000, 86.
23.24000, 96.
23.25000, 67.
23.26000, 62.
23.27000, 93.
23.28000, 83.
23.29000, 79.
23.30000, 91.
23.31000, 95.
23.32000, 78.
23.33000, 59.
23.34000, 83.
23.35000, 74.
23.36000, 80.
23.37000, 68.
23.38000, 81.
23.39000, 73.
23.40000, 76.
23.41000, 83.
23.42000, 68.
23.43000, 83.
23.44000, 79.
23.45000, 79.
23.46000, 70.
23.47000, 74.
23.48000, 98.
23.49000, 85.
23.50000, 73.
23.51000, 63.
23.52000, 73.
23.53000, 76.
23.54000, 74.
23.55000, 73.
23.56000, 85.
23.57000, 76.
23.58000, 84.
23.59000, 79.
23.60000, 69.
23.61000, 72.
23.62000, 59.
23.63000, 74.
23.64000, 76.
23.65000, 74.
23.66000, 74.
23.67000, 79.
23.68000, 81.
23.69000, 74.
23.70000, 70.
23.71000, 80.
23.72000, 72.
23.73000, 85.
23.74000, 79.
23.75000, 67.
23.76000, 82.
23.77000, 68.
23.78000, 81.
23.79000, 65.
23.80000, 77.
23.81000, 73.
23.82000, 66.
23.83000, 75.
23.84000, 77.
23.85000, 76.
23.86000, 60.
23.87000, 67.
23.88000, 69.
23.89000, 56.
23.90000, 67.
23.91000, 56.
23.92000, 66.
23.93000, 74.
23.94000, 67.
23.95000, 80.
23.96000, 73.
23.97000, 82.
23.98000, 73.
23.99000, 76.
24.00000, 56.
24.01000, 78.
24.02000, 90.
24.03000, 68.
24.04000, 80.
24.05000, 70.
24.06000, 64.
24.07000, 72.
24.08000, 82.
24.09000, 70.
24.10000, 84.
24.11000, 100.
24.12000, 63.
24.13000, 73.
24.14000, 63.
24.15000, 84.
24.16000, 80.
24.17000, 81.
24.18000, 48.
24.19000, 72.
24.20000, 78.
24.21000, 86.
24.22000, 83.
24.23000, 75.
24.24000, 68.
24.25000, 75.
24.26000, 83.
24.27000, 57.
24.28000, 61.
24.29000, 62.
24.30000, 71.
24.31000, 82.
24.32000, 61.
24.33000, 72.
24.34000, 89.
24.35000, 79.
24.36000, 82.
24.37000, 71.
24.38000, 85.
24.39000, 67.
24.40000, 76.
24.41000, 61.
24.42000, 76.
24.43000, 69.
24.44000, 68.
24.45000, 57.
24.46000, 67.
24.47000, 63.
24.48000, 77.
24.49000, 71.
24.50000, 82.
24.51000, 62.
24.52000, 66.
24.53000, 62.
24.54000, 68.
24.55000, 70.
24.56000, 60.
24.57000, 68.
24.58000, 81.
24.59000, 72.
24.60000, 53.
24.61000, 55.
24.62000, 72.
24.63000, 80.
24.64000, 55.
24.65000, 70.
24.66000, 66.
24.67000, 78.
24.68000, 66.
24.69000, 56.
24.70000, 60.
24.71000, 60.
24.72000, 67.
24.73000, 63.
24.74000, 75.
24.75000, 70.
24.76000, 80.
24.77000, 62.
24.78000, 59.
24.79000, 81.
24.80000, 94.
24.81000, 64.
24.82000, 74.
24.83000, 55.
24.84000, 69.
24.85000, 71.
24.86000, 63.
24.87000, 76.
24.88000, 70.
24.89000, 75.
24.90000, 89.
24.91000, 79.
24.92000, 66.
24.93000, 79.
24.94000, 80.
24.95000, 77.
24.96000, 70.
24.97000, 76.
24.98000, 68.
24.99000, 70.
25.00000, 82.
25.01000, 69.
25.02000, 72.
25.03000, 79.
25.04000, 98.
25.05000, 68.
25.06000, 79.
25.07000, 68.
25.08000, 78.
25.09000, 76.
25.10000, 70.
25.11000, 60.
25.12000, 76.
25.13000, 91.
25.14000, 65.
25.15000, 65.
25.16000, 68.
25.17000, 70.
25.18000, 79.
25.19000, 69.
25.20000, 79.
25.21000, 68.
25.22000, 66.
25.23000, 81.
25.24000, 75.
25.25000, 66.
25.26000, 87.
25.27000, 68.
25.28000, 67.
25.29000, 81.
25.30000, 57.
25.31000, 82.
25.32000, 75.
25.33000, 68.
25.34000, 81.
25.35000, 76.
25.36000, 67.
25.37000, 76.
25.38000, 71.
25.39000, 67.
25.40000, 79.
25.41000, 77.
25.42000, 61.
25.43000, 61.
25.44000, 87.
25.45000, 69.
25.46000, 68.
25.47000, 61.
25.48000, 59.
25.49000, 78.
25.50000, 66.
25.51000, 53.
25.52000, 73.
25.53000, 70.
25.54000, 74.
25.55000, 67.
25.56000, 69.
25.57000, 59.
25.58000, 71.
25.59000, 71.
25.60000, 61.
25.61000, 52.
25.62000, 69.
25.63000, 57.
25.64000, 71.
25.65000, 79.
25.66000, 66.
25.67000, 72.
25.68000, 56.
25.69000, 62.
25.70000, 73.
25.71000, 65.
25.72000, 68.
25.73000, 65.
25.74000, 76.
25.75000, 60.
25.76000, 68.
25.77000, 62.
25.78000, 58.
25.79000, 62.
25.80000, 76.
25.81000, 57.
25.82000, 63.
25.83000, 76.
25.84000, 63.
25.85000, 60.
25.86000, 57.
25.87000, 61.
25.88000, 69.
25.89000, 67.
25.90000, 50.
25.91000, 56.
25.92000, 75.
25.93000, 43.
25.94000, 60.
25.95000, 66.
25.96000, 74.
25.97000, 64.
25.98000, 61.
25.99000, 59.
26.00000, 82.
26.01000, 63.
26.02000, 47.
26.03000, 47.
26.04000, 58.
26.05000, 64.
26.06000, 56.
26.07000, 47.
26.08000, 63.
26.09000, 62.
26.10000, 60.
26.11000, 64.
26.12000, 60.
26.13000, 75.
26.14000, 62.
26.15000, 54.
26.16000, 64.
26.17000, 59.
26.18000, 66.
26.19000, 55.
26.20000, 64.
26.21000, 62.
26.22000, 61.
26.23000, 60.
26.24000, 50.
26.25000, 61.
26.26000, 51.
26.27000, 54.
26.28000, 59.
26.29000, 80.
26.30000, 47.
26.31000, 67.
26.32000, 52.
26.33000, 64.
26.34000, 50.
26.35000, 62.
26.36000, 62.
26.37000, 70.
26.38000, 45.
26.39000, 63.
26.40000, 64.
26.41000, 51.
26.42000, 58.
26.43000, 45.
26.44000, 64.
26.45000, 47.
26.46000, 69.
26.47000, 57.
26.48000, 65.
26.49000, 62.
26.50000, 63.
26.51000, 72.
26.52000, 52.
26.53000, 52.
26.54000, 57.
26.55000, 72.
26.56000, 47.
26.57000, 58.
26.58000, 46.
26.59000, 54.
26.60000, 50.
26.61000, 58.
26.62000, 47.
26.63000, 46.
26.64000, 60.
26.65000, 65.
26.66000, 48.
26.67000, 80.
26.68000, 57.
26.69000, 72.
26.70000, 48.
26.71000, 61.
26.72000, 57.
26.73000, 61.
26.74000, 55.
26.75000, 57.
26.76000, 59.
26.77000, 49.
26.78000, 59.
26.79000, 59.
26.80000, 58.
26.81000, 47.
26.82000, 55.
26.83000, 67.
26.84000, 60.
26.85000, 62.
26.86000, 57.
26.87000, 69.
26.88000, 49.
26.89000, 51.
26.90000, 53.
26.91000, 72.
26.92000, 53.
26.93000, 64.
26.94000, 45.
26.95000, 63.
26.96000, 52.
26.97000, 54.
26.98000, 50.
26.99000, 40.
27.00000, 67.
27.01000, 55.
27.02000, 57.
27.03000, 59.
27.04000, 56.
27.05000, 54.
27.06000, 60.
27.07000, 58.
27.08000, 57.
27.09000, 54.
27.10000, 54.
27.11000, 47.
27.12000, 37.
27.13000, 53.
27.14000, 49.
27.15000, 49.
27.16000, 65.
27.17000, 51.
27.18000, 53.
27.19000, 56.
27.20000, 52.
27.21000, 58.
27.22000, 56.
27.23000, 62.
27.24000, 46.
27.25000, 60.
27.26000, 56.
27.27000, 53.
27.28000, 56.
27.29000, 46.
27.30000, 66.
27.31000, 52.
27.32000, 45.
27.33000, 59.
27.34000, 46.
27.35000, 55.
27.36000, 61.
27.37000, 55.
27.38000, 57.
27.39000, 57.
27.40000, 64.
27.41000, 58.
27.42000, 63.
27.43000, 57.
27.44000, 52.
27.45000, 50.
27.46000, 48.
27.47000, 60.
27.48000, 52.
27.49000, 48.
27.50000, 55.
27.51000, 58.
27.52000, 46.
27.53000, 54.
27.54000, 37.
27.55000, 48.
27.56000, 53.
27.57000, 63.
27.58000, 59.
27.59000, 55.
27.60000, 58.
27.61000, 47.
27.62000, 53.
27.63000, 57.
27.64000, 63.
27.65000, 55.
27.66000, 58.
27.67000, 54.
27.68000, 53.
27.69000, 61.
27.70000, 63.
27.71000, 56.
27.72000, 54.
27.73000, 47.
27.74000, 54.
27.75000, 61.
27.76000, 45.
27.77000, 44.
27.78000, 45.
27.79000, 51.
27.80000, 55.
27.81000, 50.
27.82000, 52.
27.83000, 69.
27.84000, 48.
27.85000, 65.
27.86000, 49.
27.87000, 55.
27.88000, 64.
27.89000, 43.
27.90000, 55.
27.91000, 59.
27.92000, 51.
27.93000, 38.
27.94000, 41.
27.95000, 66.
27.96000, 53.
27.97000, 54.
27.98000, 47.
27.99000, 46.
28.00000, 60.
28.01000, 61.
28.02000, 55.
28.03000, 53.
28.04000, 62.
28.05000, 49.
28.06000, 39.
28.07000, 63.
28.08000, 44.
28.09000, 51.
28.10000, 45.
28.11000, 51.
28.12000, 46.
28.13000, 49.
28.14000, 55.
28.15000, 56.
28.16000, 45.
28.17000, 49.
28.18000, 41.
28.19000, 39.
28.20000, 50.
28.21000, 38.
28.22000, 49.
28.23000, 47.
28.24000, 49.
28.25000, 35.
28.26000, 52.
28.27000, 48.
28.28000, 49.
28.29000, 54.
28.30000, 38.
28.31000, 42.
28.32000, 49.
28.33000, 45.
28.34000, 55.
28.35000, 44.
28.36000, 47.
28.37000, 44.
28.38000, 43.
28.39000, 44.
28.40000, 53.
28.41000, 46.
28.42000, 44.
28.43000, 46.
28.44000, 47.
28.45000, 48.
28.46000, 40.
28.47000, 50.
28.48000, 56.
28.49000, 54.
28.50000, 46.
28.51000, 49.
28.52000, 47.
28.53000, 48.
28.54000, 49.
28.55000, 65.
28.56000, 46.
28.57000, 48.
28.58000, 46.
28.59000, 45.
28.60000, 45.
28.61000, 59.
28.62000, 48.
28.63000, 42.
28.64000, 45.
28.65000, 61.
28.66000, 54.
28.67000, 46.
28.68000, 39.
28.69000, 40.
28.70000, 52.
28.71000, 41.
28.72000, 51.
28.73000, 37.
28.74000, 47.
28.75000, 40.
28.76000, 49.
28.77000, 44.
28.78000, 43.
28.79000, 43.
28.80000, 48.
28.81000, 46.
28.82000, 37.
28.83000, 32.
28.84000, 38.
28.85000, 55.
28.86000, 51.
28.87000, 42.
28.88000, 47.
28.89000, 45.
28.90000, 50.
28.91000, 32.
28.92000, 45.
28.93000, 45.
28.94000, 48.
28.95000, 38.
28.96000, 48.
28.97000, 38.
28.98000, 48.
28.99000, 42.
29.00000, 41.
29.01000, 38.
29.02000, 40.
29.03000, 39.
29.04000, 41.
29.05000, 32.
29.06000, 45.
29.07000, 26.
29.08000, 46.
29.09000, 48.
29.10000, 43.
29.11000, 42.
29.12000, 40.
29.13000, 51.
29.14000, 41.
29.15000, 42.
29.16000, 52.
29.17000, 42.
29.18000, 43.
29.19000, 43.
29.20000, 48.
29.21000, 42.
29.22000, 41.
29.23000, 40.
29.24000, 42.
29.25000, 45.
29.26000, 46.
29.27000, 58.
29.28000, 37.
29.29000, 43.
29.30000, 47.
29.31000, 54.
29.32000, 44.
29.33000, 42.
29.34000, 46.
29.35000, 44.
29.36000, 41.
29.37000, 47.
29.38000, 41.
29.39000, 38.
29.40000, 37.
29.41000, 31.
29.42000, 32.
29.43000, 50.
29.44000, 48.
29.45000, 45.
29.46000, 37.
29.47000, 31.
29.48000, 34.
29.49000, 31.
29.50000, 52.
29.51000, 36.
29.52000, 39.
29.53000, 41.
29.54000, 45.
29.55000, 36.
29.56000, 56.
29.57000, 42.
29.58000, 39.
29.59000, 40.
29.60000, 37.
29.61000, 41.
29.62000, 43.
29.63000, 47.
29.64000, 53.
29.65000, 49.
29.66000, 39.
29.67000, 44.
29.68000, 37.
29.69000, 41.
29.70000, 34.
29.71000, 44.
29.72000, 37.
29.73000, 51.
29.74000, 42.
29.75000, 41.
29.76000, 42.
29.77000, 34.
29.78000, 34.
29.79000, 39.
29.80000, 31.
29.81000, 35.
29.82000, 35.
29.83000, 43.
29.84000, 51.
29.85000, 32.
29.86000, 32.
29.87000, 37.
29.88000, 39.
29.89000, 45.
29.90000, 39.
29.91000, 42.
29.92000, 32.
29.93000, 27.
29.94000, 32.
29.95000, 42.
29.96000, 55.
29.97000, 25.
29.98000, 38.
29.99000, 35.
30.00000, 52.
30.01000, 46.
30.02000, 37.
30.03000, 32.
30.04000, 36.
30.05000, 37.
30.06000, 41.
30.07000, 52.
30.08000, 48.
30.09000, 29.
30.10000, 36.
30.11000, 45.
30.12000, 26.
30.13000, 29.
30.14000, 40.
30.15000, 45.
30.16000, 38.
30.17000, 45.
30.18000, 39.
30.19000, 42.
30.20000, 30.
30.21000, 37.
30.22000, 40.
30.23000, 37.
30.24000, 46.
30.25000, 37.
30.26000, 28.
30.27000, 33.
30.28000, 37.
30.29000, 40.
30.30000, 46.
30.31000, 32.
30.32000, 33.
30.33000, 28.
30.34000, 38.
30.35000, 34.
30.36000, 32.
30.37000, 28.
30.38000, 22.
30.39000, 29.
30.40000, 28.
30.41000, 41.
30.42000, 37.
30.43000, 42.
30.44000, 28.
30.45000, 46.
30.46000, 31.
30.47000, 36.
30.48000, 31.
30.49000, 30.
30.50000, 31.
30.51000, 32.
30.52000, 48.
30.53000, 37.
30.54000, 27.
30.55000, 35.
30.56000, 33.
30.57000, 21.
30.58000, 34.
30.59000, 33.
30.60000, 40.
30.61000, 36.
30.62000, 35.
30.63000, 40.
30.64000, 32.
30.65000, 40.
30.66000, 34.
30.67000, 42.
30.68000, 33.
30.69000, 33.
30.70000, 33.
30.71000, 37.
30.72000, 36.
30.73000, 33.
30.74000, 31.
30.75000, 36.
30.76000, 29.
30.77000, 33.
30.78000, 37.
30.79000, 33.
30.80000, 27.
30.81000, 33.
30.82000, 29.
30.83000, 32.
30.84000, 29.
30.85000, 29.
30.86000, 26.
30.87000, 30.
30.88000, 28.
30.89000, 32.
30.90000, 37.
30.91000, 43.
30.92000, 29.
30.93000, 37.
30.94000, 35.
30.95000, 26.
30.96000, 36.
30.97000, 30.
30.98000, 30.
30.99000, 32.
31.00000, 29.
31.01000, 24.
31.02000, 28.
31.03000, 31.
31.04000, 36.
31.05000, 30.
31.06000, 30.
31.07000, 36.
31.08000, 42.
31.09000, 29.
31.10000, 30.
31.11000, 40.
31.12000, 29.
31.13000, 25.
31.14000, 45.
31.15000, 35.
31.16000, 34.
31.17000, 36.
31.18000, 33.
31.19000, 31.
31.20000, 29.
31.21000, 31.
31.22000, 26.
31.23000, 37.
31.24000, 31.
31.25000, 21.
31.26000, 28.
31.27000, 33.
31.28000, 33.
31.29000, 25.
31.30000, 35.
31.31000, 43.
31.32000, 18.
31.33000, 35.
31.34000, 23.
31.35000, 34.
31.36000, 29.
31.37000, 30.
31.38000, 36.
31.39000, 35.
31.40000, 32.
31.41000, 28.
31.42000, 39.
31.43000, 31.
31.44000, 33.
31.45000, 24.
31.46000, 37.
31.47000, 28.
31.48000, 33.
31.49000, 23.
31.50000, 31.
31.51000, 22.
31.52000, 30.
31.53000, 32.
31.54000, 28.
31.55000, 34.
31.56000, 32.
31.57000, 34.
31.58000, 28.
31.59000, 33.
31.60000, 24.
31.61000, 27.
31.62000, 30.
31.63000, 35.
31.64000, 34.
31.65000, 25.
31.66000, 23.
31.67000, 37.
31.68000, 32.
31.69000, 31.
31.70000, 36.
31.71000, 28.
31.72000, 26.
31.73000, 35.
31.74000, 37.
31.75000, 34.
31.76000, 32.
31.77000, 28.
31.78000, 38.
31.79000, 31.
31.80000, 25.
31.81000, 24.
31.82000, 31.
31.83000, 32.
31.84000, 38.
31.85000, 33.
31.86000, 35.
31.87000, 34.
31.88000, 37.
31.89000, 32.
31.90000, 28.
31.91000, 27.
31.92000, 43.
31.93000, 31.
31.94000, 35.
31.95000, 31.
31.96000, 39.
31.97000, 31.
31.98000, 29.
31.99000, 33.
32.00000, 34.
32.01000, 34.
32.02000, 25.
32.03000, 36.
32.04000, 38.
32.05000, 32.
32.06000, 39.
32.07000, 40.
32.08000, 25.
32.09000, 43.
32.10000, 39.
32.11000, 33.
32.12000, 36.
32.13000, 31.
32.14000, 38.
32.15000, 22.
32.16000, 33.
32.17000, 26.
32.18000, 29.
32.19000, 27.
32.20000, 32.
32.21000, 32.
32.22000, 32.
32.23000, 30.
32.24000, 41.
32.25000, 24.
32.26000, 22.
32.27000, 22.
32.28000, 27.
32.29000, 24.
32.30000, 21.
32.31000, 15.
32.32000, 27.
32.33000, 32.
32.34000, 37.
32.35000, 31.
32.36000, 30.
32.37000, 31.
32.38000, 29.
32.39000, 33.
32.40000, 31.
32.41000, 22.
32.42000, 24.
32.43000, 30.
32.44000, 28.
32.45000, 21.
32.46000, 27.
32.47000, 32.
32.48000, 26.
32.49000, 34.
32.50000, 33.
32.51000, 22.
32.52000, 27.
32.53000, 30.
32.54000, 22.
32.55000, 31.
32.56000, 24.
32.57000, 30.
32.58000, 20.
32.59000, 27.
32.60000, 28.
32.61000, 27.
32.62000, 27.
32.63000, 30.
32.64000, 29.
32.65000, 27.
32.66000, 29.
32.67000, 18.
32.68000, 35.
32.69000, 22.
32.70000, 24.
32.71000, 32.
32.72000, 24.
32.73000, 28.
32.74000, 36.
32.75000, 22.
32.76000, 19.
32.77000, 24.
32.78000, 21.
32.79000, 35.
32.80000, 30.
32.81000, 27.
32.82000, 20.
32.83000, 24.
32.84000, 21.
32.85000, 21.
32.86000, 23.
32.87000, 27.
32.88000, 31.
32.89000, 27.
32.90000, 35.
32.91000, 33.
32.92000, 27.
32.93000, 20.
32.94000, 26.
32.95000, 28.
32.96000, 36.
32.97000, 25.
32.98000, 25.
32.99000, 24.
33.00000, 32.
33.01000, 15.
33.02000, 27.
33.03000, 17.
33.04000, 19.
33.05000, 22.
33.06000, 27.
33.07000, 21.
33.08000, 26.
33.09000, 22.
33.10000, 21.
33.11000, 22.
33.12000, 32.
33.13000, 24.
33.14000, 26.
33.15000, 22.
33.16000, 17.
33.17000, 29.
33.18000, 24.
33.19000, 21.
33.20000, 26.
33.21000, 18.
33.22000, 19.
33.23000, 19.
33.24000, 24.
33.25000, 19.
33.26000, 17.
33.27000, 28.
33.28000, 21.
33.29000, 22.
33.30000, 17.
33.31000, 30.
33.32000, 25.
33.33000, 37.
33.34000, 27.
33.35000, 25.
33.36000, 20.
33.37000, 30.
33.38000, 18.
33.39000, 21.
33.40000, 16.
33.41000, 14.
33.42000, 28.
33.43000, 19.
33.44000, 25.
33.45000, 31.
33.46000, 19.
33.47000, 26.
33.48000, 18.
33.49000, 20.
33.50000, 20.
33.51000, 25.
33.52000, 24.
33.53000, 29.
33.54000, 30.
33.55000, 22.
33.56000, 14.
33.57000, 25.
33.58000, 22.
33.59000, 28.
33.60000, 27.
33.61000, 13.
33.62000, 13.
33.63000, 23.
33.64000, 21.
33.65000, 31.
33.66000, 25.
33.67000, 26.
33.68000, 22.
33.69000, 30.
33.70000, 22.
33.71000, 23.
33.72000, 24.
33.73000, 18.
33.74000, 15.
33.75000, 23.
33.76000, 18.
33.77000, 21.
33.78000, 20.
33.79000, 26.
33.80000, 22.
33.81000, 27.
33.82000, 15.
33.83000, 20.
33.84000, 19.
33.85000, 30.
33.86000, 24.
33.87000, 23.
33.88000, 23.
33.89000, 26.
33.90000, 22.
33.91000, 27.
33.92000, 30.
33.93000, 30.
33.94000, 32.
33.95000, 29.
33.96000, 17.
33.97000, 16.
33.98000, 17.
33.99000, 24.
34.00000, 25.
34.01000, 17.
34.02000, 28.
34.03000, 20.
34.04000, 17.
34.05000, 20.
34.06000, 27.
34.07000, 20.
34.08000, 23.
34.09000, 22.
34.10000, 23.
34.11000, 21.
34.12000, 25.
34.13000, 19.
34.14000, 25.
34.15000, 24.
34.16000, 18.
34.17000, 22.
34.18000, 17.
34.19000, 17.
34.20000, 28.
34.21000, 17.
34.22000, 22.
34.23000, 23.
34.24000, 23.
34.25000, 18.
34.26000, 22.
34.27000, 17.
34.28000, 26.
34.29000, 21.
34.30000, 20.
34.31000, 17.
34.32000, 21.
34.33000, 17.
34.34000, 23.
34.35000, 20.
34.36000, 25.
34.37000, 25.
34.38000, 21.
34.39000, 22.
34.40000, 15.
34.41000, 19.
34.42000, 13.
34.43000, 23.
34.44000, 18.
34.45000, 23.
34.46000, 30.
34.47000, 22.
34.48000, 20.
34.49000, 31.
34.50000, 24.
34.51000, 21.
34.52000, 28.
34.53000, 22.
34.54000, 16.
34.55000, 26.
34.56000, 21.
34.57000, 20.
34.58000, 20.
34.59000, 15.
34.60000, 20.
34.61000, 23.
34.62000, 24.
34.63000, 22.
34.64000, 24.
34.65000, 17.
34.66000, 18.
34.67000, 8.
34.68000, 16.
34.69000, 25.
34.70000, 23.
34.71000, 26.
34.72000, 17.
34.73000, 16.
34.74000, 25.
34.75000, 24.
34.76000, 16.
34.77000, 16.
34.78000, 17.
34.79000, 21.
34.80000, 17.
34.81000, 17.
34.82000, 18.
34.83000, 25.
34.84000, 24.
34.85000, 25.
34.86000, 14.
34.87000, 20.
34.88000, 12.
34.89000, 17.
34.90000, 14.
34.91000, 29.
34.92000, 23.
34.93000, 17.
34.94000, 22.
34.95000, 19.
34.96000, 19.
34.97000, 16.
34.98000, 11.
34.99000, 18.
35.00000, 22.
35.01000, 25.
35.02000, 17.
35.03000, 17.
35.04000, 26.
35.05000, 24.
35.06000, 12.
35.07000, 14.
35.08000, 15.
35.09000, 14.
35.10000, 13.
35.11000, 19.
35.12000, 17.
35.13000, 16.
35.14000, 13.
35.15000, 19.
35.16000, 19.
35.17000, 19.
35.18000, 24.
35.19000, 20.
35.20000, 13.
35.21000, 19.
35.22000, 22.
35.23000, 12.
35.24000, 11.
35.25000, 18.
35.26000, 22.
35.27000, 15.
35.28000, 18.
35.29000, 18.
35.30000, 15.
35.31000, 18.
35.32000, 17.
35.33000, 20.
35.34000, 18.
35.35000, 13.
35.36000, 27.
35.37000, 20.
35.38000, 15.
35.39000, 20.
35.40000, 19.
35.41000, 21.
35.42000, 14.
35.43000, 8.
35.44000, 18.
35.45000, 12.
35.46000, 24.
35.47000, 18.
35.48000, 16.
35.49000, 12.
35.50000, 18.
35.51000, 17.
35.52000, 26.
35.53000, 13.
35.54000, 19.
35.55000, 19.
35.56000, 21.
35.57000, 19.
35.58000, 22.
35.59000, 10.
35.60000, 16.
35.61000, 12.
35.62000, 16.
35.63000, 17.
35.64000, 19.
35.65000, 9.
35.66000, 16.
35.67000, 14.
35.68000, 13.
35.69000, 15.
35.70000, 16.
35.71000, 19.
35.72000, 16.
35.73000, 18.
35.74000, 20.
35.75000, 16.
35.76000, 19.
35.77000, 13.
35.78000, 16.
35.79000, 24.
35.80000, 22.
35.81000, 20.
35.82000, 16.
35.83000, 12.
35.84000, 17.
35.85000, 20.
35.86000, 12.
35.87000, 14.
35.88000, 17.
35.89000, 10.
35.90000, 14.
35.91000, 10.
35.92000, 17.
35.93000, 10.
35.94000, 13.
35.95000, 22.
35.96000, 13.
35.97000, 15.
35.98000, 18.
35.99000, 13.
36.00000, 13.
36.01000, 20.
36.02000, 12.
36.03000, 16.
36.04000, 21.
36.05000, 15.
36.06000, 14.
36.07000, 13.
36.08000, 21.
36.09000, 12.
36.10000, 11.
36.11000, 24.
36.12000, 12.
36.13000, 13.
36.14000, 19.
36.15000, 10.
36.16000, 6.
36.17000, 11.
36.18000, 10.
36.19000, 12.
36.20000, 21.
36.21000, 5.
36.22000, 11.
36.23000, 16.
36.24000, 19.
36.25000, 13.
36.26000, 17.
36.27000, 19.
36.28000, 13.
36.29000, 13.
36.30000, 11.
36.31000, 12.
36.32000, 16.
36.33000, 14.
36.34000, 15.
36.35000, 19.
36.36000, 13.
36.37000, 20.
36.38000, 18.
36.39000, 19.
36.40000, 19.
36.41000, 9.
36.42000, 14.
36.43000, 12.
36.44000, 17.
36.45000, 17.
36.46000, 25.
36.47000, 14.
36.48000, 16.
36.49000, 17.
36.50000, 22.
36.51000, 12.
36.52000, 7.
36.53000, 16.
36.54000, 17.
36.55000, 10.
36.56000, 10.
36.57000, 10.
36.58000, 12.
36.59000, 14.
36.60000, 17.
36.61000, 15.
36.62000, 13.
36.63000, 14.
36.64000, 12.
36.65000, 11.
36.66000, 16.
36.67000, 8.
36.68000, 13.
36.69000, 9.
36.70000, 12.
36.71000, 11.
36.72000, 11.
36.73000, 7.
36.74000, 18.
36.75000, 12.
36.76000, 13.
36.77000, 11.
36.78000, 11.
36.79000, 16.
36.80000, 18.
36.81000, 14.
36.82000, 14.
36.83000, 11.
36.84000, 10.
36.85000, 8.
36.86000, 8.
36.87000, 13.
36.88000, 12.
36.89000, 7.
36.90000, 10.
36.91000, 18.
36.92000, 12.
36.93000, 9.
36.94000, 13.
36.95000, 13.
36.96000, 16.
36.97000, 7.
36.98000, 9.
36.99000, 10.
37.00000, 20.
37.01000, 15.
37.02000, 12.
37.03000, 14.
37.04000, 14.
37.05000, 15.
37.06000, 18.
37.07000, 10.
37.08000, 15.
37.09000, 15.
37.10000, 14.
37.11000, 17.
37.12000, 8.
37.13000, 10.
37.14000, 15.
37.15000, 16.
37.16000, 15.
37.17000, 13.
37.18000, 13.
37.19000, 12.
37.20000, 11.
37.21000, 10.
37.22000, 11.
37.23000, 9.
37.24000, 19.
37.25000, 16.
37.26000, 12.
37.27000, 10.
37.28000, 13.
37.29000, 9.
37.30000, 10.
37.31000, 11.
37.32000, 9.
37.33000, 12.
37.34000, 9.
37.35000, 9.
37.36000, 11.
37.37000, 5.
37.38000, 11.
37.39000, 8.
37.40000, 9.
37.41000, 9.
37.42000, 18.
37.43000, 11.
37.44000, 14.
37.45000, 15.
37.46000, 16.
37.47000, 17.
37.48000, 10.
37.49000, 12.
37.50000, 11.
37.51000, 12.
37.52000, 12.
37.53000, 13.
37.54000, 9.
37.55000, 18.
37.56000, 6.
37.57000, 10.
37.58000, 14.
37.59000, 9.
37.60000, 13.
37.61000, 15.
37.62000, 9.
37.63000, 12.
37.64000, 16.
37.65000, 13.
37.66000, 11.
37.67000, 12.
37.68000, 10.
37.69000, 15.
37.70000, 10.
37.71000, 12.
37.72000, 16.
37.73000, 12.
37.74000, 10.
37.75000, 10.
37.76000, 10.
37.77000, 13.
37.78000, 12.
37.79000, 12.
37.80000, 14.
37.81000, 10.
37.82000, 17.
37.83000, 15.
37.84000, 11.
37.85000, 8.
37.86000, 12.
37.87000, 17.
37.88000, 8.
37.89000, 13.
37.90000, 12.
37.91000, 13.
37.92000, 16.
37.93000, 10.
37.94000, 5.
37.95000, 13.
37.96000, 5.
37.97000, 8.
37.98000, 8.
37.99000, 8.
38.00000, 12.
38.01000, 10.
38.02000, 15.
38.03000, 10.
38.04000, 10.
38.05000, 11.
38.06000, 12.
38.07000, 13.
38.08000, 10.
38.09000, 9.
38.10000, 10.
38.11000, 11.
38.12000, 12.
38.13000, 8.
38.14000, 12.
38.15000, 12.
38.16000, 11.
38.17000, 10.
38.18000, 12.
38.19000, 13.
38.20000, 14.
38.21000, 12.
38.22000, 12.
38.23000, 5.
38.24000, 5.
38.25000, 12.
38.26000, 4.
38.27000, 12.
38.28000, 5.
38.29000, 8.
38.30000, 7.
38.31000, 8.
38.32000, 11.
38.33000, 7.
38.34000, 19.
38.35000, 6.
38.36000, 10.
38.37000, 10.
38.38000, 12.
38.39000, 5.
38.40000, 15.
38.41000, 9.
38.42000, 4.
38.43000, 3.
38.44000, 7.
38.45000, 11.
38.46000, 6.
38.47000, 11.
38.48000, 12.
38.49000, 10.
38.50000, 8.
38.51000, 4.
38.52000, 7.
38.53000, 9.
38.54000, 11.
38.55000, 15.
38.56000, 8.
38.57000, 7.
38.58000, 8.
38.59000, 6.
38.60000, 13.
38.61000, 5.
38.62000, 8.
38.63000, 7.
38.64000, 10.
38.65000, 7.
38.66000, 6.
38.67000, 5.
38.68000, 5.
38.69000, 7.
38.70000, 11.
38.71000, 11.
38.72000, 11.
38.73000, 7.
38.74000, 8.
38.75000, 9.
38.76000, 8.
38.77000, 7.
38.78000, 8.
38.79000, 7.
38.80000, 9.
38.81000, 16.
38.82000, 12.
38.83000, 8.
38.84000, 3.
38.85000, 6.
38.86000, 6.
38.87000, 9.
38.88000, 7.
38.89000, 4.
38.90000, 9.
38.91000, 10.
38.92000, 9.
38.93000, 10.
38.94000, 6.
38.95000, 12.
38.96000, 9.
38.97000, 10.
38.98000, 3.
38.99000, 12.
39.00000, 7.
39.01000, 5.
39.02000, 6.
39.03000, 11.
39.04000, 10.
39.05000, 6.
39.06000, 4.
39.07000, 11.
39.08000, 9.
39.09000, 7.
39.10000, 7.
39.11000, 9.
39.12000, 8.
39.13000, 1.
39.14000, 9.
39.15000, 7.
39.16000, 5.
39.17000, 11.
39.18000, 10.
39.19000, 5.
39.20000, 9.
39.21000, 8.
39.22000, 5.
39.23000, 8.
39.24000, 4.
39.25000, 7.
39.26000, 6.
39.27000, 5.
39.28000, 6.
39.29000, 6.
39.30000, 7.
39.31000, 9.
39.32000, 6.
39.33000, 8.
39.34000, 8.
39.35000, 8.
39.36000, 10.
39.37000, 16.
39.38000, 9.
39.39000, 9.
39.40000, 9.
39.41000, 7.
39.42000, 6.
39.43000, 11.
39.44000, 6.
39.45000, 10.
39.46000, 7.
39.47000, 10.
39.48000, 5.
39.49000, 6.
39.50000, 8.
39.51000, 3.
39.52000, 7.
39.53000, 6.
39.54000, 8.
39.55000, 1.
39.56000, 8.
39.57000, 4.
39.58000, 9.
39.59000, 9.
39.60000, 7.
39.61000, 5.
39.62000, 10.
39.63000, 6.
39.64000, 7.
39.65000, 7.
39.66000, 6.
39.67000, 3.
39.68000, 2.
39.69000, 7.
39.70000, 7.
39.71000, 7.
39.72000, 7.
39.73000, 4.
39.74000, 7.
39.75000, 7.
39.76000, 6.
39.77000, 5.
39.78000, 10.
39.79000, 8.
39.80000, 7.
39.81000, 1.
39.82000, 7.
39.83000, 6.
39.84000, 5.
39.85000, 6.
39.86000, 8.
39.87000, 6.
39.88000, 10.
39.89000, 2.
39.90000, 5.
39.91000, 4.
39.92000, 6.
39.93000, 3.
39.94000, 3.
39.95000, 8.
39.96000, 7.
39.97000, 6.
39.98000, 7.
39.99000, 6.
40.00000, 4.
40.01000, 6.
40.02000, 7.
40.03000, 1.
40.04000, 6.
40.05000, 4.
40.06000, 7.
40.07000, 5.
40.08000, 6.
40.09000, 5.
40.10000, 7.
40.11000, 5.
40.12000, 6.
40.13000, 4.
40.14000, 5.
40.15000, 2.
40.16000, 5.
40.17000, 5.
40.18000, 8.
40.19000, 8.
40.20000, 2.
40.21000, 5.
40.22000, 6.
40.23000, 6.
40.24000, 9.
40.25000, 1.
40.26000, 8.
40.27000, 1.
40.28000, 4.
40.29000, 4.
40.30000, 4.
40.31000, 5.
40.32000, 6.
40.33000, 6.
40.34000, 6.
40.35000, 8.
40.36000, 4.
40.37000, 4.
40.38000, 5.
40.39000, 6.
40.40000, 0.
40.41000, 9.
40.42000, 2.
40.43000, 3.
40.44000, 2.
40.45000, 4.
40.46000, 5.
40.47000, 3.
40.48000, 2.
40.49000, 4.
40.50000, 4.
40.51000, 6.
40.52000, 9.
40.53000, 6.
40.54000, 5.
40.55000, 0.
#ENDOFDATA   : 
