#FORMAT      : EMSA/MAS Spectral Data File
#VERSION     : 1.0
#TITLE       : Spectrum 12
#DATE        : 21-AUG-2025
#TIME        : 15:16
#OWNER       : XGT7200
#NPOINTS     : 4096.
#NCOLUMNS    : 1.
#XUNITS      : keV
#YUNITS      : counts
#DATATYPE    : XY
#XPERCHAN    : 0.0100000
#OFFSET      : -0.400000
#SIGNALTYPE  : EDS
#CHOFFSET    : 40.0000
#LIVETIME    : 30.000000
#REALTIME    : 39.743503
#BEAMKV      : 50.0000
#PROBECUR    : 716000.
#MAGCAM      : 100.000
#XTILTSTGE   : 0.0
#AZIMANGLE   : 0.0
#ELEVANGLE   : 45.0
#XPOSITION mm: 0.0000
#YPOSITION mm: 0.0000
#ZPOSITION mm: 0.0000
##OXINSTPT   : 4
##OXINSTSTROB: 72.03
#SPECTRUM    : Spectral Data Starts Here
-0.40000, 0.
-0.39000, 0.
-0.38000, 0.
-0.37000, 0.
-0.36000, 0.
-0.35000, 0.
-0.34000, 0.
-0.33000, 0.
-0.32000, 0.
-0.31000, 0.
-0.30000, 0.
-0.29000, 0.
-0.28000, 0.
-0.27000, 0.
-0.26000, 0.
-0.25000, 0.
-0.24000, 0.
-0.23000, 0.
-0.22000, 0.
-0.21000, 0.
-0.20000, 0.
-0.19000, 0.
-0.18000, 0.
-0.17000, 0.
-0.16000, 0.
-0.15000, 0.
-0.14000, 0.
-0.13000, 0.
-0.12000, 0.
-0.11000, 0.
-0.10000, 0.
-0.09000, 0.
-0.08000, 0.
-0.07000, 0.
-0.06000, 0.
-0.05000, 0.
-0.04000, 0.
-0.03000, 0.
-0.02000, 0.
-0.01000, 0.
0.00000, 0.
0.01000, 0.
0.02000, 0.
0.03000, 0.
0.04000, 0.
0.05000, 0.
0.06000, 0.
0.07000, 0.
0.08000, 0.
0.09000, 0.
0.10000, 0.
0.11000, 0.
0.12000, 0.
0.13000, 0.
0.14000, 0.
0.15000, 0.
0.16000, 0.
0.17000, 0.
0.18000, 0.
0.19000, 0.
0.20000, 0.
0.21000, 0.
0.22000, 0.
0.23000, 0.
0.24000, 0.
0.25000, 0.
0.26000, 0.
0.27000, 0.
0.28000, 0.
0.29000, 0.
0.30000, 0.
0.31000, 0.
0.32000, 0.
0.33000, 2.
0.34000, 0.
0.35000, 4.
0.36000, 4.
0.37000, 10.
0.38000, 10.
0.39000, 21.
0.40000, 21.
0.41000, 38.
0.42000, 32.
0.43000, 44.
0.44000, 41.
0.45000, 49.
0.46000, 53.
0.47000, 47.
0.48000, 64.
0.49000, 61.
0.50000, 55.
0.51000, 63.
0.52000, 51.
0.53000, 72.
0.54000, 67.
0.55000, 78.
0.56000, 75.
0.57000, 67.
0.58000, 72.
0.59000, 86.
0.60000, 50.
0.61000, 63.
0.62000, 38.
0.63000, 49.
0.64000, 49.
0.65000, 49.
0.66000, 56.
0.67000, 34.
0.68000, 43.
0.69000, 44.
0.70000, 38.
0.71000, 39.
0.72000, 36.
0.73000, 39.
0.74000, 36.
0.75000, 40.
0.76000, 28.
0.77000, 44.
0.78000, 42.
0.79000, 40.
0.80000, 37.
0.81000, 34.
0.82000, 41.
0.83000, 34.
0.84000, 36.
0.85000, 47.
0.86000, 36.
0.87000, 30.
0.88000, 37.
0.89000, 40.
0.90000, 46.
0.91000, 54.
0.92000, 39.
0.93000, 57.
0.94000, 54.
0.95000, 52.
0.96000, 44.
0.97000, 49.
0.98000, 55.
0.99000, 54.
1.00000, 57.
1.01000, 44.
1.02000, 50.
1.03000, 50.
1.04000, 59.
1.05000, 51.
1.06000, 53.
1.07000, 62.
1.08000, 49.
1.09000, 54.
1.10000, 48.
1.11000, 37.
1.12000, 40.
1.13000, 43.
1.14000, 36.
1.15000, 58.
1.16000, 34.
1.17000, 44.
1.18000, 43.
1.19000, 45.
1.20000, 67.
1.21000, 53.
1.22000, 76.
1.23000, 79.
1.24000, 74.
1.25000, 84.
1.26000, 67.
1.27000, 78.
1.28000, 70.
1.29000, 53.
1.30000, 50.
1.31000, 61.
1.32000, 48.
1.33000, 48.
1.34000, 39.
1.35000, 40.
1.36000, 36.
1.37000, 56.
1.38000, 53.
1.39000, 49.
1.40000, 62.
1.41000, 97.
1.42000, 116.
1.43000, 169.
1.44000, 213.
1.45000, 269.
1.46000, 341.
1.47000, 316.
1.48000, 372.
1.49000, 415.
1.50000, 400.
1.51000, 368.
1.52000, 334.
1.53000, 303.
1.54000, 237.
1.55000, 169.
1.56000, 166.
1.57000, 121.
1.58000, 112.
1.59000, 96.
1.60000, 74.
1.61000, 106.
1.62000, 96.
1.63000, 150.
1.64000, 246.
1.65000, 349.
1.66000, 589.
1.67000, 916.
1.68000, 1357.
1.69000, 1814.
1.70000, 2443.
1.71000, 3126.
1.72000, 3755.
1.73000, 4208.
1.74000, 4392.
1.75000, 4456.
1.76000, 4243.
1.77000, 3932.
1.78000, 3295.
1.79000, 2806.
1.80000, 2135.
1.81000, 1535.
1.82000, 1157.
1.83000, 845.
1.84000, 609.
1.85000, 430.
1.86000, 341.
1.87000, 258.
1.88000, 203.
1.89000, 170.
1.90000, 151.
1.91000, 127.
1.92000, 150.
1.93000, 135.
1.94000, 161.
1.95000, 130.
1.96000, 151.
1.97000, 147.
1.98000, 127.
1.99000, 128.
2.00000, 112.
2.01000, 114.
2.02000, 92.
2.03000, 83.
2.04000, 88.
2.05000, 77.
2.06000, 65.
2.07000, 55.
2.08000, 51.
2.09000, 44.
2.10000, 45.
2.11000, 44.
2.12000, 37.
2.13000, 47.
2.14000, 44.
2.15000, 53.
2.16000, 55.
2.17000, 73.
2.18000, 97.
2.19000, 101.
2.20000, 144.
2.21000, 190.
2.22000, 281.
2.23000, 387.
2.24000, 524.
2.25000, 729.
2.26000, 887.
2.27000, 1042.
2.28000, 1324.
2.29000, 1472.
2.30000, 1578.
2.31000, 1672.
2.32000, 1590.
2.33000, 1580.
2.34000, 1308.
2.35000, 1130.
2.36000, 935.
2.37000, 760.
2.38000, 582.
2.39000, 412.
2.40000, 318.
2.41000, 254.
2.42000, 204.
2.43000, 184.
2.44000, 190.
2.45000, 155.
2.46000, 196.
2.47000, 173.
2.48000, 156.
2.49000, 160.
2.50000, 144.
2.51000, 130.
2.52000, 119.
2.53000, 100.
2.54000, 106.
2.55000, 81.
2.56000, 93.
2.57000, 116.
2.58000, 148.
2.59000, 130.
2.60000, 160.
2.61000, 221.
2.62000, 225.
2.63000, 275.
2.64000, 349.
2.65000, 396.
2.66000, 449.
2.67000, 502.
2.68000, 557.
2.69000, 586.
2.70000, 628.
2.71000, 539.
2.72000, 532.
2.73000, 499.
2.74000, 468.
2.75000, 410.
2.76000, 376.
2.77000, 377.
2.78000, 304.
2.79000, 376.
2.80000, 340.
2.81000, 342.
2.82000, 369.
2.83000, 451.
2.84000, 399.
2.85000, 412.
2.86000, 379.
2.87000, 408.
2.88000, 348.
2.89000, 297.
2.90000, 296.
2.91000, 227.
2.92000, 224.
2.93000, 207.
2.94000, 181.
2.95000, 135.
2.96000, 136.
2.97000, 118.
2.98000, 108.
2.99000, 83.
3.00000, 81.
3.01000, 73.
3.02000, 64.
3.03000, 82.
3.04000, 60.
3.05000, 62.
3.06000, 57.
3.07000, 57.
3.08000, 55.
3.09000, 49.
3.10000, 49.
3.11000, 39.
3.12000, 42.
3.13000, 50.
3.14000, 48.
3.15000, 46.
3.16000, 57.
3.17000, 51.
3.18000, 56.
3.19000, 58.
3.20000, 71.
3.21000, 78.
3.22000, 102.
3.23000, 119.
3.24000, 160.
3.25000, 226.
3.26000, 255.
3.27000, 326.
3.28000, 346.
3.29000, 382.
3.30000, 464.
3.31000, 446.
3.32000, 455.
3.33000, 482.
3.34000, 444.
3.35000, 406.
3.36000, 363.
3.37000, 308.
3.38000, 244.
3.39000, 190.
3.40000, 148.
3.41000, 108.
3.42000, 92.
3.43000, 80.
3.44000, 58.
3.45000, 70.
3.46000, 60.
3.47000, 61.
3.48000, 52.
3.49000, 73.
3.50000, 70.
3.51000, 97.
3.52000, 105.
3.53000, 152.
3.54000, 177.
3.55000, 279.
3.56000, 396.
3.57000, 513.
3.58000, 766.
3.59000, 1096.
3.60000, 1503.
3.61000, 2074.
3.62000, 2794.
3.63000, 3554.
3.64000, 4282.
3.65000, 5374.
3.66000, 6211.
3.67000, 6834.
3.68000, 7309.
3.69000, 7608.
3.70000, 7639.
3.71000, 7551.
3.72000, 6849.
3.73000, 6151.
3.74000, 5153.
3.75000, 4269.
3.76000, 3329.
3.77000, 2659.
3.78000, 1992.
3.79000, 1341.
3.80000, 970.
3.81000, 643.
3.82000, 443.
3.83000, 299.
3.84000, 207.
3.85000, 152.
3.86000, 126.
3.87000, 103.
3.88000, 125.
3.89000, 122.
3.90000, 163.
3.91000, 192.
3.92000, 268.
3.93000, 349.
3.94000, 471.
3.95000, 569.
3.96000, 642.
3.97000, 735.
3.98000, 882.
3.99000, 1035.
4.00000, 1119.
4.01000, 1126.
4.02000, 1160.
4.03000, 1083.
4.04000, 1083.
4.05000, 948.
4.06000, 794.
4.07000, 699.
4.08000, 554.
4.09000, 431.
4.10000, 361.
4.11000, 275.
4.12000, 221.
4.13000, 146.
4.14000, 95.
4.15000, 58.
4.16000, 58.
4.17000, 48.
4.18000, 34.
4.19000, 40.
4.20000, 38.
4.21000, 28.
4.22000, 27.
4.23000, 30.
4.24000, 33.
4.25000, 22.
4.26000, 28.
4.27000, 31.
4.28000, 38.
4.29000, 34.
4.30000, 42.
4.31000, 31.
4.32000, 39.
4.33000, 22.
4.34000, 38.
4.35000, 33.
4.36000, 44.
4.37000, 47.
4.38000, 50.
4.39000, 71.
4.40000, 88.
4.41000, 114.
4.42000, 148.
4.43000, 171.
4.44000, 240.
4.45000, 243.
4.46000, 319.
4.47000, 358.
4.48000, 395.
4.49000, 466.
4.50000, 470.
4.51000, 498.
4.52000, 432.
4.53000, 456.
4.54000, 417.
4.55000, 391.
4.56000, 353.
4.57000, 291.
4.58000, 265.
4.59000, 224.
4.60000, 163.
4.61000, 158.
4.62000, 127.
4.63000, 90.
4.64000, 95.
4.65000, 85.
4.66000, 102.
4.67000, 69.
4.68000, 66.
4.69000, 77.
4.70000, 61.
4.71000, 65.
4.72000, 83.
4.73000, 63.
4.74000, 61.
4.75000, 41.
4.76000, 52.
4.77000, 69.
4.78000, 43.
4.79000, 50.
4.80000, 46.
4.81000, 57.
4.82000, 54.
4.83000, 57.
4.84000, 65.
4.85000, 68.
4.86000, 77.
4.87000, 79.
4.88000, 99.
4.89000, 111.
4.90000, 123.
4.91000, 120.
4.92000, 123.
4.93000, 105.
4.94000, 136.
4.95000, 136.
4.96000, 103.
4.97000, 97.
4.98000, 89.
4.99000, 88.
5.00000, 80.
5.01000, 71.
5.02000, 63.
5.03000, 56.
5.04000, 71.
5.05000, 39.
5.06000, 48.
5.07000, 48.
5.08000, 46.
5.09000, 51.
5.10000, 44.
5.11000, 39.
5.12000, 40.
5.13000, 50.
5.14000, 26.
5.15000, 58.
5.16000, 54.
5.17000, 50.
5.18000, 40.
5.19000, 63.
5.20000, 68.
5.21000, 57.
5.22000, 57.
5.23000, 64.
5.24000, 58.
5.25000, 46.
5.26000, 52.
5.27000, 67.
5.28000, 72.
5.29000, 54.
5.30000, 57.
5.31000, 42.
5.32000, 53.
5.33000, 57.
5.34000, 54.
5.35000, 57.
5.36000, 61.
5.37000, 71.
5.38000, 63.
5.39000, 68.
5.40000, 66.
5.41000, 80.
5.42000, 79.
5.43000, 62.
5.44000, 84.
5.45000, 73.
5.46000, 54.
5.47000, 63.
5.48000, 46.
5.49000, 67.
5.50000, 73.
5.51000, 58.
5.52000, 54.
5.53000, 57.
5.54000, 54.
5.55000, 52.
5.56000, 73.
5.57000, 60.
5.58000, 65.
5.59000, 53.
5.60000, 58.
5.61000, 70.
5.62000, 63.
5.63000, 69.
5.64000, 63.
5.65000, 61.
5.66000, 60.
5.67000, 42.
5.68000, 63.
5.69000, 47.
5.70000, 52.
5.71000, 52.
5.72000, 40.
5.73000, 50.
5.74000, 81.
5.75000, 73.
5.76000, 58.
5.77000, 55.
5.78000, 87.
5.79000, 76.
5.80000, 105.
5.81000, 113.
5.82000, 148.
5.83000, 161.
5.84000, 184.
5.85000, 217.
5.86000, 209.
5.87000, 221.
5.88000, 239.
5.89000, 239.
5.90000, 232.
5.91000, 231.
5.92000, 230.
5.93000, 232.
5.94000, 238.
5.95000, 163.
5.96000, 174.
5.97000, 131.
5.98000, 158.
5.99000, 105.
6.00000, 119.
6.01000, 96.
6.02000, 85.
6.03000, 80.
6.04000, 79.
6.05000, 84.
6.06000, 70.
6.07000, 71.
6.08000, 92.
6.09000, 77.
6.10000, 62.
6.11000, 76.
6.12000, 69.
6.13000, 87.
6.14000, 101.
6.15000, 84.
6.16000, 111.
6.17000, 93.
6.18000, 140.
6.19000, 96.
6.20000, 161.
6.21000, 210.
6.22000, 267.
6.23000, 389.
6.24000, 486.
6.25000, 634.
6.26000, 893.
6.27000, 1280.
6.28000, 1695.
6.29000, 2290.
6.30000, 2928.
6.31000, 3660.
6.32000, 4474.
6.33000, 5532.
6.34000, 6593.
6.35000, 7614.
6.36000, 8312.
6.37000, 9225.
6.38000, 10000.
6.39000, 10188.
6.40000, 10266.
6.41000, 10126.
6.42000, 9920.
6.43000, 9049.
6.44000, 8437.
6.45000, 7425.
6.46000, 6428.
6.47000, 5340.
6.48000, 4478.
6.49000, 3630.
6.50000, 2906.
6.51000, 2155.
6.52000, 1560.
6.53000, 1128.
6.54000, 890.
6.55000, 633.
6.56000, 450.
6.57000, 337.
6.58000, 249.
6.59000, 202.
6.60000, 156.
6.61000, 166.
6.62000, 122.
6.63000, 100.
6.64000, 109.
6.65000, 86.
6.66000, 97.
6.67000, 99.
6.68000, 118.
6.69000, 97.
6.70000, 90.
6.71000, 98.
6.72000, 101.
6.73000, 105.
6.74000, 96.
6.75000, 100.
6.76000, 97.
6.77000, 99.
6.78000, 87.
6.79000, 115.
6.80000, 109.
6.81000, 97.
6.82000, 137.
6.83000, 96.
6.84000, 129.
6.85000, 104.
6.86000, 147.
6.87000, 172.
6.88000, 174.
6.89000, 189.
6.90000, 229.
6.91000, 268.
6.92000, 334.
6.93000, 392.
6.94000, 451.
6.95000, 543.
6.96000, 676.
6.97000, 793.
6.98000, 924.
6.99000, 1050.
7.00000, 1209.
7.01000, 1397.
7.02000, 1542.
7.03000, 1631.
7.04000, 1588.
7.05000, 1735.
7.06000, 1735.
7.07000, 1581.
7.08000, 1491.
7.09000, 1482.
7.10000, 1309.
7.11000, 1148.
7.12000, 1017.
7.13000, 907.
7.14000, 717.
7.15000, 572.
7.16000, 455.
7.17000, 354.
7.18000, 312.
7.19000, 237.
7.20000, 168.
7.21000, 159.
7.22000, 131.
7.23000, 101.
7.24000, 119.
7.25000, 88.
7.26000, 75.
7.27000, 77.
7.28000, 80.
7.29000, 79.
7.30000, 81.
7.31000, 70.
7.32000, 92.
7.33000, 64.
7.34000, 76.
7.35000, 83.
7.36000, 68.
7.37000, 74.
7.38000, 87.
7.39000, 82.
7.40000, 74.
7.41000, 91.
7.42000, 72.
7.43000, 86.
7.44000, 98.
7.45000, 99.
7.46000, 92.
7.47000, 91.
7.48000, 82.
7.49000, 92.
7.50000, 83.
7.51000, 77.
7.52000, 71.
7.53000, 69.
7.54000, 79.
7.55000, 88.
7.56000, 85.
7.57000, 69.
7.58000, 78.
7.59000, 78.
7.60000, 80.
7.61000, 91.
7.62000, 69.
7.63000, 75.
7.64000, 76.
7.65000, 79.
7.66000, 87.
7.67000, 79.
7.68000, 84.
7.69000, 80.
7.70000, 61.
7.71000, 83.
7.72000, 84.
7.73000, 71.
7.74000, 85.
7.75000, 77.
7.76000, 106.
7.77000, 85.
7.78000, 78.
7.79000, 84.
7.80000, 73.
7.81000, 83.
7.82000, 89.
7.83000, 91.
7.84000, 90.
7.85000, 85.
7.86000, 88.
7.87000, 95.
7.88000, 93.
7.89000, 106.
7.90000, 108.
7.91000, 80.
7.92000, 92.
7.93000, 87.
7.94000, 88.
7.95000, 97.
7.96000, 125.
7.97000, 108.
7.98000, 108.
7.99000, 106.
8.00000, 114.
8.01000, 141.
8.02000, 156.
8.03000, 136.
8.04000, 112.
8.05000, 141.
8.06000, 138.
8.07000, 160.
8.08000, 138.
8.09000, 119.
8.10000, 110.
8.11000, 154.
8.12000, 137.
8.13000, 123.
8.14000, 114.
8.15000, 127.
8.16000, 139.
8.17000, 145.
8.18000, 126.
8.19000, 122.
8.20000, 129.
8.21000, 113.
8.22000, 121.
8.23000, 99.
8.24000, 107.
8.25000, 115.
8.26000, 123.
8.27000, 101.
8.28000, 106.
8.29000, 119.
8.30000, 112.
8.31000, 122.
8.32000, 108.
8.33000, 107.
8.34000, 117.
8.35000, 121.
8.36000, 100.
8.37000, 114.
8.38000, 116.
8.39000, 117.
8.40000, 111.
8.41000, 109.
8.42000, 130.
8.43000, 125.
8.44000, 121.
8.45000, 114.
8.46000, 111.
8.47000, 135.
8.48000, 137.
8.49000, 140.
8.50000, 148.
8.51000, 178.
8.52000, 180.
8.53000, 207.
8.54000, 212.
8.55000, 245.
8.56000, 253.
8.57000, 300.
8.58000, 310.
8.59000, 333.
8.60000, 339.
8.61000, 356.
8.62000, 355.
8.63000, 353.
8.64000, 338.
8.65000, 315.
8.66000, 330.
8.67000, 355.
8.68000, 286.
8.69000, 258.
8.70000, 248.
8.71000, 268.
8.72000, 205.
8.73000, 218.
8.74000, 172.
8.75000, 162.
8.76000, 167.
8.77000, 135.
8.78000, 119.
8.79000, 138.
8.80000, 142.
8.81000, 144.
8.82000, 132.
8.83000, 123.
8.84000, 127.
8.85000, 107.
8.86000, 126.
8.87000, 124.
8.88000, 104.
8.89000, 124.
8.90000, 121.
8.91000, 125.
8.92000, 114.
8.93000, 115.
8.94000, 141.
8.95000, 114.
8.96000, 140.
8.97000, 140.
8.98000, 119.
8.99000, 130.
9.00000, 116.
9.01000, 108.
9.02000, 117.
9.03000, 93.
9.04000, 107.
9.05000, 129.
9.06000, 121.
9.07000, 132.
9.08000, 103.
9.09000, 126.
9.10000, 128.
9.11000, 123.
9.12000, 138.
9.13000, 118.
9.14000, 114.
9.15000, 108.
9.16000, 130.
9.17000, 139.
9.18000, 112.
9.19000, 138.
9.20000, 131.
9.21000, 120.
9.22000, 132.
9.23000, 139.
9.24000, 131.
9.25000, 147.
9.26000, 150.
9.27000, 136.
9.28000, 128.
9.29000, 147.
9.30000, 153.
9.31000, 138.
9.32000, 125.
9.33000, 125.
9.34000, 128.
9.35000, 149.
9.36000, 139.
9.37000, 138.
9.38000, 123.
9.39000, 126.
9.40000, 125.
9.41000, 138.
9.42000, 130.
9.43000, 141.
9.44000, 142.
9.45000, 124.
9.46000, 141.
9.47000, 144.
9.48000, 140.
9.49000, 162.
9.50000, 165.
9.51000, 158.
9.52000, 166.
9.53000, 161.
9.54000, 190.
9.55000, 163.
9.56000, 159.
9.57000, 174.
9.58000, 179.
9.59000, 163.
9.60000, 170.
9.61000, 172.
9.62000, 175.
9.63000, 154.
9.64000, 154.
9.65000, 144.
9.66000, 163.
9.67000, 153.
9.68000, 128.
9.69000, 132.
9.70000, 147.
9.71000, 133.
9.72000, 151.
9.73000, 153.
9.74000, 140.
9.75000, 140.
9.76000, 116.
9.77000, 151.
9.78000, 117.
9.79000, 130.
9.80000, 125.
9.81000, 152.
9.82000, 139.
9.83000, 137.
9.84000, 125.
9.85000, 132.
9.86000, 143.
9.87000, 151.
9.88000, 138.
9.89000, 133.
9.90000, 116.
9.91000, 114.
9.92000, 137.
9.93000, 142.
9.94000, 144.
9.95000, 147.
9.96000, 118.
9.97000, 127.
9.98000, 158.
9.99000, 142.
10.00000, 133.
10.01000, 151.
10.02000, 162.
10.03000, 154.
10.04000, 160.
10.05000, 151.
10.06000, 143.
10.07000, 155.
10.08000, 139.
10.09000, 180.
10.10000, 158.
10.11000, 150.
10.12000, 131.
10.13000, 139.
10.14000, 130.
10.15000, 181.
10.16000, 151.
10.17000, 147.
10.18000, 141.
10.19000, 149.
10.20000, 145.
10.21000, 157.
10.22000, 134.
10.23000, 162.
10.24000, 143.
10.25000, 120.
10.26000, 135.
10.27000, 134.
10.28000, 130.
10.29000, 125.
10.30000, 118.
10.31000, 149.
10.32000, 158.
10.33000, 150.
10.34000, 153.
10.35000, 151.
10.36000, 145.
10.37000, 167.
10.38000, 159.
10.39000, 160.
10.40000, 157.
10.41000, 141.
10.42000, 154.
10.43000, 182.
10.44000, 182.
10.45000, 162.
10.46000, 181.
10.47000, 191.
10.48000, 205.
10.49000, 174.
10.50000, 199.
10.51000, 200.
10.52000, 216.
10.53000, 206.
10.54000, 213.
10.55000, 194.
10.56000, 199.
10.57000, 174.
10.58000, 194.
10.59000, 207.
10.60000, 182.
10.61000, 158.
10.62000, 168.
10.63000, 151.
10.64000, 179.
10.65000, 153.
10.66000, 156.
10.67000, 160.
10.68000, 148.
10.69000, 140.
10.70000, 171.
10.71000, 157.
10.72000, 150.
10.73000, 155.
10.74000, 160.
10.75000, 154.
10.76000, 142.
10.77000, 159.
10.78000, 150.
10.79000, 142.
10.80000, 147.
10.81000, 151.
10.82000, 135.
10.83000, 131.
10.84000, 179.
10.85000, 159.
10.86000, 124.
10.87000, 139.
10.88000, 151.
10.89000, 141.
10.90000, 150.
10.91000, 125.
10.92000, 144.
10.93000, 156.
10.94000, 154.
10.95000, 126.
10.96000, 149.
10.97000, 160.
10.98000, 139.
10.99000, 143.
11.00000, 156.
11.01000, 150.
11.02000, 141.
11.03000, 131.
11.04000, 121.
11.05000, 161.
11.06000, 141.
11.07000, 167.
11.08000, 166.
11.09000, 150.
11.10000, 159.
11.11000, 173.
11.12000, 156.
11.13000, 143.
11.14000, 139.
11.15000, 147.
11.16000, 154.
11.17000, 136.
11.18000, 135.
11.19000, 141.
11.20000, 162.
11.21000, 167.
11.22000, 149.
11.23000, 151.
11.24000, 163.
11.25000, 160.
11.26000, 150.
11.27000, 163.
11.28000, 164.
11.29000, 182.
11.30000, 158.
11.31000, 148.
11.32000, 166.
11.33000, 143.
11.34000, 144.
11.35000, 150.
11.36000, 135.
11.37000, 152.
11.38000, 154.
11.39000, 159.
11.40000, 143.
11.41000, 151.
11.42000, 165.
11.43000, 160.
11.44000, 160.
11.45000, 159.
11.46000, 167.
11.47000, 154.
11.48000, 157.
11.49000, 161.
11.50000, 169.
11.51000, 182.
11.52000, 149.
11.53000, 163.
11.54000, 151.
11.55000, 147.
11.56000, 157.
11.57000, 149.
11.58000, 165.
11.59000, 168.
11.60000, 136.
11.61000, 173.
11.62000, 160.
11.63000, 144.
11.64000, 159.
11.65000, 169.
11.66000, 147.
11.67000, 163.
11.68000, 131.
11.69000, 157.
11.70000, 166.
11.71000, 174.
11.72000, 164.
11.73000, 159.
11.74000, 171.
11.75000, 177.
11.76000, 152.
11.77000, 183.
11.78000, 164.
11.79000, 173.
11.80000, 142.
11.81000, 162.
11.82000, 142.
11.83000, 169.
11.84000, 172.
11.85000, 166.
11.86000, 150.
11.87000, 151.
11.88000, 163.
11.89000, 163.
11.90000, 176.
11.91000, 157.
11.92000, 151.
11.93000, 168.
11.94000, 147.
11.95000, 150.
11.96000, 177.
11.97000, 144.
11.98000, 140.
11.99000, 138.
12.00000, 161.
12.01000, 154.
12.02000, 156.
12.03000, 159.
12.04000, 161.
12.05000, 161.
12.06000, 145.
12.07000, 169.
12.08000, 133.
12.09000, 173.
12.10000, 144.
12.11000, 155.
12.12000, 150.
12.13000, 171.
12.14000, 130.
12.15000, 152.
12.16000, 157.
12.17000, 173.
12.18000, 156.
12.19000, 162.
12.20000, 160.
12.21000, 153.
12.22000, 154.
12.23000, 187.
12.24000, 155.
12.25000, 147.
12.26000, 158.
12.27000, 158.
12.28000, 156.
12.29000, 160.
12.30000, 147.
12.31000, 160.
12.32000, 182.
12.33000, 167.
12.34000, 150.
12.35000, 165.
12.36000, 144.
12.37000, 190.
12.38000, 160.
12.39000, 170.
12.40000, 168.
12.41000, 184.
12.42000, 176.
12.43000, 162.
12.44000, 168.
12.45000, 179.
12.46000, 170.
12.47000, 176.
12.48000, 193.
12.49000, 171.
12.50000, 169.
12.51000, 164.
12.52000, 163.
12.53000, 179.
12.54000, 193.
12.55000, 166.
12.56000, 199.
12.57000, 193.
12.58000, 188.
12.59000, 190.
12.60000, 191.
12.61000, 187.
12.62000, 211.
12.63000, 189.
12.64000, 201.
12.65000, 193.
12.66000, 189.
12.67000, 211.
12.68000, 158.
12.69000, 187.
12.70000, 174.
12.71000, 180.
12.72000, 184.
12.73000, 193.
12.74000, 182.
12.75000, 194.
12.76000, 205.
12.77000, 190.
12.78000, 180.
12.79000, 179.
12.80000, 196.
12.81000, 174.
12.82000, 199.
12.83000, 187.
12.84000, 204.
12.85000, 173.
12.86000, 181.
12.87000, 188.
12.88000, 169.
12.89000, 154.
12.90000, 173.
12.91000, 165.
12.92000, 163.
12.93000, 176.
12.94000, 177.
12.95000, 148.
12.96000, 172.
12.97000, 173.
12.98000, 170.
12.99000, 158.
13.00000, 169.
13.01000, 178.
13.02000, 168.
13.03000, 169.
13.04000, 154.
13.05000, 160.
13.06000, 173.
13.07000, 165.
13.08000, 178.
13.09000, 164.
13.10000, 150.
13.11000, 183.
13.12000, 152.
13.13000, 175.
13.14000, 172.
13.15000, 174.
13.16000, 195.
13.17000, 186.
13.18000, 162.
13.19000, 170.
13.20000, 168.
13.21000, 152.
13.22000, 161.
13.23000, 162.
13.24000, 188.
13.25000, 176.
13.26000, 212.
13.27000, 185.
13.28000, 197.
13.29000, 183.
13.30000, 195.
13.31000, 200.
13.32000, 165.
13.33000, 219.
13.34000, 202.
13.35000, 182.
13.36000, 177.
13.37000, 185.
13.38000, 175.
13.39000, 201.
13.40000, 207.
13.41000, 222.
13.42000, 216.
13.43000, 222.
13.44000, 164.
13.45000, 184.
13.46000, 205.
13.47000, 207.
13.48000, 166.
13.49000, 170.
13.50000, 164.
13.51000, 182.
13.52000, 183.
13.53000, 189.
13.54000, 165.
13.55000, 179.
13.56000, 183.
13.57000, 179.
13.58000, 183.
13.59000, 184.
13.60000, 166.
13.61000, 167.
13.62000, 167.
13.63000, 169.
13.64000, 168.
13.65000, 153.
13.66000, 172.
13.67000, 158.
13.68000, 156.
13.69000, 146.
13.70000, 170.
13.71000, 143.
13.72000, 172.
13.73000, 150.
13.74000, 191.
13.75000, 157.
13.76000, 184.
13.77000, 170.
13.78000, 174.
13.79000, 164.
13.80000, 161.
13.81000, 170.
13.82000, 157.
13.83000, 157.
13.84000, 181.
13.85000, 167.
13.86000, 186.
13.87000, 167.
13.88000, 192.
13.89000, 196.
13.90000, 167.
13.91000, 183.
13.92000, 175.
13.93000, 182.
13.94000, 209.
13.95000, 200.
13.96000, 225.
13.97000, 215.
13.98000, 237.
13.99000, 247.
14.00000, 324.
14.01000, 329.
14.02000, 313.
14.03000, 351.
14.04000, 355.
14.05000, 351.
14.06000, 391.
14.07000, 412.
14.08000, 428.
14.09000, 461.
14.10000, 473.
14.11000, 445.
14.12000, 460.
14.13000, 462.
14.14000, 437.
14.15000, 439.
14.16000, 472.
14.17000, 415.
14.18000, 405.
14.19000, 388.
14.20000, 395.
14.21000, 344.
14.22000, 322.
14.23000, 303.
14.24000, 312.
14.25000, 303.
14.26000, 279.
14.27000, 235.
14.28000, 232.
14.29000, 206.
14.30000, 207.
14.31000, 193.
14.32000, 183.
14.33000, 187.
14.34000, 199.
14.35000, 165.
14.36000, 195.
14.37000, 145.
14.38000, 191.
14.39000, 176.
14.40000, 158.
14.41000, 160.
14.42000, 175.
14.43000, 179.
14.44000, 171.
14.45000, 148.
14.46000, 169.
14.47000, 164.
14.48000, 156.
14.49000, 146.
14.50000, 165.
14.51000, 170.
14.52000, 181.
14.53000, 165.
14.54000, 197.
14.55000, 178.
14.56000, 158.
14.57000, 156.
14.58000, 173.
14.59000, 151.
14.60000, 168.
14.61000, 157.
14.62000, 172.
14.63000, 165.
14.64000, 184.
14.65000, 186.
14.66000, 176.
14.67000, 194.
14.68000, 172.
14.69000, 141.
14.70000, 172.
14.71000, 189.
14.72000, 160.
14.73000, 157.
14.74000, 155.
14.75000, 174.
14.76000, 184.
14.77000, 160.
14.78000, 152.
14.79000, 192.
14.80000, 187.
14.81000, 199.
14.82000, 150.
14.83000, 184.
14.84000, 190.
14.85000, 202.
14.86000, 165.
14.87000, 202.
14.88000, 199.
14.89000, 177.
14.90000, 181.
14.91000, 181.
14.92000, 212.
14.93000, 149.
14.94000, 184.
14.95000, 191.
14.96000, 181.
14.97000, 165.
14.98000, 192.
14.99000, 160.
15.00000, 188.
15.01000, 183.
15.02000, 181.
15.03000, 159.
15.04000, 176.
15.05000, 165.
15.06000, 171.
15.07000, 167.
15.08000, 174.
15.09000, 156.
15.10000, 164.
15.11000, 154.
15.12000, 175.
15.13000, 177.
15.14000, 153.
15.15000, 166.
15.16000, 164.
15.17000, 181.
15.18000, 167.
15.19000, 160.
15.20000, 157.
15.21000, 146.
15.22000, 174.
15.23000, 165.
15.24000, 166.
15.25000, 171.
15.26000, 163.
15.27000, 184.
15.28000, 157.
15.29000, 166.
15.30000, 166.
15.31000, 158.
15.32000, 174.
15.33000, 169.
15.34000, 146.
15.35000, 169.
15.36000, 147.
15.37000, 137.
15.38000, 172.
15.39000, 172.
15.40000, 160.
15.41000, 159.
15.42000, 184.
15.43000, 158.
15.44000, 173.
15.45000, 150.
15.46000, 185.
15.47000, 174.
15.48000, 184.
15.49000, 168.
15.50000, 175.
15.51000, 165.
15.52000, 187.
15.53000, 152.
15.54000, 184.
15.55000, 179.
15.56000, 186.
15.57000, 207.
15.58000, 180.
15.59000, 208.
15.60000, 194.
15.61000, 225.
15.62000, 197.
15.63000, 257.
15.64000, 247.
15.65000, 259.
15.66000, 257.
15.67000, 239.
15.68000, 259.
15.69000, 270.
15.70000, 262.
15.71000, 274.
15.72000, 286.
15.73000, 276.
15.74000, 294.
15.75000, 283.
15.76000, 277.
15.77000, 262.
15.78000, 290.
15.79000, 292.
15.80000, 311.
15.81000, 302.
15.82000, 268.
15.83000, 254.
15.84000, 243.
15.85000, 254.
15.86000, 261.
15.87000, 246.
15.88000, 219.
15.89000, 189.
15.90000, 228.
15.91000, 191.
15.92000, 204.
15.93000, 188.
15.94000, 175.
15.95000, 162.
15.96000, 187.
15.97000, 183.
15.98000, 180.
15.99000, 163.
16.00000, 159.
16.01000, 167.
16.02000, 172.
16.03000, 178.
16.04000, 159.
16.05000, 198.
16.06000, 149.
16.07000, 150.
16.08000, 165.
16.09000, 148.
16.10000, 151.
16.11000, 161.
16.12000, 154.
16.13000, 164.
16.14000, 169.
16.15000, 165.
16.16000, 147.
16.17000, 161.
16.18000, 149.
16.19000, 173.
16.20000, 160.
16.21000, 140.
16.22000, 146.
16.23000, 165.
16.24000, 167.
16.25000, 171.
16.26000, 154.
16.27000, 182.
16.28000, 168.
16.29000, 148.
16.30000, 169.
16.31000, 157.
16.32000, 128.
16.33000, 144.
16.34000, 151.
16.35000, 163.
16.36000, 155.
16.37000, 155.
16.38000, 156.
16.39000, 149.
16.40000, 143.
16.41000, 157.
16.42000, 176.
16.43000, 155.
16.44000, 159.
16.45000, 171.
16.46000, 193.
16.47000, 176.
16.48000, 144.
16.49000, 163.
16.50000, 177.
16.51000, 156.
16.52000, 165.
16.53000, 184.
16.54000, 161.
16.55000, 140.
16.56000, 181.
16.57000, 157.
16.58000, 168.
16.59000, 165.
16.60000, 176.
16.61000, 146.
16.62000, 175.
16.63000, 167.
16.64000, 158.
16.65000, 186.
16.66000, 145.
16.67000, 172.
16.68000, 161.
16.69000, 154.
16.70000, 175.
16.71000, 181.
16.72000, 154.
16.73000, 158.
16.74000, 191.
16.75000, 175.
16.76000, 149.
16.77000, 162.
16.78000, 167.
16.79000, 157.
16.80000, 172.
16.81000, 157.
16.82000, 169.
16.83000, 171.
16.84000, 146.
16.85000, 163.
16.86000, 168.
16.87000, 166.
16.88000, 157.
16.89000, 162.
16.90000, 160.
16.91000, 155.
16.92000, 166.
16.93000, 178.
16.94000, 154.
16.95000, 176.
16.96000, 183.
16.97000, 171.
16.98000, 142.
16.99000, 140.
17.00000, 169.
17.01000, 183.
17.02000, 167.
17.03000, 185.
17.04000, 155.
17.05000, 155.
17.06000, 182.
17.07000, 166.
17.08000, 157.
17.09000, 176.
17.10000, 171.
17.11000, 180.
17.12000, 148.
17.13000, 186.
17.14000, 165.
17.15000, 166.
17.16000, 142.
17.17000, 183.
17.18000, 174.
17.19000, 191.
17.20000, 167.
17.21000, 157.
17.22000, 190.
17.23000, 191.
17.24000, 178.
17.25000, 176.
17.26000, 172.
17.27000, 184.
17.28000, 170.
17.29000, 181.
17.30000, 167.
17.31000, 197.
17.32000, 195.
17.33000, 172.
17.34000, 175.
17.35000, 192.
17.36000, 172.
17.37000, 190.
17.38000, 158.
17.39000, 180.
17.40000, 171.
17.41000, 177.
17.42000, 180.
17.43000, 177.
17.44000, 183.
17.45000, 200.
17.46000, 199.
17.47000, 199.
17.48000, 198.
17.49000, 188.
17.50000, 181.
17.51000, 185.
17.52000, 210.
17.53000, 220.
17.54000, 213.
17.55000, 181.
17.56000, 228.
17.57000, 211.
17.58000, 185.
17.59000, 195.
17.60000, 195.
17.61000, 244.
17.62000, 204.
17.63000, 196.
17.64000, 198.
17.65000, 194.
17.66000, 212.
17.67000, 203.
17.68000, 218.
17.69000, 199.
17.70000, 237.
17.71000, 207.
17.72000, 232.
17.73000, 227.
17.74000, 224.
17.75000, 219.
17.76000, 208.
17.77000, 195.
17.78000, 201.
17.79000, 198.
17.80000, 219.
17.81000, 195.
17.82000, 216.
17.83000, 200.
17.84000, 200.
17.85000, 221.
17.86000, 208.
17.87000, 211.
17.88000, 223.
17.89000, 215.
17.90000, 232.
17.91000, 226.
17.92000, 219.
17.93000, 233.
17.94000, 241.
17.95000, 238.
17.96000, 271.
17.97000, 232.
17.98000, 252.
17.99000, 235.
18.00000, 256.
18.01000, 246.
18.02000, 256.
18.03000, 240.
18.04000, 260.
18.05000, 237.
18.06000, 255.
18.07000, 290.
18.08000, 236.
18.09000, 284.
18.10000, 246.
18.11000, 267.
18.12000, 272.
18.13000, 272.
18.14000, 238.
18.15000, 257.
18.16000, 285.
18.17000, 292.
18.18000, 294.
18.19000, 291.
18.20000, 289.
18.21000, 295.
18.22000, 316.
18.23000, 308.
18.24000, 323.
18.25000, 348.
18.26000, 335.
18.27000, 360.
18.28000, 364.
18.29000, 364.
18.30000, 370.
18.31000, 359.
18.32000, 377.
18.33000, 405.
18.34000, 433.
18.35000, 378.
18.36000, 420.
18.37000, 412.
18.38000, 437.
18.39000, 494.
18.40000, 443.
18.41000, 475.
18.42000, 471.
18.43000, 502.
18.44000, 534.
18.45000, 525.
18.46000, 568.
18.47000, 583.
18.48000, 574.
18.49000, 583.
18.50000, 614.
18.51000, 632.
18.52000, 654.
18.53000, 706.
18.54000, 662.
18.55000, 734.
18.56000, 752.
18.57000, 739.
18.58000, 817.
18.59000, 824.
18.60000, 805.
18.61000, 855.
18.62000, 866.
18.63000, 897.
18.64000, 884.
18.65000, 890.
18.66000, 950.
18.67000, 900.
18.68000, 978.
18.69000, 949.
18.70000, 1013.
18.71000, 968.
18.72000, 979.
18.73000, 1029.
18.74000, 987.
18.75000, 993.
18.76000, 987.
18.77000, 1025.
18.78000, 1037.
18.79000, 1017.
18.80000, 1043.
18.81000, 979.
18.82000, 1031.
18.83000, 1034.
18.84000, 1025.
18.85000, 1035.
18.86000, 975.
18.87000, 1038.
18.88000, 996.
18.89000, 1022.
18.90000, 963.
18.91000, 945.
18.92000, 904.
18.93000, 943.
18.94000, 932.
18.95000, 910.
18.96000, 873.
18.97000, 866.
18.98000, 925.
18.99000, 863.
19.00000, 781.
19.01000, 742.
19.02000, 799.
19.03000, 759.
19.04000, 745.
19.05000, 661.
19.06000, 692.
19.07000, 696.
19.08000, 658.
19.09000, 677.
19.10000, 618.
19.11000, 594.
19.12000, 626.
19.13000, 606.
19.14000, 572.
19.15000, 551.
19.16000, 472.
19.17000, 511.
19.18000, 496.
19.19000, 485.
19.20000, 472.
19.21000, 444.
19.22000, 408.
19.23000, 400.
19.24000, 393.
19.25000, 418.
19.26000, 378.
19.27000, 376.
19.28000, 362.
19.29000, 414.
19.30000, 373.
19.31000, 362.
19.32000, 335.
19.33000, 349.
19.34000, 353.
19.35000, 264.
19.36000, 338.
19.37000, 292.
19.38000, 298.
19.39000, 272.
19.40000, 289.
19.41000, 300.
19.42000, 300.
19.43000, 292.
19.44000, 273.
19.45000, 284.
19.46000, 279.
19.47000, 274.
19.48000, 256.
19.49000, 261.
19.50000, 229.
19.51000, 248.
19.52000, 236.
19.53000, 258.
19.54000, 253.
19.55000, 223.
19.56000, 218.
19.57000, 217.
19.58000, 221.
19.59000, 211.
19.60000, 231.
19.61000, 199.
19.62000, 217.
19.63000, 204.
19.64000, 211.
19.65000, 212.
19.66000, 195.
19.67000, 236.
19.68000, 182.
19.69000, 200.
19.70000, 188.
19.71000, 181.
19.72000, 180.
19.73000, 170.
19.74000, 207.
19.75000, 194.
19.76000, 189.
19.77000, 199.
19.78000, 177.
19.79000, 182.
19.80000, 219.
19.81000, 210.
19.82000, 194.
19.83000, 197.
19.84000, 203.
19.85000, 194.
19.86000, 226.
19.87000, 189.
19.88000, 230.
19.89000, 249.
19.90000, 249.
19.91000, 277.
19.92000, 256.
19.93000, 278.
19.94000, 292.
19.95000, 321.
19.96000, 320.
19.97000, 358.
19.98000, 382.
19.99000, 393.
20.00000, 440.
20.01000, 424.
20.02000, 461.
20.03000, 462.
20.04000, 451.
20.05000, 494.
20.06000, 494.
20.07000, 517.
20.08000, 528.
20.09000, 523.
20.10000, 574.
20.11000, 589.
20.12000, 611.
20.13000, 606.
20.14000, 603.
20.15000, 579.
20.16000, 582.
20.17000, 548.
20.18000, 611.
20.19000, 581.
20.20000, 583.
20.21000, 493.
20.22000, 534.
20.23000, 532.
20.24000, 506.
20.25000, 476.
20.26000, 407.
20.27000, 420.
20.28000, 360.
20.29000, 371.
20.30000, 358.
20.31000, 331.
20.32000, 305.
20.33000, 273.
20.34000, 248.
20.35000, 256.
20.36000, 255.
20.37000, 222.
20.38000, 210.
20.39000, 210.
20.40000, 198.
20.41000, 199.
20.42000, 187.
20.43000, 170.
20.44000, 166.
20.45000, 166.
20.46000, 176.
20.47000, 165.
20.48000, 178.
20.49000, 198.
20.50000, 159.
20.51000, 182.
20.52000, 167.
20.53000, 175.
20.54000, 186.
20.55000, 192.
20.56000, 199.
20.57000, 194.
20.58000, 169.
20.59000, 201.
20.60000, 178.
20.61000, 186.
20.62000, 182.
20.63000, 223.
20.64000, 194.
20.65000, 200.
20.66000, 178.
20.67000, 189.
20.68000, 208.
20.69000, 233.
20.70000, 210.
20.71000, 202.
20.72000, 232.
20.73000, 227.
20.74000, 231.
20.75000, 220.
20.76000, 259.
20.77000, 237.
20.78000, 223.
20.79000, 256.
20.80000, 277.
20.81000, 270.
20.82000, 261.
20.83000, 284.
20.84000, 246.
20.85000, 260.
20.86000, 259.
20.87000, 251.
20.88000, 238.
20.89000, 277.
20.90000, 261.
20.91000, 258.
20.92000, 263.
20.93000, 270.
20.94000, 290.
20.95000, 279.
20.96000, 284.
20.97000, 269.
20.98000, 287.
20.99000, 264.
21.00000, 293.
21.01000, 285.
21.02000, 276.
21.03000, 295.
21.04000, 295.
21.05000, 278.
21.06000, 281.
21.07000, 292.
21.08000, 277.
21.09000, 273.
21.10000, 251.
21.11000, 289.
21.12000, 251.
21.13000, 238.
21.14000, 255.
21.15000, 275.
21.16000, 264.
21.17000, 243.
21.18000, 258.
21.19000, 235.
21.20000, 242.
21.21000, 238.
21.22000, 239.
21.23000, 242.
21.24000, 232.
21.25000, 220.
21.26000, 234.
21.27000, 237.
21.28000, 248.
21.29000, 243.
21.30000, 212.
21.31000, 223.
21.32000, 206.
21.33000, 229.
21.34000, 192.
21.35000, 192.
21.36000, 201.
21.37000, 203.
21.38000, 199.
21.39000, 190.
21.40000, 194.
21.41000, 211.
21.42000, 181.
21.43000, 198.
21.44000, 191.
21.45000, 204.
21.46000, 154.
21.47000, 151.
21.48000, 167.
21.49000, 167.
21.50000, 157.
21.51000, 173.
21.52000, 151.
21.53000, 153.
21.54000, 150.
21.55000, 148.
21.56000, 136.
21.57000, 135.
21.58000, 139.
21.59000, 133.
21.60000, 132.
21.61000, 149.
21.62000, 119.
21.63000, 133.
21.64000, 135.
21.65000, 131.
21.66000, 142.
21.67000, 124.
21.68000, 137.
21.69000, 138.
21.70000, 152.
21.71000, 141.
21.72000, 131.
21.73000, 136.
21.74000, 123.
21.75000, 120.
21.76000, 110.
21.77000, 133.
21.78000, 114.
21.79000, 111.
21.80000, 97.
21.81000, 121.
21.82000, 129.
21.83000, 123.
21.84000, 106.
21.85000, 126.
21.86000, 114.
21.87000, 121.
21.88000, 132.
21.89000, 125.
21.90000, 121.
21.91000, 108.
21.92000, 99.
21.93000, 99.
21.94000, 107.
21.95000, 118.
21.96000, 114.
21.97000, 139.
21.98000, 116.
21.99000, 115.
22.00000, 103.
22.01000, 105.
22.02000, 105.
22.03000, 113.
22.04000, 101.
22.05000, 101.
22.06000, 92.
22.07000, 100.
22.08000, 104.
22.09000, 98.
22.10000, 113.
22.11000, 103.
22.12000, 108.
22.13000, 100.
22.14000, 109.
22.15000, 96.
22.16000, 89.
22.17000, 95.
22.18000, 90.
22.19000, 90.
22.20000, 91.
22.21000, 97.
22.22000, 109.
22.23000, 94.
22.24000, 86.
22.25000, 103.
22.26000, 60.
22.27000, 85.
22.28000, 91.
22.29000, 89.
22.30000, 77.
22.31000, 76.
22.32000, 91.
22.33000, 84.
22.34000, 98.
22.35000, 105.
22.36000, 99.
22.37000, 102.
22.38000, 110.
22.39000, 89.
22.40000, 101.
22.41000, 88.
22.42000, 94.
22.43000, 99.
22.44000, 95.
22.45000, 90.
22.46000, 100.
22.47000, 104.
22.48000, 125.
22.49000, 101.
22.50000, 111.
22.51000, 99.
22.52000, 116.
22.53000, 103.
22.54000, 122.
22.55000, 131.
22.56000, 129.
22.57000, 152.
22.58000, 131.
22.59000, 149.
22.60000, 148.
22.61000, 147.
22.62000, 132.
22.63000, 152.
22.64000, 176.
22.65000, 164.
22.66000, 141.
22.67000, 151.
22.68000, 143.
22.69000, 138.
22.70000, 136.
22.71000, 142.
22.72000, 168.
22.73000, 140.
22.74000, 148.
22.75000, 147.
22.76000, 127.
22.77000, 132.
22.78000, 134.
22.79000, 128.
22.80000, 136.
22.81000, 108.
22.82000, 93.
22.83000, 103.
22.84000, 111.
22.85000, 95.
22.86000, 101.
22.87000, 105.
22.88000, 84.
22.89000, 90.
22.90000, 76.
22.91000, 83.
22.92000, 76.
22.93000, 71.
22.94000, 101.
22.95000, 92.
22.96000, 99.
22.97000, 88.
22.98000, 76.
22.99000, 88.
23.00000, 81.
23.01000, 93.
23.02000, 77.
23.03000, 105.
23.04000, 77.
23.05000, 88.
23.06000, 92.
23.07000, 83.
23.08000, 97.
23.09000, 84.
23.10000, 81.
23.11000, 95.
23.12000, 104.
23.13000, 88.
23.14000, 101.
23.15000, 102.
23.16000, 105.
23.17000, 76.
23.18000, 90.
23.19000, 93.
23.20000, 76.
23.21000, 90.
23.22000, 74.
23.23000, 74.
23.24000, 77.
23.25000, 88.
23.26000, 83.
23.27000, 90.
23.28000, 75.
23.29000, 85.
23.30000, 63.
23.31000, 81.
23.32000, 79.
23.33000, 85.
23.34000, 74.
23.35000, 68.
23.36000, 68.
23.37000, 73.
23.38000, 62.
23.39000, 95.
23.40000, 63.
23.41000, 77.
23.42000, 72.
23.43000, 75.
23.44000, 64.
23.45000, 80.
23.46000, 64.
23.47000, 79.
23.48000, 76.
23.49000, 79.
23.50000, 57.
23.51000, 90.
23.52000, 85.
23.53000, 77.
23.54000, 65.
23.55000, 69.
23.56000, 69.
23.57000, 82.
23.58000, 84.
23.59000, 78.
23.60000, 64.
23.61000, 55.
23.62000, 67.
23.63000, 60.
23.64000, 77.
23.65000, 83.
23.66000, 67.
23.67000, 78.
23.68000, 65.
23.69000, 63.
23.70000, 70.
23.71000, 60.
23.72000, 80.
23.73000, 74.
23.74000, 72.
23.75000, 86.
23.76000, 72.
23.77000, 74.
23.78000, 92.
23.79000, 78.
23.80000, 66.
23.81000, 77.
23.82000, 85.
23.83000, 73.
23.84000, 75.
23.85000, 66.
23.86000, 87.
23.87000, 76.
23.88000, 78.
23.89000, 89.
23.90000, 63.
23.91000, 86.
23.92000, 70.
23.93000, 88.
23.94000, 92.
23.95000, 80.
23.96000, 73.
23.97000, 72.
23.98000, 71.
23.99000, 84.
24.00000, 69.
24.01000, 76.
24.02000, 60.
24.03000, 75.
24.04000, 56.
24.05000, 72.
24.06000, 71.
24.07000, 68.
24.08000, 92.
24.09000, 73.
24.10000, 77.
24.11000, 67.
24.12000, 89.
24.13000, 56.
24.14000, 69.
24.15000, 70.
24.16000, 67.
24.17000, 75.
24.18000, 74.
24.19000, 80.
24.20000, 68.
24.21000, 75.
24.22000, 81.
24.23000, 74.
24.24000, 78.
24.25000, 67.
24.26000, 68.
24.27000, 76.
24.28000, 60.
24.29000, 66.
24.30000, 68.
24.31000, 68.
24.32000, 71.
24.33000, 69.
24.34000, 88.
24.35000, 73.
24.36000, 75.
24.37000, 57.
24.38000, 66.
24.39000, 80.
24.40000, 67.
24.41000, 64.
24.42000, 93.
24.43000, 69.
24.44000, 84.
24.45000, 64.
24.46000, 68.
24.47000, 65.
24.48000, 72.
24.49000, 70.
24.50000, 63.
24.51000, 76.
24.52000, 72.
24.53000, 55.
24.54000, 60.
24.55000, 63.
24.56000, 80.
24.57000, 73.
24.58000, 85.
24.59000, 61.
24.60000, 79.
24.61000, 72.
24.62000, 70.
24.63000, 65.
24.64000, 69.
24.65000, 78.
24.66000, 84.
24.67000, 72.
24.68000, 77.
24.69000, 75.
24.70000, 68.
24.71000, 74.
24.72000, 68.
24.73000, 77.
24.74000, 61.
24.75000, 68.
24.76000, 78.
24.77000, 62.
24.78000, 74.
24.79000, 57.
24.80000, 76.
24.81000, 62.
24.82000, 72.
24.83000, 75.
24.84000, 78.
24.85000, 85.
24.86000, 67.
24.87000, 53.
24.88000, 76.
24.89000, 83.
24.90000, 65.
24.91000, 63.
24.92000, 74.
24.93000, 82.
24.94000, 75.
24.95000, 92.
24.96000, 65.
24.97000, 78.
24.98000, 75.
24.99000, 60.
25.00000, 78.
25.01000, 68.
25.02000, 66.
25.03000, 79.
25.04000, 83.
25.05000, 90.
25.06000, 76.
25.07000, 85.
25.08000, 77.
25.09000, 65.
25.10000, 59.
25.11000, 82.
25.12000, 78.
25.13000, 81.
25.14000, 62.
25.15000, 82.
25.16000, 60.
25.17000, 80.
25.18000, 90.
25.19000, 75.
25.20000, 78.
25.21000, 70.
25.22000, 74.
25.23000, 71.
25.24000, 86.
25.25000, 77.
25.26000, 63.
25.27000, 82.
25.28000, 69.
25.29000, 91.
25.30000, 72.
25.31000, 67.
25.32000, 72.
25.33000, 72.
25.34000, 91.
25.35000, 66.
25.36000, 71.
25.37000, 80.
25.38000, 64.
25.39000, 69.
25.40000, 73.
25.41000, 66.
25.42000, 62.
25.43000, 58.
25.44000, 79.
25.45000, 65.
25.46000, 69.
25.47000, 65.
25.48000, 63.
25.49000, 53.
25.50000, 78.
25.51000, 69.
25.52000, 70.
25.53000, 63.
25.54000, 70.
25.55000, 55.
25.56000, 76.
25.57000, 70.
25.58000, 65.
25.59000, 47.
25.60000, 70.
25.61000, 64.
25.62000, 68.
25.63000, 62.
25.64000, 70.
25.65000, 65.
25.66000, 50.
25.67000, 74.
25.68000, 71.
25.69000, 61.
25.70000, 55.
25.71000, 58.
25.72000, 71.
25.73000, 60.
25.74000, 69.
25.75000, 70.
25.76000, 65.
25.77000, 52.
25.78000, 53.
25.79000, 64.
25.80000, 65.
25.81000, 64.
25.82000, 58.
25.83000, 53.
25.84000, 78.
25.85000, 64.
25.86000, 72.
25.87000, 58.
25.88000, 54.
25.89000, 73.
25.90000, 66.
25.91000, 59.
25.92000, 64.
25.93000, 68.
25.94000, 51.
25.95000, 58.
25.96000, 64.
25.97000, 63.
25.98000, 70.
25.99000, 43.
26.00000, 56.
26.01000, 58.
26.02000, 70.
26.03000, 77.
26.04000, 56.
26.05000, 53.
26.06000, 69.
26.07000, 63.
26.08000, 70.
26.09000, 69.
26.10000, 50.
26.11000, 55.
26.12000, 58.
26.13000, 59.
26.14000, 52.
26.15000, 69.
26.16000, 67.
26.17000, 59.
26.18000, 58.
26.19000, 53.
26.20000, 63.
26.21000, 53.
26.22000, 52.
26.23000, 58.
26.24000, 68.
26.25000, 50.
26.26000, 79.
26.27000, 63.
26.28000, 45.
26.29000, 55.
26.30000, 57.
26.31000, 53.
26.32000, 62.
26.33000, 66.
26.34000, 55.
26.35000, 57.
26.36000, 48.
26.37000, 65.
26.38000, 70.
26.39000, 74.
26.40000, 55.
26.41000, 59.
26.42000, 58.
26.43000, 57.
26.44000, 49.
26.45000, 60.
26.46000, 67.
26.47000, 55.
26.48000, 60.
26.49000, 73.
26.50000, 50.
26.51000, 68.
26.52000, 52.
26.53000, 70.
26.54000, 70.
26.55000, 58.
26.56000, 47.
26.57000, 55.
26.58000, 74.
26.59000, 55.
26.60000, 59.
26.61000, 61.
26.62000, 50.
26.63000, 59.
26.64000, 45.
26.65000, 47.
26.66000, 54.
26.67000, 54.
26.68000, 64.
26.69000, 62.
26.70000, 56.
26.71000, 63.
26.72000, 45.
26.73000, 57.
26.74000, 48.
26.75000, 66.
26.76000, 55.
26.77000, 54.
26.78000, 68.
26.79000, 60.
26.80000, 58.
26.81000, 54.
26.82000, 53.
26.83000, 61.
26.84000, 65.
26.85000, 70.
26.86000, 76.
26.87000, 43.
26.88000, 54.
26.89000, 71.
26.90000, 61.
26.91000, 44.
26.92000, 54.
26.93000, 59.
26.94000, 55.
26.95000, 62.
26.96000, 48.
26.97000, 49.
26.98000, 55.
26.99000, 49.
27.00000, 53.
27.01000, 47.
27.02000, 58.
27.03000, 65.
27.04000, 47.
27.05000, 62.
27.06000, 55.
27.07000, 43.
27.08000, 64.
27.09000, 48.
27.10000, 50.
27.11000, 58.
27.12000, 46.
27.13000, 50.
27.14000, 57.
27.15000, 56.
27.16000, 58.
27.17000, 54.
27.18000, 54.
27.19000, 49.
27.20000, 72.
27.21000, 68.
27.22000, 59.
27.23000, 48.
27.24000, 59.
27.25000, 66.
27.26000, 67.
27.27000, 71.
27.28000, 58.
27.29000, 61.
27.30000, 47.
27.31000, 50.
27.32000, 67.
27.33000, 56.
27.34000, 59.
27.35000, 43.
27.36000, 47.
27.37000, 57.
27.38000, 39.
27.39000, 47.
27.40000, 56.
27.41000, 65.
27.42000, 42.
27.43000, 48.
27.44000, 57.
27.45000, 54.
27.46000, 58.
27.47000, 63.
27.48000, 57.
27.49000, 49.
27.50000, 58.
27.51000, 51.
27.52000, 42.
27.53000, 55.
27.54000, 48.
27.55000, 53.
27.56000, 54.
27.57000, 55.
27.58000, 64.
27.59000, 49.
27.60000, 45.
27.61000, 64.
27.62000, 63.
27.63000, 59.
27.64000, 56.
27.65000, 62.
27.66000, 53.
27.67000, 63.
27.68000, 64.
27.69000, 50.
27.70000, 50.
27.71000, 46.
27.72000, 52.
27.73000, 50.
27.74000, 57.
27.75000, 50.
27.76000, 57.
27.77000, 46.
27.78000, 63.
27.79000, 52.
27.80000, 46.
27.81000, 56.
27.82000, 42.
27.83000, 52.
27.84000, 55.
27.85000, 51.
27.86000, 45.
27.87000, 43.
27.88000, 48.
27.89000, 48.
27.90000, 55.
27.91000, 45.
27.92000, 43.
27.93000, 50.
27.94000, 63.
27.95000, 52.
27.96000, 58.
27.97000, 57.
27.98000, 56.
27.99000, 39.
28.00000, 57.
28.01000, 37.
28.02000, 55.
28.03000, 50.
28.04000, 61.
28.05000, 54.
28.06000, 47.
28.07000, 67.
28.08000, 50.
28.09000, 42.
28.10000, 52.
28.11000, 45.
28.12000, 54.
28.13000, 59.
28.14000, 42.
28.15000, 38.
28.16000, 61.
28.17000, 37.
28.18000, 49.
28.19000, 35.
28.20000, 56.
28.21000, 51.
28.22000, 53.
28.23000, 53.
28.24000, 48.
28.25000, 50.
28.26000, 63.
28.27000, 36.
28.28000, 49.
28.29000, 53.
28.30000, 53.
28.31000, 41.
28.32000, 51.
28.33000, 46.
28.34000, 51.
28.35000, 46.
28.36000, 43.
28.37000, 47.
28.38000, 45.
28.39000, 44.
28.40000, 56.
28.41000, 47.
28.42000, 50.
28.43000, 45.
28.44000, 52.
28.45000, 51.
28.46000, 38.
28.47000, 38.
28.48000, 50.
28.49000, 43.
28.50000, 44.
28.51000, 54.
28.52000, 49.
28.53000, 40.
28.54000, 44.
28.55000, 55.
28.56000, 56.
28.57000, 50.
28.58000, 46.
28.59000, 51.
28.60000, 47.
28.61000, 55.
28.62000, 54.
28.63000, 42.
28.64000, 43.
28.65000, 46.
28.66000, 51.
28.67000, 57.
28.68000, 38.
28.69000, 35.
28.70000, 47.
28.71000, 42.
28.72000, 47.
28.73000, 49.
28.74000, 49.
28.75000, 36.
28.76000, 50.
28.77000, 47.
28.78000, 40.
28.79000, 41.
28.80000, 57.
28.81000, 42.
28.82000, 53.
28.83000, 37.
28.84000, 37.
28.85000, 44.
28.86000, 41.
28.87000, 53.
28.88000, 45.
28.89000, 43.
28.90000, 34.
28.91000, 40.
28.92000, 39.
28.93000, 52.
28.94000, 47.
28.95000, 42.
28.96000, 34.
28.97000, 48.
28.98000, 48.
28.99000, 62.
29.00000, 47.
29.01000, 41.
29.02000, 46.
29.03000, 46.
29.04000, 35.
29.05000, 31.
29.06000, 47.
29.07000, 45.
29.08000, 49.
29.09000, 37.
29.10000, 42.
29.11000, 52.
29.12000, 35.
29.13000, 44.
29.14000, 41.
29.15000, 36.
29.16000, 39.
29.17000, 46.
29.18000, 52.
29.19000, 50.
29.20000, 40.
29.21000, 44.
29.22000, 49.
29.23000, 35.
29.24000, 40.
29.25000, 54.
29.26000, 58.
29.27000, 58.
29.28000, 43.
29.29000, 28.
29.30000, 44.
29.31000, 50.
29.32000, 42.
29.33000, 34.
29.34000, 48.
29.35000, 44.
29.36000, 52.
29.37000, 49.
29.38000, 32.
29.39000, 36.
29.40000, 31.
29.41000, 40.
29.42000, 42.
29.43000, 51.
29.44000, 51.
29.45000, 48.
29.46000, 37.
29.47000, 48.
29.48000, 47.
29.49000, 30.
29.50000, 45.
29.51000, 31.
29.52000, 35.
29.53000, 35.
29.54000, 41.
29.55000, 38.
29.56000, 28.
29.57000, 48.
29.58000, 45.
29.59000, 46.
29.60000, 44.
29.61000, 33.
29.62000, 39.
29.63000, 42.
29.64000, 34.
29.65000, 41.
29.66000, 36.
29.67000, 36.
29.68000, 34.
29.69000, 44.
29.70000, 39.
29.71000, 40.
29.72000, 46.
29.73000, 37.
29.74000, 37.
29.75000, 46.
29.76000, 37.
29.77000, 34.
29.78000, 39.
29.79000, 44.
29.80000, 37.
29.81000, 33.
29.82000, 40.
29.83000, 39.
29.84000, 41.
29.85000, 35.
29.86000, 44.
29.87000, 43.
29.88000, 36.
29.89000, 37.
29.90000, 37.
29.91000, 41.
29.92000, 40.
29.93000, 37.
29.94000, 35.
29.95000, 28.
29.96000, 48.
29.97000, 43.
29.98000, 34.
29.99000, 32.
30.00000, 35.
30.01000, 32.
30.02000, 47.
30.03000, 38.
30.04000, 57.
30.05000, 48.
30.06000, 33.
30.07000, 48.
30.08000, 37.
30.09000, 45.
30.10000, 32.
30.11000, 43.
30.12000, 36.
30.13000, 42.
30.14000, 38.
30.15000, 36.
30.16000, 34.
30.17000, 38.
30.18000, 43.
30.19000, 40.
30.20000, 33.
30.21000, 41.
30.22000, 35.
30.23000, 27.
30.24000, 38.
30.25000, 45.
30.26000, 42.
30.27000, 32.
30.28000, 34.
30.29000, 32.
30.30000, 35.
30.31000, 35.
30.32000, 43.
30.33000, 32.
30.34000, 41.
30.35000, 32.
30.36000, 38.
30.37000, 31.
30.38000, 32.
30.39000, 47.
30.40000, 34.
30.41000, 35.
30.42000, 48.
30.43000, 41.
30.44000, 41.
30.45000, 35.
30.46000, 33.
30.47000, 46.
30.48000, 47.
30.49000, 37.
30.50000, 33.
30.51000, 31.
30.52000, 36.
30.53000, 41.
30.54000, 45.
30.55000, 44.
30.56000, 33.
30.57000, 35.
30.58000, 34.
30.59000, 42.
30.60000, 30.
30.61000, 35.
30.62000, 49.
30.63000, 37.
30.64000, 38.
30.65000, 38.
30.66000, 34.
30.67000, 33.
30.68000, 24.
30.69000, 27.
30.70000, 42.
30.71000, 31.
30.72000, 44.
30.73000, 46.
30.74000, 37.
30.75000, 29.
30.76000, 46.
30.77000, 37.
30.78000, 28.
30.79000, 29.
30.80000, 34.
30.81000, 26.
30.82000, 26.
30.83000, 49.
30.84000, 50.
30.85000, 29.
30.86000, 35.
30.87000, 37.
30.88000, 35.
30.89000, 46.
30.90000, 48.
30.91000, 41.
30.92000, 39.
30.93000, 27.
30.94000, 43.
30.95000, 27.
30.96000, 26.
30.97000, 27.
30.98000, 35.
30.99000, 31.
31.00000, 31.
31.01000, 33.
31.02000, 34.
31.03000, 32.
31.04000, 38.
31.05000, 31.
31.06000, 26.
31.07000, 40.
31.08000, 30.
31.09000, 43.
31.10000, 28.
31.11000, 47.
31.12000, 32.
31.13000, 30.
31.14000, 33.
31.15000, 36.
31.16000, 34.
31.17000, 40.
31.18000, 23.
31.19000, 45.
31.20000, 33.
31.21000, 21.
31.22000, 16.
31.23000, 27.
31.24000, 26.
31.25000, 36.
31.26000, 30.
31.27000, 32.
31.28000, 30.
31.29000, 31.
31.30000, 39.
31.31000, 43.
31.32000, 47.
31.33000, 38.
31.34000, 34.
31.35000, 42.
31.36000, 31.
31.37000, 25.
31.38000, 34.
31.39000, 32.
31.40000, 29.
31.41000, 38.
31.42000, 35.
31.43000, 24.
31.44000, 32.
31.45000, 35.
31.46000, 31.
31.47000, 34.
31.48000, 23.
31.49000, 38.
31.50000, 36.
31.51000, 30.
31.52000, 32.
31.53000, 30.
31.54000, 32.
31.55000, 33.
31.56000, 39.
31.57000, 36.
31.58000, 37.
31.59000, 36.
31.60000, 39.
31.61000, 33.
31.62000, 29.
31.63000, 27.
31.64000, 35.
31.65000, 34.
31.66000, 37.
31.67000, 35.
31.68000, 30.
31.69000, 32.
31.70000, 39.
31.71000, 43.
31.72000, 31.
31.73000, 22.
31.74000, 42.
31.75000, 54.
31.76000, 38.
31.77000, 34.
31.78000, 36.
31.79000, 37.
31.80000, 49.
31.81000, 32.
31.82000, 32.
31.83000, 32.
31.84000, 28.
31.85000, 26.
31.86000, 27.
31.87000, 31.
31.88000, 30.
31.89000, 24.
31.90000, 33.
31.91000, 25.
31.92000, 31.
31.93000, 22.
31.94000, 38.
31.95000, 25.
31.96000, 25.
31.97000, 36.
31.98000, 34.
31.99000, 32.
32.00000, 31.
32.01000, 37.
32.02000, 32.
32.03000, 38.
32.04000, 45.
32.05000, 30.
32.06000, 39.
32.07000, 26.
32.08000, 40.
32.09000, 33.
32.10000, 32.
32.11000, 37.
32.12000, 36.
32.13000, 30.
32.14000, 24.
32.15000, 34.
32.16000, 34.
32.17000, 39.
32.18000, 34.
32.19000, 29.
32.20000, 27.
32.21000, 34.
32.22000, 32.
32.23000, 36.
32.24000, 33.
32.25000, 34.
32.26000, 33.
32.27000, 25.
32.28000, 34.
32.29000, 18.
32.30000, 37.
32.31000, 32.
32.32000, 27.
32.33000, 26.
32.34000, 31.
32.35000, 33.
32.36000, 29.
32.37000, 28.
32.38000, 31.
32.39000, 20.
32.40000, 28.
32.41000, 22.
32.42000, 26.
32.43000, 27.
32.44000, 27.
32.45000, 35.
32.46000, 26.
32.47000, 30.
32.48000, 26.
32.49000, 30.
32.50000, 21.
32.51000, 23.
32.52000, 31.
32.53000, 30.
32.54000, 27.
32.55000, 30.
32.56000, 30.
32.57000, 46.
32.58000, 23.
32.59000, 35.
32.60000, 20.
32.61000, 36.
32.62000, 30.
32.63000, 23.
32.64000, 25.
32.65000, 29.
32.66000, 32.
32.67000, 21.
32.68000, 16.
32.69000, 28.
32.70000, 29.
32.71000, 20.
32.72000, 30.
32.73000, 27.
32.74000, 26.
32.75000, 24.
32.76000, 25.
32.77000, 31.
32.78000, 27.
32.79000, 31.
32.80000, 26.
32.81000, 34.
32.82000, 11.
32.83000, 23.
32.84000, 28.
32.85000, 26.
32.86000, 24.
32.87000, 23.
32.88000, 25.
32.89000, 23.
32.90000, 25.
32.91000, 26.
32.92000, 27.
32.93000, 31.
32.94000, 28.
32.95000, 33.
32.96000, 26.
32.97000, 19.
32.98000, 31.
32.99000, 28.
33.00000, 36.
33.01000, 22.
33.02000, 17.
33.03000, 23.
33.04000, 29.
33.05000, 15.
33.06000, 24.
33.07000, 24.
33.08000, 26.
33.09000, 20.
33.10000, 29.
33.11000, 35.
33.12000, 28.
33.13000, 18.
33.14000, 20.
33.15000, 33.
33.16000, 18.
33.17000, 18.
33.18000, 31.
33.19000, 28.
33.20000, 25.
33.21000, 18.
33.22000, 26.
33.23000, 27.
33.24000, 19.
33.25000, 24.
33.26000, 24.
33.27000, 19.
33.28000, 31.
33.29000, 25.
33.30000, 23.
33.31000, 28.
33.32000, 20.
33.33000, 21.
33.34000, 16.
33.35000, 28.
33.36000, 27.
33.37000, 29.
33.38000, 26.
33.39000, 32.
33.40000, 22.
33.41000, 22.
33.42000, 35.
33.43000, 27.
33.44000, 37.
33.45000, 28.
33.46000, 22.
33.47000, 32.
33.48000, 22.
33.49000, 16.
33.50000, 20.
33.51000, 24.
33.52000, 20.
33.53000, 18.
33.54000, 29.
33.55000, 27.
33.56000, 18.
33.57000, 22.
33.58000, 21.
33.59000, 21.
33.60000, 22.
33.61000, 27.
33.62000, 26.
33.63000, 20.
33.64000, 36.
33.65000, 32.
33.66000, 20.
33.67000, 28.
33.68000, 24.
33.69000, 23.
33.70000, 25.
33.71000, 28.
33.72000, 22.
33.73000, 18.
33.74000, 22.
33.75000, 28.
33.76000, 28.
33.77000, 23.
33.78000, 21.
33.79000, 23.
33.80000, 29.
33.81000, 24.
33.82000, 27.
33.83000, 20.
33.84000, 18.
33.85000, 32.
33.86000, 23.
33.87000, 27.
33.88000, 16.
33.89000, 19.
33.90000, 18.
33.91000, 10.
33.92000, 30.
33.93000, 22.
33.94000, 18.
33.95000, 29.
33.96000, 22.
33.97000, 18.
33.98000, 26.
33.99000, 19.
34.00000, 22.
34.01000, 22.
34.02000, 27.
34.03000, 22.
34.04000, 21.
34.05000, 21.
34.06000, 13.
34.07000, 20.
34.08000, 18.
34.09000, 15.
34.10000, 23.
34.11000, 20.
34.12000, 26.
34.13000, 18.
34.14000, 18.
34.15000, 23.
34.16000, 20.
34.17000, 24.
34.18000, 25.
34.19000, 28.
34.20000, 17.
34.21000, 15.
34.22000, 26.
34.23000, 20.
34.24000, 25.
34.25000, 30.
34.26000, 23.
34.27000, 24.
34.28000, 15.
34.29000, 19.
34.30000, 27.
34.31000, 23.
34.32000, 19.
34.33000, 15.
34.34000, 20.
34.35000, 19.
34.36000, 19.
34.37000, 23.
34.38000, 24.
34.39000, 17.
34.40000, 23.
34.41000, 29.
34.42000, 17.
34.43000, 19.
34.44000, 27.
34.45000, 18.
34.46000, 21.
34.47000, 21.
34.48000, 17.
34.49000, 22.
34.50000, 17.
34.51000, 22.
34.52000, 20.
34.53000, 17.
34.54000, 20.
34.55000, 17.
34.56000, 19.
34.57000, 21.
34.58000, 20.
34.59000, 16.
34.60000, 19.
34.61000, 22.
34.62000, 25.
34.63000, 28.
34.64000, 21.
34.65000, 18.
34.66000, 11.
34.67000, 15.
34.68000, 22.
34.69000, 16.
34.70000, 26.
34.71000, 22.
34.72000, 15.
34.73000, 23.
34.74000, 23.
34.75000, 15.
34.76000, 22.
34.77000, 26.
34.78000, 20.
34.79000, 23.
34.80000, 13.
34.81000, 15.
34.82000, 14.
34.83000, 17.
34.84000, 21.
34.85000, 18.
34.86000, 16.
34.87000, 18.
34.88000, 20.
34.89000, 11.
34.90000, 25.
34.91000, 11.
34.92000, 15.
34.93000, 20.
34.94000, 29.
34.95000, 13.
34.96000, 23.
34.97000, 12.
34.98000, 15.
34.99000, 23.
35.00000, 16.
35.01000, 22.
35.02000, 18.
35.03000, 16.
35.04000, 18.
35.05000, 24.
35.06000, 12.
35.07000, 15.
35.08000, 12.
35.09000, 12.
35.10000, 21.
35.11000, 29.
35.12000, 19.
35.13000, 17.
35.14000, 16.
35.15000, 16.
35.16000, 19.
35.17000, 15.
35.18000, 24.
35.19000, 14.
35.20000, 24.
35.21000, 16.
35.22000, 20.
35.23000, 14.
35.24000, 21.
35.25000, 17.
35.26000, 20.
35.27000, 22.
35.28000, 18.
35.29000, 24.
35.30000, 18.
35.31000, 25.
35.32000, 18.
35.33000, 18.
35.34000, 21.
35.35000, 18.
35.36000, 19.
35.37000, 18.
35.38000, 11.
35.39000, 20.
35.40000, 18.
35.41000, 18.
35.42000, 15.
35.43000, 25.
35.44000, 21.
35.45000, 13.
35.46000, 23.
35.47000, 18.
35.48000, 16.
35.49000, 9.
35.50000, 17.
35.51000, 21.
35.52000, 15.
35.53000, 11.
35.54000, 11.
35.55000, 17.
35.56000, 10.
35.57000, 20.
35.58000, 23.
35.59000, 24.
35.60000, 23.
35.61000, 13.
35.62000, 18.
35.63000, 18.
35.64000, 22.
35.65000, 10.
35.66000, 17.
35.67000, 16.
35.68000, 17.
35.69000, 18.
35.70000, 15.
35.71000, 12.
35.72000, 8.
35.73000, 15.
35.74000, 11.
35.75000, 20.
35.76000, 20.
35.77000, 18.
35.78000, 23.
35.79000, 10.
35.80000, 18.
35.81000, 12.
35.82000, 14.
35.83000, 15.
35.84000, 22.
35.85000, 10.
35.86000, 14.
35.87000, 15.
35.88000, 18.
35.89000, 17.
35.90000, 11.
35.91000, 13.
35.92000, 21.
35.93000, 22.
35.94000, 16.
35.95000, 9.
35.96000, 8.
35.97000, 8.
35.98000, 18.
35.99000, 15.
36.00000, 17.
36.01000, 11.
36.02000, 12.
36.03000, 18.
36.04000, 16.
36.05000, 17.
36.06000, 16.
36.07000, 8.
36.08000, 20.
36.09000, 14.
36.10000, 5.
36.11000, 15.
36.12000, 21.
36.13000, 17.
36.14000, 10.
36.15000, 9.
36.16000, 13.
36.17000, 17.
36.18000, 11.
36.19000, 14.
36.20000, 17.
36.21000, 13.
36.22000, 23.
36.23000, 19.
36.24000, 13.
36.25000, 6.
36.26000, 15.
36.27000, 12.
36.28000, 14.
36.29000, 7.
36.30000, 13.
36.31000, 11.
36.32000, 8.
36.33000, 23.
36.34000, 11.
36.35000, 15.
36.36000, 11.
36.37000, 14.
36.38000, 16.
36.39000, 12.
36.40000, 16.
36.41000, 9.
36.42000, 21.
36.43000, 16.
36.44000, 9.
36.45000, 19.
36.46000, 15.
36.47000, 16.
36.48000, 24.
36.49000, 6.
36.50000, 13.
36.51000, 11.
36.52000, 21.
36.53000, 19.
36.54000, 18.
36.55000, 12.
36.56000, 11.
36.57000, 11.
36.58000, 7.
36.59000, 11.
36.60000, 17.
36.61000, 15.
36.62000, 11.
36.63000, 16.
36.64000, 14.
36.65000, 13.
36.66000, 14.
36.67000, 15.
36.68000, 24.
36.69000, 9.
36.70000, 20.
36.71000, 14.
36.72000, 11.
36.73000, 11.
36.74000, 13.
36.75000, 13.
36.76000, 12.
36.77000, 8.
36.78000, 17.
36.79000, 17.
36.80000, 15.
36.81000, 16.
36.82000, 10.
36.83000, 13.
36.84000, 15.
36.85000, 13.
36.86000, 17.
36.87000, 10.
36.88000, 14.
36.89000, 10.
36.90000, 11.
36.91000, 14.
36.92000, 17.
36.93000, 20.
36.94000, 18.
36.95000, 10.
36.96000, 15.
36.97000, 15.
36.98000, 16.
36.99000, 15.
37.00000, 11.
37.01000, 12.
37.02000, 12.
37.03000, 15.
37.04000, 10.
37.05000, 13.
37.06000, 21.
37.07000, 9.
37.08000, 15.
37.09000, 9.
37.10000, 18.
37.11000, 10.
37.12000, 11.
37.13000, 12.
37.14000, 6.
37.15000, 16.
37.16000, 15.
37.17000, 15.
37.18000, 12.
37.19000, 17.
37.20000, 19.
37.21000, 11.
37.22000, 10.
37.23000, 8.
37.24000, 8.
37.25000, 11.
37.26000, 11.
37.27000, 4.
37.28000, 10.
37.29000, 14.
37.30000, 16.
37.31000, 14.
37.32000, 13.
37.33000, 11.
37.34000, 5.
37.35000, 12.
37.36000, 11.
37.37000, 17.
37.38000, 16.
37.39000, 9.
37.40000, 11.
37.41000, 18.
37.42000, 14.
37.43000, 14.
37.44000, 8.
37.45000, 13.
37.46000, 19.
37.47000, 13.
37.48000, 17.
37.49000, 11.
37.50000, 15.
37.51000, 11.
37.52000, 4.
37.53000, 8.
37.54000, 10.
37.55000, 13.
37.56000, 11.
37.57000, 15.
37.58000, 11.
37.59000, 13.
37.60000, 10.
37.61000, 14.
37.62000, 15.
37.63000, 13.
37.64000, 7.
37.65000, 10.
37.66000, 10.
37.67000, 16.
37.68000, 6.
37.69000, 11.
37.70000, 6.
37.71000, 14.
37.72000, 9.
37.73000, 3.
37.74000, 12.
37.75000, 11.
37.76000, 5.
37.77000, 7.
37.78000, 10.
37.79000, 10.
37.80000, 12.
37.81000, 15.
37.82000, 13.
37.83000, 8.
37.84000, 14.
37.85000, 14.
37.86000, 15.
37.87000, 14.
37.88000, 14.
37.89000, 9.
37.90000, 16.
37.91000, 8.
37.92000, 11.
37.93000, 10.
37.94000, 6.
37.95000, 17.
37.96000, 7.
37.97000, 9.
37.98000, 8.
37.99000, 14.
38.00000, 10.
38.01000, 10.
38.02000, 12.
38.03000, 10.
38.04000, 10.
38.05000, 11.
38.06000, 6.
38.07000, 13.
38.08000, 10.
38.09000, 15.
38.10000, 15.
38.11000, 15.
38.12000, 10.
38.13000, 14.
38.14000, 13.
38.15000, 13.
38.16000, 10.
38.17000, 11.
38.18000, 7.
38.19000, 7.
38.20000, 9.
38.21000, 9.
38.22000, 8.
38.23000, 11.
38.24000, 10.
38.25000, 8.
38.26000, 9.
38.27000, 15.
38.28000, 6.
38.29000, 6.
38.30000, 8.
38.31000, 7.
38.32000, 8.
38.33000, 10.
38.34000, 11.
38.35000, 10.
38.36000, 7.
38.37000, 17.
38.38000, 6.
38.39000, 12.
38.40000, 5.
38.41000, 8.
38.42000, 7.
38.43000, 5.
38.44000, 9.
38.45000, 5.
38.46000, 13.
38.47000, 13.
38.48000, 14.
38.49000, 10.
38.50000, 6.
38.51000, 7.
38.52000, 8.
38.53000, 11.
38.54000, 14.
38.55000, 13.
38.56000, 6.
38.57000, 5.
38.58000, 8.
38.59000, 18.
38.60000, 7.
38.61000, 13.
38.62000, 6.
38.63000, 9.
38.64000, 7.
38.65000, 8.
38.66000, 15.
38.67000, 10.
38.68000, 7.
38.69000, 11.
38.70000, 8.
38.71000, 4.
38.72000, 7.
38.73000, 14.
38.74000, 13.
38.75000, 9.
38.76000, 9.
38.77000, 4.
38.78000, 5.
38.79000, 8.
38.80000, 8.
38.81000, 10.
38.82000, 9.
38.83000, 6.
38.84000, 11.
38.85000, 6.
38.86000, 8.
38.87000, 3.
38.88000, 11.
38.89000, 9.
38.90000, 11.
38.91000, 5.
38.92000, 11.
38.93000, 7.
38.94000, 9.
38.95000, 13.
38.96000, 12.
38.97000, 6.
38.98000, 6.
38.99000, 5.
39.00000, 13.
39.01000, 11.
39.02000, 11.
39.03000, 8.
39.04000, 6.
39.05000, 9.
39.06000, 5.
39.07000, 7.
39.08000, 7.
39.09000, 6.
39.10000, 5.
39.11000, 9.
39.12000, 12.
39.13000, 10.
39.14000, 8.
39.15000, 7.
39.16000, 11.
39.17000, 10.
39.18000, 7.
39.19000, 5.
39.20000, 11.
39.21000, 8.
39.22000, 5.
39.23000, 7.
39.24000, 2.
39.25000, 7.
39.26000, 5.
39.27000, 10.
39.28000, 9.
39.29000, 8.
39.30000, 16.
39.31000, 4.
39.32000, 6.
39.33000, 4.
39.34000, 9.
39.35000, 4.
39.36000, 6.
39.37000, 5.
39.38000, 9.
39.39000, 6.
39.40000, 7.
39.41000, 9.
39.42000, 6.
39.43000, 5.
39.44000, 8.
39.45000, 4.
39.46000, 2.
39.47000, 6.
39.48000, 3.
39.49000, 6.
39.50000, 10.
39.51000, 9.
39.52000, 5.
39.53000, 10.
39.54000, 5.
39.55000, 4.
39.56000, 8.
39.57000, 12.
39.58000, 5.
39.59000, 10.
39.60000, 7.
39.61000, 8.
39.62000, 4.
39.63000, 3.
39.64000, 4.
39.65000, 6.
39.66000, 5.
39.67000, 6.
39.68000, 8.
39.69000, 4.
39.70000, 4.
39.71000, 6.
39.72000, 4.
39.73000, 5.
39.74000, 6.
39.75000, 8.
39.76000, 11.
39.77000, 11.
39.78000, 8.
39.79000, 5.
39.80000, 8.
39.81000, 10.
39.82000, 10.
39.83000, 4.
39.84000, 11.
39.85000, 8.
39.86000, 6.
39.87000, 4.
39.88000, 1.
39.89000, 5.
39.90000, 4.
39.91000, 8.
39.92000, 10.
39.93000, 3.
39.94000, 8.
39.95000, 7.
39.96000, 3.
39.97000, 8.
39.98000, 4.
39.99000, 6.
40.00000, 4.
40.01000, 5.
40.02000, 5.
40.03000, 7.
40.04000, 2.
40.05000, 8.
40.06000, 3.
40.07000, 7.
40.08000, 5.
40.09000, 6.
40.10000, 7.
40.11000, 6.
40.12000, 5.
40.13000, 7.
40.14000, 3.
40.15000, 4.
40.16000, 2.
40.17000, 3.
40.18000, 5.
40.19000, 6.
40.20000, 7.
40.21000, 5.
40.22000, 6.
40.23000, 4.
40.24000, 9.
40.25000, 6.
40.26000, 5.
40.27000, 7.
40.28000, 5.
40.29000, 7.
40.30000, 3.
40.31000, 2.
40.32000, 4.
40.33000, 7.
40.34000, 3.
40.35000, 2.
40.36000, 7.
40.37000, 8.
40.38000, 4.
40.39000, 4.
40.40000, 4.
40.41000, 7.
40.42000, 4.
40.43000, 8.
40.44000, 6.
40.45000, 5.
40.46000, 5.
40.47000, 3.
40.48000, 4.
40.49000, 4.
40.50000, 1.
40.51000, 9.
40.52000, 5.
40.53000, 4.
40.54000, 4.
40.55000, 0.
#ENDOFDATA   : 
