#FORMAT      : EMSA/MAS Spectral Data File
#VERSION     : 1.0
#TITLE       : Spectrum 11
#DATE        : 21-AUG-2025
#TIME        : 15:15
#OWNER       : XGT7200
#NPOINTS     : 4096.
#NCOLUMNS    : 1.
#XUNITS      : keV
#YUNITS      : counts
#DATATYPE    : XY
#XPERCHAN    : 0.0100000
#OFFSET      : -0.400000
#SIGNALTYPE  : EDS
#CHOFFSET    : 40.0000
#LIVETIME    : 30.000000
#REALTIME    : 39.563433
#BEAMKV      : 50.0000
#PROBECUR    : 717000.
#MAGCAM      : 100.000
#XTILTSTGE   : 0.0
#AZIMANGLE   : 0.0
#ELEVANGLE   : 45.0
#XPOSITION mm: 0.0000
#YPOSITION mm: 0.0000
#ZPOSITION mm: 0.0000
##OXINSTPT   : 4
##OXINSTSTROB: 72.01
#SPECTRUM    : Spectral Data Starts Here
-0.40000, 0.
-0.39000, 0.
-0.38000, 0.
-0.37000, 0.
-0.36000, 0.
-0.35000, 0.
-0.34000, 0.
-0.33000, 0.
-0.32000, 0.
-0.31000, 0.
-0.30000, 0.
-0.29000, 0.
-0.28000, 0.
-0.27000, 0.
-0.26000, 0.
-0.25000, 0.
-0.24000, 0.
-0.23000, 0.
-0.22000, 0.
-0.21000, 0.
-0.20000, 0.
-0.19000, 0.
-0.18000, 0.
-0.17000, 0.
-0.16000, 0.
-0.15000, 0.
-0.14000, 0.
-0.13000, 0.
-0.12000, 0.
-0.11000, 0.
-0.10000, 0.
-0.09000, 0.
-0.08000, 0.
-0.07000, 0.
-0.06000, 0.
-0.05000, 0.
-0.04000, 0.
-0.03000, 0.
-0.02000, 0.
-0.01000, 0.
0.00000, 0.
0.01000, 0.
0.02000, 0.
0.03000, 0.
0.04000, 0.
0.05000, 0.
0.06000, 0.
0.07000, 0.
0.08000, 0.
0.09000, 0.
0.10000, 0.
0.11000, 0.
0.12000, 0.
0.13000, 0.
0.14000, 0.
0.15000, 0.
0.16000, 0.
0.17000, 0.
0.18000, 0.
0.19000, 0.
0.20000, 0.
0.21000, 0.
0.22000, 0.
0.23000, 0.
0.24000, 0.
0.25000, 0.
0.26000, 0.
0.27000, 0.
0.28000, 0.
0.29000, 0.
0.30000, 0.
0.31000, 0.
0.32000, 0.
0.33000, 2.
0.34000, 2.
0.35000, 1.
0.36000, 9.
0.37000, 6.
0.38000, 15.
0.39000, 14.
0.40000, 22.
0.41000, 33.
0.42000, 35.
0.43000, 36.
0.44000, 54.
0.45000, 38.
0.46000, 44.
0.47000, 57.
0.48000, 63.
0.49000, 48.
0.50000, 56.
0.51000, 65.
0.52000, 67.
0.53000, 60.
0.54000, 65.
0.55000, 77.
0.56000, 56.
0.57000, 69.
0.58000, 72.
0.59000, 67.
0.60000, 76.
0.61000, 67.
0.62000, 60.
0.63000, 62.
0.64000, 47.
0.65000, 44.
0.66000, 49.
0.67000, 40.
0.68000, 44.
0.69000, 42.
0.70000, 49.
0.71000, 46.
0.72000, 46.
0.73000, 48.
0.74000, 44.
0.75000, 43.
0.76000, 39.
0.77000, 46.
0.78000, 47.
0.79000, 37.
0.80000, 44.
0.81000, 26.
0.82000, 43.
0.83000, 36.
0.84000, 44.
0.85000, 53.
0.86000, 38.
0.87000, 35.
0.88000, 43.
0.89000, 46.
0.90000, 55.
0.91000, 49.
0.92000, 48.
0.93000, 44.
0.94000, 41.
0.95000, 46.
0.96000, 52.
0.97000, 39.
0.98000, 48.
0.99000, 51.
1.00000, 50.
1.01000, 55.
1.02000, 49.
1.03000, 52.
1.04000, 48.
1.05000, 54.
1.06000, 45.
1.07000, 54.
1.08000, 60.
1.09000, 43.
1.10000, 38.
1.11000, 46.
1.12000, 39.
1.13000, 53.
1.14000, 37.
1.15000, 51.
1.16000, 44.
1.17000, 35.
1.18000, 45.
1.19000, 45.
1.20000, 53.
1.21000, 57.
1.22000, 55.
1.23000, 67.
1.24000, 73.
1.25000, 73.
1.26000, 78.
1.27000, 75.
1.28000, 69.
1.29000, 55.
1.30000, 45.
1.31000, 54.
1.32000, 40.
1.33000, 49.
1.34000, 40.
1.35000, 45.
1.36000, 37.
1.37000, 35.
1.38000, 54.
1.39000, 60.
1.40000, 57.
1.41000, 99.
1.42000, 127.
1.43000, 193.
1.44000, 226.
1.45000, 246.
1.46000, 303.
1.47000, 380.
1.48000, 445.
1.49000, 408.
1.50000, 442.
1.51000, 389.
1.52000, 338.
1.53000, 307.
1.54000, 266.
1.55000, 189.
1.56000, 157.
1.57000, 120.
1.58000, 115.
1.59000, 95.
1.60000, 85.
1.61000, 77.
1.62000, 122.
1.63000, 149.
1.64000, 235.
1.65000, 390.
1.66000, 593.
1.67000, 910.
1.68000, 1318.
1.69000, 1904.
1.70000, 2414.
1.71000, 3070.
1.72000, 3717.
1.73000, 4256.
1.74000, 4445.
1.75000, 4541.
1.76000, 4209.
1.77000, 3848.
1.78000, 3278.
1.79000, 2700.
1.80000, 2077.
1.81000, 1612.
1.82000, 1174.
1.83000, 774.
1.84000, 586.
1.85000, 411.
1.86000, 320.
1.87000, 239.
1.88000, 178.
1.89000, 146.
1.90000, 127.
1.91000, 136.
1.92000, 128.
1.93000, 146.
1.94000, 156.
1.95000, 130.
1.96000, 157.
1.97000, 121.
1.98000, 138.
1.99000, 139.
2.00000, 122.
2.01000, 126.
2.02000, 110.
2.03000, 102.
2.04000, 72.
2.05000, 62.
2.06000, 68.
2.07000, 56.
2.08000, 56.
2.09000, 59.
2.10000, 39.
2.11000, 36.
2.12000, 49.
2.13000, 49.
2.14000, 48.
2.15000, 51.
2.16000, 61.
2.17000, 67.
2.18000, 72.
2.19000, 85.
2.20000, 149.
2.21000, 187.
2.22000, 257.
2.23000, 362.
2.24000, 521.
2.25000, 614.
2.26000, 830.
2.27000, 1026.
2.28000, 1295.
2.29000, 1370.
2.30000, 1514.
2.31000, 1563.
2.32000, 1527.
2.33000, 1425.
2.34000, 1269.
2.35000, 1105.
2.36000, 836.
2.37000, 691.
2.38000, 553.
2.39000, 419.
2.40000, 274.
2.41000, 210.
2.42000, 167.
2.43000, 145.
2.44000, 154.
2.45000, 149.
2.46000, 155.
2.47000, 178.
2.48000, 152.
2.49000, 127.
2.50000, 128.
2.51000, 121.
2.52000, 115.
2.53000, 86.
2.54000, 103.
2.55000, 93.
2.56000, 83.
2.57000, 108.
2.58000, 108.
2.59000, 128.
2.60000, 164.
2.61000, 191.
2.62000, 233.
2.63000, 259.
2.64000, 311.
2.65000, 351.
2.66000, 413.
2.67000, 422.
2.68000, 464.
2.69000, 492.
2.70000, 476.
2.71000, 490.
2.72000, 440.
2.73000, 443.
2.74000, 377.
2.75000, 385.
2.76000, 307.
2.77000, 331.
2.78000, 287.
2.79000, 333.
2.80000, 322.
2.81000, 334.
2.82000, 353.
2.83000, 400.
2.84000, 372.
2.85000, 351.
2.86000, 351.
2.87000, 331.
2.88000, 298.
2.89000, 294.
2.90000, 236.
2.91000, 215.
2.92000, 186.
2.93000, 177.
2.94000, 142.
2.95000, 136.
2.96000, 114.
2.97000, 104.
2.98000, 94.
2.99000, 83.
3.00000, 69.
3.01000, 74.
3.02000, 51.
3.03000, 67.
3.04000, 61.
3.05000, 63.
3.06000, 50.
3.07000, 50.
3.08000, 52.
3.09000, 38.
3.10000, 39.
3.11000, 31.
3.12000, 48.
3.13000, 47.
3.14000, 53.
3.15000, 46.
3.16000, 54.
3.17000, 49.
3.18000, 46.
3.19000, 63.
3.20000, 65.
3.21000, 70.
3.22000, 98.
3.23000, 146.
3.24000, 188.
3.25000, 209.
3.26000, 271.
3.27000, 318.
3.28000, 389.
3.29000, 430.
3.30000, 490.
3.31000, 508.
3.32000, 502.
3.33000, 507.
3.34000, 461.
3.35000, 457.
3.36000, 382.
3.37000, 324.
3.38000, 259.
3.39000, 198.
3.40000, 168.
3.41000, 120.
3.42000, 88.
3.43000, 89.
3.44000, 76.
3.45000, 60.
3.46000, 60.
3.47000, 53.
3.48000, 67.
3.49000, 76.
3.50000, 86.
3.51000, 101.
3.52000, 116.
3.53000, 156.
3.54000, 176.
3.55000, 264.
3.56000, 370.
3.57000, 482.
3.58000, 712.
3.59000, 1057.
3.60000, 1449.
3.61000, 1862.
3.62000, 2626.
3.63000, 3288.
3.64000, 4080.
3.65000, 5058.
3.66000, 5736.
3.67000, 6462.
3.68000, 7097.
3.69000, 7192.
3.70000, 7344.
3.71000, 6943.
3.72000, 6317.
3.73000, 5892.
3.74000, 4944.
3.75000, 4046.
3.76000, 3114.
3.77000, 2559.
3.78000, 1856.
3.79000, 1346.
3.80000, 883.
3.81000, 587.
3.82000, 384.
3.83000, 272.
3.84000, 207.
3.85000, 130.
3.86000, 115.
3.87000, 99.
3.88000, 118.
3.89000, 121.
3.90000, 171.
3.91000, 201.
3.92000, 229.
3.93000, 341.
3.94000, 392.
3.95000, 522.
3.96000, 632.
3.97000, 701.
3.98000, 770.
3.99000, 943.
4.00000, 1017.
4.01000, 1068.
4.02000, 1081.
4.03000, 1050.
4.04000, 962.
4.05000, 855.
4.06000, 809.
4.07000, 613.
4.08000, 531.
4.09000, 439.
4.10000, 315.
4.11000, 276.
4.12000, 158.
4.13000, 132.
4.14000, 102.
4.15000, 79.
4.16000, 53.
4.17000, 59.
4.18000, 35.
4.19000, 32.
4.20000, 40.
4.21000, 28.
4.22000, 24.
4.23000, 21.
4.24000, 23.
4.25000, 24.
4.26000, 28.
4.27000, 28.
4.28000, 28.
4.29000, 33.
4.30000, 27.
4.31000, 37.
4.32000, 31.
4.33000, 36.
4.34000, 22.
4.35000, 39.
4.36000, 28.
4.37000, 36.
4.38000, 39.
4.39000, 57.
4.40000, 71.
4.41000, 87.
4.42000, 106.
4.43000, 142.
4.44000, 193.
4.45000, 215.
4.46000, 252.
4.47000, 285.
4.48000, 272.
4.49000, 328.
4.50000, 344.
4.51000, 314.
4.52000, 360.
4.53000, 334.
4.54000, 322.
4.55000, 308.
4.56000, 228.
4.57000, 199.
4.58000, 182.
4.59000, 151.
4.60000, 124.
4.61000, 135.
4.62000, 114.
4.63000, 86.
4.64000, 97.
4.65000, 115.
4.66000, 57.
4.67000, 77.
4.68000, 89.
4.69000, 84.
4.70000, 60.
4.71000, 54.
4.72000, 56.
4.73000, 59.
4.74000, 37.
4.75000, 46.
4.76000, 44.
4.77000, 51.
4.78000, 54.
4.79000, 61.
4.80000, 57.
4.81000, 59.
4.82000, 59.
4.83000, 74.
4.84000, 59.
4.85000, 59.
4.86000, 68.
4.87000, 65.
4.88000, 88.
4.89000, 89.
4.90000, 68.
4.91000, 100.
4.92000, 91.
4.93000, 81.
4.94000, 86.
4.95000, 87.
4.96000, 76.
4.97000, 89.
4.98000, 78.
4.99000, 70.
5.00000, 72.
5.01000, 61.
5.02000, 48.
5.03000, 64.
5.04000, 54.
5.05000, 47.
5.06000, 33.
5.07000, 42.
5.08000, 35.
5.09000, 45.
5.10000, 56.
5.11000, 52.
5.12000, 51.
5.13000, 44.
5.14000, 43.
5.15000, 60.
5.16000, 35.
5.17000, 47.
5.18000, 26.
5.19000, 48.
5.20000, 45.
5.21000, 55.
5.22000, 52.
5.23000, 50.
5.24000, 50.
5.25000, 62.
5.26000, 50.
5.27000, 45.
5.28000, 48.
5.29000, 61.
5.30000, 57.
5.31000, 46.
5.32000, 66.
5.33000, 58.
5.34000, 53.
5.35000, 61.
5.36000, 65.
5.37000, 62.
5.38000, 69.
5.39000, 76.
5.40000, 71.
5.41000, 69.
5.42000, 59.
5.43000, 67.
5.44000, 57.
5.45000, 79.
5.46000, 70.
5.47000, 58.
5.48000, 61.
5.49000, 55.
5.50000, 67.
5.51000, 56.
5.52000, 70.
5.53000, 52.
5.54000, 49.
5.55000, 51.
5.56000, 58.
5.57000, 52.
5.58000, 54.
5.59000, 43.
5.60000, 60.
5.61000, 53.
5.62000, 57.
5.63000, 60.
5.64000, 48.
5.65000, 63.
5.66000, 65.
5.67000, 64.
5.68000, 65.
5.69000, 64.
5.70000, 50.
5.71000, 54.
5.72000, 50.
5.73000, 52.
5.74000, 50.
5.75000, 62.
5.76000, 77.
5.77000, 66.
5.78000, 90.
5.79000, 84.
5.80000, 92.
5.81000, 118.
5.82000, 138.
5.83000, 166.
5.84000, 182.
5.85000, 160.
5.86000, 190.
5.87000, 244.
5.88000, 211.
5.89000, 235.
5.90000, 245.
5.91000, 232.
5.92000, 225.
5.93000, 227.
5.94000, 208.
5.95000, 175.
5.96000, 170.
5.97000, 135.
5.98000, 128.
5.99000, 131.
6.00000, 113.
6.01000, 96.
6.02000, 96.
6.03000, 88.
6.04000, 99.
6.05000, 64.
6.06000, 66.
6.07000, 69.
6.08000, 77.
6.09000, 69.
6.10000, 82.
6.11000, 83.
6.12000, 77.
6.13000, 89.
6.14000, 85.
6.15000, 73.
6.16000, 93.
6.17000, 103.
6.18000, 95.
6.19000, 124.
6.20000, 136.
6.21000, 196.
6.22000, 251.
6.23000, 345.
6.24000, 428.
6.25000, 655.
6.26000, 846.
6.27000, 1213.
6.28000, 1498.
6.29000, 2052.
6.30000, 2758.
6.31000, 3369.
6.32000, 4283.
6.33000, 5281.
6.34000, 6194.
6.35000, 7136.
6.36000, 8012.
6.37000, 8725.
6.38000, 9375.
6.39000, 9549.
6.40000, 9782.
6.41000, 9869.
6.42000, 9168.
6.43000, 8594.
6.44000, 7902.
6.45000, 7013.
6.46000, 6109.
6.47000, 5177.
6.48000, 4153.
6.49000, 3360.
6.50000, 2680.
6.51000, 1974.
6.52000, 1557.
6.53000, 1103.
6.54000, 820.
6.55000, 567.
6.56000, 422.
6.57000, 332.
6.58000, 226.
6.59000, 188.
6.60000, 141.
6.61000, 122.
6.62000, 106.
6.63000, 95.
6.64000, 84.
6.65000, 115.
6.66000, 99.
6.67000, 81.
6.68000, 86.
6.69000, 95.
6.70000, 72.
6.71000, 81.
6.72000, 98.
6.73000, 95.
6.74000, 101.
6.75000, 86.
6.76000, 94.
6.77000, 94.
6.78000, 101.
6.79000, 97.
6.80000, 85.
6.81000, 93.
6.82000, 97.
6.83000, 125.
6.84000, 111.
6.85000, 118.
6.86000, 138.
6.87000, 159.
6.88000, 161.
6.89000, 177.
6.90000, 228.
6.91000, 234.
6.92000, 258.
6.93000, 376.
6.94000, 406.
6.95000, 534.
6.96000, 619.
6.97000, 800.
6.98000, 874.
6.99000, 1026.
7.00000, 1126.
7.01000, 1365.
7.02000, 1468.
7.03000, 1543.
7.04000, 1627.
7.05000, 1596.
7.06000, 1576.
7.07000, 1524.
7.08000, 1530.
7.09000, 1413.
7.10000, 1228.
7.11000, 1114.
7.12000, 995.
7.13000, 797.
7.14000, 717.
7.15000, 589.
7.16000, 468.
7.17000, 362.
7.18000, 299.
7.19000, 219.
7.20000, 168.
7.21000, 128.
7.22000, 137.
7.23000, 83.
7.24000, 100.
7.25000, 88.
7.26000, 84.
7.27000, 91.
7.28000, 91.
7.29000, 86.
7.30000, 89.
7.31000, 63.
7.32000, 88.
7.33000, 75.
7.34000, 72.
7.35000, 59.
7.36000, 87.
7.37000, 74.
7.38000, 78.
7.39000, 85.
7.40000, 80.
7.41000, 86.
7.42000, 68.
7.43000, 71.
7.44000, 88.
7.45000, 92.
7.46000, 82.
7.47000, 77.
7.48000, 99.
7.49000, 74.
7.50000, 74.
7.51000, 88.
7.52000, 97.
7.53000, 84.
7.54000, 69.
7.55000, 88.
7.56000, 71.
7.57000, 94.
7.58000, 71.
7.59000, 73.
7.60000, 74.
7.61000, 71.
7.62000, 68.
7.63000, 72.
7.64000, 81.
7.65000, 84.
7.66000, 69.
7.67000, 77.
7.68000, 75.
7.69000, 68.
7.70000, 61.
7.71000, 88.
7.72000, 76.
7.73000, 71.
7.74000, 69.
7.75000, 71.
7.76000, 85.
7.77000, 79.
7.78000, 77.
7.79000, 97.
7.80000, 79.
7.81000, 75.
7.82000, 87.
7.83000, 64.
7.84000, 87.
7.85000, 88.
7.86000, 95.
7.87000, 89.
7.88000, 88.
7.89000, 86.
7.90000, 80.
7.91000, 94.
7.92000, 101.
7.93000, 105.
7.94000, 95.
7.95000, 120.
7.96000, 107.
7.97000, 116.
7.98000, 121.
7.99000, 107.
8.00000, 116.
8.01000, 131.
8.02000, 131.
8.03000, 138.
8.04000, 121.
8.05000, 135.
8.06000, 124.
8.07000, 121.
8.08000, 121.
8.09000, 119.
8.10000, 146.
8.11000, 135.
8.12000, 139.
8.13000, 135.
8.14000, 116.
8.15000, 106.
8.16000, 120.
8.17000, 118.
8.18000, 110.
8.19000, 135.
8.20000, 130.
8.21000, 126.
8.22000, 100.
8.23000, 117.
8.24000, 112.
8.25000, 117.
8.26000, 113.
8.27000, 83.
8.28000, 107.
8.29000, 94.
8.30000, 132.
8.31000, 112.
8.32000, 110.
8.33000, 108.
8.34000, 125.
8.35000, 112.
8.36000, 105.
8.37000, 134.
8.38000, 92.
8.39000, 113.
8.40000, 106.
8.41000, 99.
8.42000, 113.
8.43000, 119.
8.44000, 121.
8.45000, 107.
8.46000, 131.
8.47000, 112.
8.48000, 128.
8.49000, 134.
8.50000, 134.
8.51000, 166.
8.52000, 164.
8.53000, 160.
8.54000, 188.
8.55000, 188.
8.56000, 224.
8.57000, 262.
8.58000, 239.
8.59000, 260.
8.60000, 264.
8.61000, 274.
8.62000, 281.
8.63000, 313.
8.64000, 291.
8.65000, 274.
8.66000, 288.
8.67000, 256.
8.68000, 261.
8.69000, 218.
8.70000, 229.
8.71000, 228.
8.72000, 207.
8.73000, 186.
8.74000, 171.
8.75000, 154.
8.76000, 165.
8.77000, 130.
8.78000, 124.
8.79000, 121.
8.80000, 124.
8.81000, 123.
8.82000, 99.
8.83000, 101.
8.84000, 116.
8.85000, 115.
8.86000, 127.
8.87000, 107.
8.88000, 129.
8.89000, 144.
8.90000, 108.
8.91000, 113.
8.92000, 92.
8.93000, 109.
8.94000, 129.
8.95000, 115.
8.96000, 123.
8.97000, 119.
8.98000, 113.
8.99000, 108.
9.00000, 102.
9.01000, 133.
9.02000, 123.
9.03000, 115.
9.04000, 99.
9.05000, 129.
9.06000, 105.
9.07000, 124.
9.08000, 107.
9.09000, 124.
9.10000, 113.
9.11000, 114.
9.12000, 150.
9.13000, 135.
9.14000, 133.
9.15000, 121.
9.16000, 113.
9.17000, 123.
9.18000, 139.
9.19000, 135.
9.20000, 131.
9.21000, 132.
9.22000, 123.
9.23000, 142.
9.24000, 134.
9.25000, 135.
9.26000, 127.
9.27000, 126.
9.28000, 147.
9.29000, 130.
9.30000, 121.
9.31000, 128.
9.32000, 132.
9.33000, 128.
9.34000, 132.
9.35000, 143.
9.36000, 133.
9.37000, 137.
9.38000, 137.
9.39000, 119.
9.40000, 125.
9.41000, 117.
9.42000, 142.
9.43000, 147.
9.44000, 149.
9.45000, 151.
9.46000, 133.
9.47000, 144.
9.48000, 137.
9.49000, 160.
9.50000, 132.
9.51000, 151.
9.52000, 147.
9.53000, 180.
9.54000, 164.
9.55000, 165.
9.56000, 151.
9.57000, 186.
9.58000, 157.
9.59000, 166.
9.60000, 135.
9.61000, 166.
9.62000, 151.
9.63000, 137.
9.64000, 162.
9.65000, 157.
9.66000, 115.
9.67000, 143.
9.68000, 136.
9.69000, 157.
9.70000, 166.
9.71000, 147.
9.72000, 147.
9.73000, 128.
9.74000, 143.
9.75000, 143.
9.76000, 163.
9.77000, 139.
9.78000, 146.
9.79000, 123.
9.80000, 128.
9.81000, 141.
9.82000, 124.
9.83000, 128.
9.84000, 128.
9.85000, 113.
9.86000, 126.
9.87000, 125.
9.88000, 126.
9.89000, 144.
9.90000, 107.
9.91000, 125.
9.92000, 134.
9.93000, 139.
9.94000, 127.
9.95000, 138.
9.96000, 142.
9.97000, 122.
9.98000, 119.
9.99000, 123.
10.00000, 131.
10.01000, 144.
10.02000, 156.
10.03000, 132.
10.04000, 177.
10.05000, 133.
10.06000, 158.
10.07000, 162.
10.08000, 134.
10.09000, 162.
10.10000, 147.
10.11000, 146.
10.12000, 136.
10.13000, 159.
10.14000, 151.
10.15000, 174.
10.16000, 120.
10.17000, 182.
10.18000, 138.
10.19000, 164.
10.20000, 160.
10.21000, 141.
10.22000, 124.
10.23000, 146.
10.24000, 145.
10.25000, 122.
10.26000, 125.
10.27000, 138.
10.28000, 177.
10.29000, 128.
10.30000, 162.
10.31000, 131.
10.32000, 150.
10.33000, 134.
10.34000, 146.
10.35000, 130.
10.36000, 146.
10.37000, 154.
10.38000, 161.
10.39000, 153.
10.40000, 153.
10.41000, 157.
10.42000, 155.
10.43000, 184.
10.44000, 156.
10.45000, 203.
10.46000, 171.
10.47000, 155.
10.48000, 177.
10.49000, 169.
10.50000, 181.
10.51000, 199.
10.52000, 195.
10.53000, 217.
10.54000, 186.
10.55000, 203.
10.56000, 186.
10.57000, 193.
10.58000, 190.
10.59000, 169.
10.60000, 189.
10.61000, 179.
10.62000, 182.
10.63000, 164.
10.64000, 183.
10.65000, 158.
10.66000, 150.
10.67000, 136.
10.68000, 138.
10.69000, 157.
10.70000, 127.
10.71000, 137.
10.72000, 146.
10.73000, 144.
10.74000, 156.
10.75000, 168.
10.76000, 148.
10.77000, 149.
10.78000, 153.
10.79000, 150.
10.80000, 131.
10.81000, 152.
10.82000, 162.
10.83000, 168.
10.84000, 167.
10.85000, 126.
10.86000, 137.
10.87000, 171.
10.88000, 149.
10.89000, 122.
10.90000, 149.
10.91000, 155.
10.92000, 141.
10.93000, 135.
10.94000, 163.
10.95000, 144.
10.96000, 173.
10.97000, 145.
10.98000, 151.
10.99000, 141.
11.00000, 158.
11.01000, 154.
11.02000, 162.
11.03000, 141.
11.04000, 151.
11.05000, 139.
11.06000, 139.
11.07000, 163.
11.08000, 140.
11.09000, 163.
11.10000, 158.
11.11000, 149.
11.12000, 148.
11.13000, 165.
11.14000, 153.
11.15000, 157.
11.16000, 132.
11.17000, 136.
11.18000, 165.
11.19000, 149.
11.20000, 158.
11.21000, 144.
11.22000, 158.
11.23000, 140.
11.24000, 154.
11.25000, 154.
11.26000, 154.
11.27000, 163.
11.28000, 162.
11.29000, 172.
11.30000, 140.
11.31000, 177.
11.32000, 142.
11.33000, 156.
11.34000, 156.
11.35000, 173.
11.36000, 159.
11.37000, 161.
11.38000, 164.
11.39000, 157.
11.40000, 186.
11.41000, 148.
11.42000, 171.
11.43000, 161.
11.44000, 171.
11.45000, 170.
11.46000, 166.
11.47000, 171.
11.48000, 149.
11.49000, 160.
11.50000, 167.
11.51000, 161.
11.52000, 169.
11.53000, 137.
11.54000, 188.
11.55000, 154.
11.56000, 166.
11.57000, 125.
11.58000, 165.
11.59000, 156.
11.60000, 176.
11.61000, 166.
11.62000, 156.
11.63000, 159.
11.64000, 173.
11.65000, 152.
11.66000, 170.
11.67000, 156.
11.68000, 183.
11.69000, 187.
11.70000, 179.
11.71000, 157.
11.72000, 167.
11.73000, 146.
11.74000, 158.
11.75000, 148.
11.76000, 152.
11.77000, 183.
11.78000, 158.
11.79000, 159.
11.80000, 144.
11.81000, 173.
11.82000, 161.
11.83000, 151.
11.84000, 156.
11.85000, 167.
11.86000, 185.
11.87000, 165.
11.88000, 149.
11.89000, 155.
11.90000, 193.
11.91000, 179.
11.92000, 204.
11.93000, 196.
11.94000, 179.
11.95000, 178.
11.96000, 159.
11.97000, 167.
11.98000, 172.
11.99000, 160.
12.00000, 156.
12.01000, 169.
12.02000, 139.
12.03000, 153.
12.04000, 171.
12.05000, 164.
12.06000, 165.
12.07000, 161.
12.08000, 176.
12.09000, 171.
12.10000, 186.
12.11000, 189.
12.12000, 149.
12.13000, 155.
12.14000, 160.
12.15000, 162.
12.16000, 156.
12.17000, 163.
12.18000, 146.
12.19000, 143.
12.20000, 162.
12.21000, 194.
12.22000, 157.
12.23000, 176.
12.24000, 186.
12.25000, 153.
12.26000, 160.
12.27000, 161.
12.28000, 165.
12.29000, 154.
12.30000, 146.
12.31000, 160.
12.32000, 156.
12.33000, 166.
12.34000, 177.
12.35000, 171.
12.36000, 162.
12.37000, 169.
12.38000, 151.
12.39000, 156.
12.40000, 180.
12.41000, 178.
12.42000, 172.
12.43000, 178.
12.44000, 175.
12.45000, 157.
12.46000, 172.
12.47000, 152.
12.48000, 177.
12.49000, 168.
12.50000, 177.
12.51000, 168.
12.52000, 188.
12.53000, 181.
12.54000, 199.
12.55000, 165.
12.56000, 185.
12.57000, 177.
12.58000, 202.
12.59000, 194.
12.60000, 187.
12.61000, 184.
12.62000, 194.
12.63000, 192.
12.64000, 196.
12.65000, 199.
12.66000, 186.
12.67000, 186.
12.68000, 161.
12.69000, 174.
12.70000, 191.
12.71000, 170.
12.72000, 205.
12.73000, 205.
12.74000, 202.
12.75000, 172.
12.76000, 178.
12.77000, 184.
12.78000, 174.
12.79000, 176.
12.80000, 182.
12.81000, 185.
12.82000, 179.
12.83000, 168.
12.84000, 171.
12.85000, 165.
12.86000, 189.
12.87000, 177.
12.88000, 172.
12.89000, 177.
12.90000, 183.
12.91000, 192.
12.92000, 195.
12.93000, 184.
12.94000, 151.
12.95000, 167.
12.96000, 179.
12.97000, 154.
12.98000, 167.
12.99000, 170.
13.00000, 153.
13.01000, 163.
13.02000, 185.
13.03000, 187.
13.04000, 189.
13.05000, 187.
13.06000, 166.
13.07000, 198.
13.08000, 162.
13.09000, 164.
13.10000, 159.
13.11000, 158.
13.12000, 169.
13.13000, 183.
13.14000, 146.
13.15000, 172.
13.16000, 177.
13.17000, 168.
13.18000, 168.
13.19000, 178.
13.20000, 182.
13.21000, 170.
13.22000, 179.
13.23000, 165.
13.24000, 175.
13.25000, 177.
13.26000, 179.
13.27000, 203.
13.28000, 190.
13.29000, 199.
13.30000, 222.
13.31000, 185.
13.32000, 191.
13.33000, 201.
13.34000, 190.
13.35000, 188.
13.36000, 206.
13.37000, 210.
13.38000, 200.
13.39000, 220.
13.40000, 209.
13.41000, 192.
13.42000, 178.
13.43000, 170.
13.44000, 227.
13.45000, 177.
13.46000, 183.
13.47000, 172.
13.48000, 183.
13.49000, 184.
13.50000, 190.
13.51000, 177.
13.52000, 150.
13.53000, 189.
13.54000, 189.
13.55000, 176.
13.56000, 183.
13.57000, 172.
13.58000, 175.
13.59000, 167.
13.60000, 181.
13.61000, 165.
13.62000, 146.
13.63000, 179.
13.64000, 191.
13.65000, 184.
13.66000, 168.
13.67000, 164.
13.68000, 173.
13.69000, 173.
13.70000, 165.
13.71000, 163.
13.72000, 175.
13.73000, 180.
13.74000, 160.
13.75000, 184.
13.76000, 179.
13.77000, 181.
13.78000, 172.
13.79000, 172.
13.80000, 193.
13.81000, 157.
13.82000, 163.
13.83000, 148.
13.84000, 179.
13.85000, 159.
13.86000, 188.
13.87000, 182.
13.88000, 184.
13.89000, 198.
13.90000, 175.
13.91000, 157.
13.92000, 177.
13.93000, 201.
13.94000, 210.
13.95000, 222.
13.96000, 216.
13.97000, 238.
13.98000, 235.
13.99000, 274.
14.00000, 287.
14.01000, 293.
14.02000, 332.
14.03000, 320.
14.04000, 360.
14.05000, 366.
14.06000, 372.
14.07000, 409.
14.08000, 442.
14.09000, 479.
14.10000, 471.
14.11000, 455.
14.12000, 483.
14.13000, 506.
14.14000, 474.
14.15000, 471.
14.16000, 427.
14.17000, 433.
14.18000, 404.
14.19000, 403.
14.20000, 372.
14.21000, 393.
14.22000, 343.
14.23000, 330.
14.24000, 316.
14.25000, 274.
14.26000, 262.
14.27000, 253.
14.28000, 244.
14.29000, 193.
14.30000, 192.
14.31000, 175.
14.32000, 209.
14.33000, 176.
14.34000, 195.
14.35000, 183.
14.36000, 192.
14.37000, 190.
14.38000, 169.
14.39000, 162.
14.40000, 165.
14.41000, 152.
14.42000, 185.
14.43000, 177.
14.44000, 133.
14.45000, 186.
14.46000, 165.
14.47000, 158.
14.48000, 168.
14.49000, 139.
14.50000, 193.
14.51000, 166.
14.52000, 144.
14.53000, 170.
14.54000, 164.
14.55000, 152.
14.56000, 164.
14.57000, 173.
14.58000, 175.
14.59000, 168.
14.60000, 152.
14.61000, 184.
14.62000, 181.
14.63000, 167.
14.64000, 187.
14.65000, 185.
14.66000, 175.
14.67000, 158.
14.68000, 166.
14.69000, 170.
14.70000, 171.
14.71000, 175.
14.72000, 172.
14.73000, 152.
14.74000, 174.
14.75000, 154.
14.76000, 148.
14.77000, 165.
14.78000, 169.
14.79000, 170.
14.80000, 179.
14.81000, 166.
14.82000, 199.
14.83000, 169.
14.84000, 179.
14.85000, 197.
14.86000, 209.
14.87000, 192.
14.88000, 178.
14.89000, 190.
14.90000, 172.
14.91000, 203.
14.92000, 188.
14.93000, 190.
14.94000, 209.
14.95000, 176.
14.96000, 180.
14.97000, 174.
14.98000, 187.
14.99000, 175.
15.00000, 188.
15.01000, 183.
15.02000, 176.
15.03000, 190.
15.04000, 162.
15.05000, 160.
15.06000, 164.
15.07000, 179.
15.08000, 197.
15.09000, 178.
15.10000, 178.
15.11000, 201.
15.12000, 158.
15.13000, 168.
15.14000, 147.
15.15000, 181.
15.16000, 160.
15.17000, 165.
15.18000, 167.
15.19000, 185.
15.20000, 170.
15.21000, 158.
15.22000, 164.
15.23000, 194.
15.24000, 143.
15.25000, 170.
15.26000, 165.
15.27000, 163.
15.28000, 168.
15.29000, 160.
15.30000, 165.
15.31000, 165.
15.32000, 158.
15.33000, 167.
15.34000, 161.
15.35000, 164.
15.36000, 188.
15.37000, 153.
15.38000, 145.
15.39000, 151.
15.40000, 162.
15.41000, 178.
15.42000, 174.
15.43000, 166.
15.44000, 177.
15.45000, 186.
15.46000, 181.
15.47000, 177.
15.48000, 145.
15.49000, 160.
15.50000, 160.
15.51000, 186.
15.52000, 190.
15.53000, 187.
15.54000, 187.
15.55000, 195.
15.56000, 209.
15.57000, 197.
15.58000, 223.
15.59000, 238.
15.60000, 274.
15.61000, 240.
15.62000, 276.
15.63000, 271.
15.64000, 280.
15.65000, 284.
15.66000, 310.
15.67000, 317.
15.68000, 351.
15.69000, 361.
15.70000, 371.
15.71000, 346.
15.72000, 411.
15.73000, 353.
15.74000, 366.
15.75000, 371.
15.76000, 383.
15.77000, 365.
15.78000, 351.
15.79000, 372.
15.80000, 297.
15.81000, 351.
15.82000, 332.
15.83000, 320.
15.84000, 329.
15.85000, 295.
15.86000, 299.
15.87000, 279.
15.88000, 223.
15.89000, 265.
15.90000, 212.
15.91000, 217.
15.92000, 202.
15.93000, 184.
15.94000, 220.
15.95000, 162.
15.96000, 163.
15.97000, 188.
15.98000, 182.
15.99000, 175.
16.00000, 189.
16.01000, 182.
16.02000, 156.
16.03000, 165.
16.04000, 151.
16.05000, 173.
16.06000, 165.
16.07000, 185.
16.08000, 171.
16.09000, 171.
16.10000, 188.
16.11000, 157.
16.12000, 159.
16.13000, 171.
16.14000, 154.
16.15000, 187.
16.16000, 189.
16.17000, 154.
16.18000, 160.
16.19000, 172.
16.20000, 176.
16.21000, 172.
16.22000, 155.
16.23000, 150.
16.24000, 177.
16.25000, 148.
16.26000, 164.
16.27000, 165.
16.28000, 131.
16.29000, 166.
16.30000, 159.
16.31000, 182.
16.32000, 179.
16.33000, 166.
16.34000, 169.
16.35000, 168.
16.36000, 167.
16.37000, 168.
16.38000, 162.
16.39000, 164.
16.40000, 182.
16.41000, 172.
16.42000, 179.
16.43000, 172.
16.44000, 149.
16.45000, 173.
16.46000, 166.
16.47000, 152.
16.48000, 163.
16.49000, 182.
16.50000, 182.
16.51000, 168.
16.52000, 163.
16.53000, 158.
16.54000, 174.
16.55000, 162.
16.56000, 158.
16.57000, 187.
16.58000, 185.
16.59000, 170.
16.60000, 174.
16.61000, 166.
16.62000, 191.
16.63000, 188.
16.64000, 210.
16.65000, 190.
16.66000, 164.
16.67000, 183.
16.68000, 179.
16.69000, 153.
16.70000, 181.
16.71000, 162.
16.72000, 145.
16.73000, 168.
16.74000, 157.
16.75000, 185.
16.76000, 165.
16.77000, 150.
16.78000, 155.
16.79000, 175.
16.80000, 165.
16.81000, 169.
16.82000, 181.
16.83000, 166.
16.84000, 160.
16.85000, 166.
16.86000, 161.
16.87000, 165.
16.88000, 185.
16.89000, 168.
16.90000, 183.
16.91000, 157.
16.92000, 163.
16.93000, 152.
16.94000, 157.
16.95000, 168.
16.96000, 155.
16.97000, 188.
16.98000, 153.
16.99000, 164.
17.00000, 183.
17.01000, 183.
17.02000, 165.
17.03000, 188.
17.04000, 156.
17.05000, 178.
17.06000, 169.
17.07000, 176.
17.08000, 194.
17.09000, 184.
17.10000, 178.
17.11000, 176.
17.12000, 186.
17.13000, 172.
17.14000, 187.
17.15000, 183.
17.16000, 195.
17.17000, 195.
17.18000, 167.
17.19000, 161.
17.20000, 171.
17.21000, 170.
17.22000, 180.
17.23000, 173.
17.24000, 189.
17.25000, 174.
17.26000, 193.
17.27000, 172.
17.28000, 171.
17.29000, 168.
17.30000, 176.
17.31000, 160.
17.32000, 173.
17.33000, 184.
17.34000, 184.
17.35000, 193.
17.36000, 205.
17.37000, 164.
17.38000, 194.
17.39000, 201.
17.40000, 185.
17.41000, 177.
17.42000, 205.
17.43000, 166.
17.44000, 194.
17.45000, 201.
17.46000, 193.
17.47000, 203.
17.48000, 201.
17.49000, 199.
17.50000, 175.
17.51000, 221.
17.52000, 213.
17.53000, 202.
17.54000, 207.
17.55000, 177.
17.56000, 223.
17.57000, 215.
17.58000, 254.
17.59000, 218.
17.60000, 188.
17.61000, 208.
17.62000, 208.
17.63000, 229.
17.64000, 212.
17.65000, 222.
17.66000, 248.
17.67000, 218.
17.68000, 231.
17.69000, 228.
17.70000, 239.
17.71000, 210.
17.72000, 213.
17.73000, 223.
17.74000, 191.
17.75000, 231.
17.76000, 227.
17.77000, 241.
17.78000, 208.
17.79000, 205.
17.80000, 202.
17.81000, 207.
17.82000, 201.
17.83000, 225.
17.84000, 229.
17.85000, 232.
17.86000, 211.
17.87000, 224.
17.88000, 221.
17.89000, 219.
17.90000, 220.
17.91000, 205.
17.92000, 229.
17.93000, 235.
17.94000, 228.
17.95000, 229.
17.96000, 225.
17.97000, 247.
17.98000, 226.
17.99000, 276.
18.00000, 254.
18.01000, 249.
18.02000, 254.
18.03000, 257.
18.04000, 236.
18.05000, 247.
18.06000, 258.
18.07000, 228.
18.08000, 231.
18.09000, 271.
18.10000, 249.
18.11000, 272.
18.12000, 274.
18.13000, 286.
18.14000, 297.
18.15000, 289.
18.16000, 255.
18.17000, 326.
18.18000, 276.
18.19000, 289.
18.20000, 272.
18.21000, 301.
18.22000, 316.
18.23000, 302.
18.24000, 314.
18.25000, 339.
18.26000, 325.
18.27000, 375.
18.28000, 341.
18.29000, 351.
18.30000, 342.
18.31000, 363.
18.32000, 367.
18.33000, 396.
18.34000, 406.
18.35000, 395.
18.36000, 408.
18.37000, 441.
18.38000, 448.
18.39000, 483.
18.40000, 453.
18.41000, 493.
18.42000, 533.
18.43000, 501.
18.44000, 541.
18.45000, 524.
18.46000, 579.
18.47000, 564.
18.48000, 608.
18.49000, 641.
18.50000, 647.
18.51000, 619.
18.52000, 656.
18.53000, 686.
18.54000, 743.
18.55000, 726.
18.56000, 757.
18.57000, 755.
18.58000, 773.
18.59000, 788.
18.60000, 864.
18.61000, 870.
18.62000, 840.
18.63000, 882.
18.64000, 871.
18.65000, 903.
18.66000, 907.
18.67000, 943.
18.68000, 966.
18.69000, 987.
18.70000, 988.
18.71000, 981.
18.72000, 1076.
18.73000, 1021.
18.74000, 1123.
18.75000, 1048.
18.76000, 1067.
18.77000, 1045.
18.78000, 966.
18.79000, 1075.
18.80000, 972.
18.81000, 994.
18.82000, 1054.
18.83000, 1053.
18.84000, 1038.
18.85000, 1051.
18.86000, 1048.
18.87000, 1005.
18.88000, 1002.
18.89000, 975.
18.90000, 978.
18.91000, 940.
18.92000, 955.
18.93000, 963.
18.94000, 938.
18.95000, 919.
18.96000, 931.
18.97000, 907.
18.98000, 903.
18.99000, 874.
19.00000, 855.
19.01000, 848.
19.02000, 742.
19.03000, 757.
19.04000, 742.
19.05000, 742.
19.06000, 727.
19.07000, 666.
19.08000, 693.
19.09000, 660.
19.10000, 611.
19.11000, 599.
19.12000, 603.
19.13000, 607.
19.14000, 555.
19.15000, 561.
19.16000, 562.
19.17000, 491.
19.18000, 472.
19.19000, 454.
19.20000, 456.
19.21000, 458.
19.22000, 464.
19.23000, 426.
19.24000, 432.
19.25000, 387.
19.26000, 380.
19.27000, 384.
19.28000, 364.
19.29000, 363.
19.30000, 387.
19.31000, 344.
19.32000, 361.
19.33000, 315.
19.34000, 333.
19.35000, 336.
19.36000, 310.
19.37000, 312.
19.38000, 318.
19.39000, 322.
19.40000, 304.
19.41000, 267.
19.42000, 280.
19.43000, 252.
19.44000, 282.
19.45000, 275.
19.46000, 275.
19.47000, 254.
19.48000, 275.
19.49000, 265.
19.50000, 278.
19.51000, 240.
19.52000, 268.
19.53000, 243.
19.54000, 244.
19.55000, 264.
19.56000, 235.
19.57000, 267.
19.58000, 233.
19.59000, 215.
19.60000, 201.
19.61000, 208.
19.62000, 209.
19.63000, 208.
19.64000, 207.
19.65000, 232.
19.66000, 195.
19.67000, 199.
19.68000, 190.
19.69000, 214.
19.70000, 191.
19.71000, 201.
19.72000, 192.
19.73000, 209.
19.74000, 196.
19.75000, 197.
19.76000, 164.
19.77000, 190.
19.78000, 190.
19.79000, 207.
19.80000, 192.
19.81000, 204.
19.82000, 214.
19.83000, 210.
19.84000, 171.
19.85000, 200.
19.86000, 221.
19.87000, 202.
19.88000, 204.
19.89000, 239.
19.90000, 247.
19.91000, 256.
19.92000, 281.
19.93000, 277.
19.94000, 321.
19.95000, 313.
19.96000, 328.
19.97000, 336.
19.98000, 377.
19.99000, 361.
20.00000, 375.
20.01000, 422.
20.02000, 413.
20.03000, 454.
20.04000, 485.
20.05000, 540.
20.06000, 455.
20.07000, 530.
20.08000, 573.
20.09000, 531.
20.10000, 531.
20.11000, 589.
20.12000, 555.
20.13000, 590.
20.14000, 601.
20.15000, 599.
20.16000, 599.
20.17000, 625.
20.18000, 561.
20.19000, 565.
20.20000, 594.
20.21000, 504.
20.22000, 512.
20.23000, 501.
20.24000, 437.
20.25000, 424.
20.26000, 445.
20.27000, 396.
20.28000, 416.
20.29000, 369.
20.30000, 368.
20.31000, 331.
20.32000, 309.
20.33000, 271.
20.34000, 271.
20.35000, 251.
20.36000, 200.
20.37000, 245.
20.38000, 231.
20.39000, 193.
20.40000, 184.
20.41000, 165.
20.42000, 185.
20.43000, 187.
20.44000, 172.
20.45000, 178.
20.46000, 194.
20.47000, 187.
20.48000, 170.
20.49000, 169.
20.50000, 172.
20.51000, 145.
20.52000, 168.
20.53000, 186.
20.54000, 213.
20.55000, 198.
20.56000, 186.
20.57000, 164.
20.58000, 195.
20.59000, 184.
20.60000, 187.
20.61000, 216.
20.62000, 208.
20.63000, 214.
20.64000, 193.
20.65000, 194.
20.66000, 223.
20.67000, 211.
20.68000, 212.
20.69000, 212.
20.70000, 214.
20.71000, 178.
20.72000, 232.
20.73000, 224.
20.74000, 224.
20.75000, 245.
20.76000, 240.
20.77000, 221.
20.78000, 209.
20.79000, 232.
20.80000, 257.
20.81000, 235.
20.82000, 283.
20.83000, 227.
20.84000, 264.
20.85000, 216.
20.86000, 267.
20.87000, 290.
20.88000, 253.
20.89000, 266.
20.90000, 289.
20.91000, 263.
20.92000, 268.
20.93000, 272.
20.94000, 261.
20.95000, 275.
20.96000, 240.
20.97000, 243.
20.98000, 229.
20.99000, 304.
21.00000, 274.
21.01000, 285.
21.02000, 293.
21.03000, 264.
21.04000, 263.
21.05000, 255.
21.06000, 269.
21.07000, 281.
21.08000, 271.
21.09000, 273.
21.10000, 287.
21.11000, 262.
21.12000, 317.
21.13000, 254.
21.14000, 257.
21.15000, 261.
21.16000, 245.
21.17000, 285.
21.18000, 255.
21.19000, 254.
21.20000, 277.
21.21000, 247.
21.22000, 257.
21.23000, 251.
21.24000, 231.
21.25000, 240.
21.26000, 228.
21.27000, 215.
21.28000, 220.
21.29000, 252.
21.30000, 221.
21.31000, 209.
21.32000, 173.
21.33000, 185.
21.34000, 220.
21.35000, 210.
21.36000, 194.
21.37000, 209.
21.38000, 181.
21.39000, 172.
21.40000, 196.
21.41000, 174.
21.42000, 189.
21.43000, 171.
21.44000, 171.
21.45000, 159.
21.46000, 187.
21.47000, 190.
21.48000, 174.
21.49000, 141.
21.50000, 160.
21.51000, 162.
21.52000, 161.
21.53000, 149.
21.54000, 168.
21.55000, 132.
21.56000, 170.
21.57000, 150.
21.58000, 139.
21.59000, 166.
21.60000, 139.
21.61000, 132.
21.62000, 167.
21.63000, 140.
21.64000, 146.
21.65000, 146.
21.66000, 136.
21.67000, 147.
21.68000, 106.
21.69000, 135.
21.70000, 154.
21.71000, 134.
21.72000, 136.
21.73000, 117.
21.74000, 139.
21.75000, 113.
21.76000, 116.
21.77000, 116.
21.78000, 129.
21.79000, 113.
21.80000, 115.
21.81000, 123.
21.82000, 138.
21.83000, 108.
21.84000, 116.
21.85000, 105.
21.86000, 121.
21.87000, 120.
21.88000, 117.
21.89000, 112.
21.90000, 84.
21.91000, 117.
21.92000, 107.
21.93000, 107.
21.94000, 108.
21.95000, 91.
21.96000, 93.
21.97000, 98.
21.98000, 105.
21.99000, 105.
22.00000, 104.
22.01000, 91.
22.02000, 105.
22.03000, 88.
22.04000, 110.
22.05000, 102.
22.06000, 107.
22.07000, 90.
22.08000, 121.
22.09000, 98.
22.10000, 120.
22.11000, 99.
22.12000, 82.
22.13000, 116.
22.14000, 110.
22.15000, 90.
22.16000, 99.
22.17000, 84.
22.18000, 105.
22.19000, 111.
22.20000, 83.
22.21000, 111.
22.22000, 113.
22.23000, 69.
22.24000, 101.
22.25000, 106.
22.26000, 84.
22.27000, 78.
22.28000, 100.
22.29000, 111.
22.30000, 101.
22.31000, 98.
22.32000, 99.
22.33000, 114.
22.34000, 91.
22.35000, 95.
22.36000, 96.
22.37000, 96.
22.38000, 108.
22.39000, 97.
22.40000, 84.
22.41000, 90.
22.42000, 112.
22.43000, 95.
22.44000, 88.
22.45000, 86.
22.46000, 97.
22.47000, 99.
22.48000, 101.
22.49000, 107.
22.50000, 100.
22.51000, 102.
22.52000, 122.
22.53000, 106.
22.54000, 113.
22.55000, 116.
22.56000, 117.
22.57000, 128.
22.58000, 129.
22.59000, 138.
22.60000, 138.
22.61000, 153.
22.62000, 147.
22.63000, 168.
22.64000, 149.
22.65000, 143.
22.66000, 135.
22.67000, 147.
22.68000, 139.
22.69000, 154.
22.70000, 128.
22.71000, 159.
22.72000, 164.
22.73000, 162.
22.74000, 150.
22.75000, 127.
22.76000, 118.
22.77000, 127.
22.78000, 148.
22.79000, 134.
22.80000, 118.
22.81000, 105.
22.82000, 118.
22.83000, 128.
22.84000, 112.
22.85000, 103.
22.86000, 103.
22.87000, 107.
22.88000, 98.
22.89000, 93.
22.90000, 90.
22.91000, 80.
22.92000, 72.
22.93000, 93.
22.94000, 92.
22.95000, 84.
22.96000, 96.
22.97000, 69.
22.98000, 90.
22.99000, 80.
23.00000, 101.
23.01000, 79.
23.02000, 93.
23.03000, 82.
23.04000, 81.
23.05000, 85.
23.06000, 84.
23.07000, 93.
23.08000, 91.
23.09000, 85.
23.10000, 92.
23.11000, 94.
23.12000, 69.
23.13000, 87.
23.14000, 87.
23.15000, 102.
23.16000, 94.
23.17000, 84.
23.18000, 94.
23.19000, 86.
23.20000, 78.
23.21000, 90.
23.22000, 83.
23.23000, 79.
23.24000, 81.
23.25000, 88.
23.26000, 93.
23.27000, 90.
23.28000, 80.
23.29000, 74.
23.30000, 81.
23.31000, 81.
23.32000, 82.
23.33000, 68.
23.34000, 82.
23.35000, 82.
23.36000, 70.
23.37000, 75.
23.38000, 84.
23.39000, 76.
23.40000, 83.
23.41000, 76.
23.42000, 95.
23.43000, 89.
23.44000, 73.
23.45000, 71.
23.46000, 75.
23.47000, 76.
23.48000, 68.
23.49000, 65.
23.50000, 82.
23.51000, 67.
23.52000, 82.
23.53000, 71.
23.54000, 74.
23.55000, 69.
23.56000, 61.
23.57000, 71.
23.58000, 73.
23.59000, 80.
23.60000, 76.
23.61000, 71.
23.62000, 70.
23.63000, 76.
23.64000, 65.
23.65000, 84.
23.66000, 68.
23.67000, 69.
23.68000, 93.
23.69000, 71.
23.70000, 78.
23.71000, 74.
23.72000, 70.
23.73000, 78.
23.74000, 62.
23.75000, 88.
23.76000, 67.
23.77000, 82.
23.78000, 73.
23.79000, 61.
23.80000, 81.
23.81000, 90.
23.82000, 60.
23.83000, 68.
23.84000, 81.
23.85000, 77.
23.86000, 68.
23.87000, 61.
23.88000, 73.
23.89000, 71.
23.90000, 66.
23.91000, 68.
23.92000, 85.
23.93000, 61.
23.94000, 83.
23.95000, 79.
23.96000, 77.
23.97000, 87.
23.98000, 74.
23.99000, 72.
24.00000, 89.
24.01000, 73.
24.02000, 75.
24.03000, 61.
24.04000, 74.
24.05000, 56.
24.06000, 85.
24.07000, 66.
24.08000, 66.
24.09000, 73.
24.10000, 68.
24.11000, 73.
24.12000, 74.
24.13000, 68.
24.14000, 62.
24.15000, 75.
24.16000, 66.
24.17000, 82.
24.18000, 73.
24.19000, 92.
24.20000, 64.
24.21000, 75.
24.22000, 82.
24.23000, 78.
24.24000, 82.
24.25000, 70.
24.26000, 64.
24.27000, 65.
24.28000, 64.
24.29000, 65.
24.30000, 79.
24.31000, 74.
24.32000, 65.
24.33000, 78.
24.34000, 69.
24.35000, 84.
24.36000, 72.
24.37000, 78.
24.38000, 93.
24.39000, 75.
24.40000, 86.
24.41000, 81.
24.42000, 59.
24.43000, 63.
24.44000, 69.
24.45000, 63.
24.46000, 56.
24.47000, 66.
24.48000, 73.
24.49000, 59.
24.50000, 76.
24.51000, 68.
24.52000, 69.
24.53000, 65.
24.54000, 68.
24.55000, 69.
24.56000, 70.
24.57000, 81.
24.58000, 84.
24.59000, 81.
24.60000, 60.
24.61000, 72.
24.62000, 70.
24.63000, 66.
24.64000, 84.
24.65000, 73.
24.66000, 62.
24.67000, 72.
24.68000, 69.
24.69000, 66.
24.70000, 78.
24.71000, 65.
24.72000, 73.
24.73000, 65.
24.74000, 70.
24.75000, 79.
24.76000, 60.
24.77000, 63.
24.78000, 81.
24.79000, 70.
24.80000, 78.
24.81000, 75.
24.82000, 77.
24.83000, 69.
24.84000, 84.
24.85000, 88.
24.86000, 75.
24.87000, 70.
24.88000, 79.
24.89000, 68.
24.90000, 76.
24.91000, 80.
24.92000, 72.
24.93000, 74.
24.94000, 67.
24.95000, 70.
24.96000, 79.
24.97000, 81.
24.98000, 72.
24.99000, 65.
25.00000, 71.
25.01000, 71.
25.02000, 82.
25.03000, 82.
25.04000, 85.
25.05000, 83.
25.06000, 79.
25.07000, 72.
25.08000, 68.
25.09000, 65.
25.10000, 97.
25.11000, 96.
25.12000, 84.
25.13000, 74.
25.14000, 80.
25.15000, 74.
25.16000, 77.
25.17000, 68.
25.18000, 78.
25.19000, 79.
25.20000, 74.
25.21000, 71.
25.22000, 99.
25.23000, 70.
25.24000, 68.
25.25000, 74.
25.26000, 72.
25.27000, 57.
25.28000, 77.
25.29000, 69.
25.30000, 82.
25.31000, 64.
25.32000, 59.
25.33000, 58.
25.34000, 86.
25.35000, 65.
25.36000, 67.
25.37000, 72.
25.38000, 71.
25.39000, 79.
25.40000, 77.
25.41000, 75.
25.42000, 61.
25.43000, 69.
25.44000, 85.
25.45000, 71.
25.46000, 60.
25.47000, 70.
25.48000, 74.
25.49000, 67.
25.50000, 64.
25.51000, 91.
25.52000, 84.
25.53000, 62.
25.54000, 70.
25.55000, 76.
25.56000, 65.
25.57000, 63.
25.58000, 78.
25.59000, 58.
25.60000, 65.
25.61000, 65.
25.62000, 68.
25.63000, 70.
25.64000, 72.
25.65000, 59.
25.66000, 73.
25.67000, 45.
25.68000, 57.
25.69000, 76.
25.70000, 49.
25.71000, 56.
25.72000, 73.
25.73000, 61.
25.74000, 53.
25.75000, 66.
25.76000, 69.
25.77000, 78.
25.78000, 67.
25.79000, 49.
25.80000, 72.
25.81000, 51.
25.82000, 52.
25.83000, 64.
25.84000, 61.
25.85000, 64.
25.86000, 58.
25.87000, 55.
25.88000, 68.
25.89000, 64.
25.90000, 79.
25.91000, 62.
25.92000, 71.
25.93000, 57.
25.94000, 84.
25.95000, 65.
25.96000, 63.
25.97000, 68.
25.98000, 61.
25.99000, 59.
26.00000, 58.
26.01000, 58.
26.02000, 78.
26.03000, 59.
26.04000, 62.
26.05000, 57.
26.06000, 68.
26.07000, 64.
26.08000, 60.
26.09000, 65.
26.10000, 75.
26.11000, 60.
26.12000, 45.
26.13000, 59.
26.14000, 59.
26.15000, 74.
26.16000, 60.
26.17000, 49.
26.18000, 65.
26.19000, 70.
26.20000, 58.
26.21000, 58.
26.22000, 62.
26.23000, 63.
26.24000, 70.
26.25000, 66.
26.26000, 79.
26.27000, 65.
26.28000, 64.
26.29000, 67.
26.30000, 75.
26.31000, 54.
26.32000, 63.
26.33000, 53.
26.34000, 61.
26.35000, 72.
26.36000, 67.
26.37000, 72.
26.38000, 63.
26.39000, 53.
26.40000, 64.
26.41000, 67.
26.42000, 54.
26.43000, 69.
26.44000, 71.
26.45000, 64.
26.46000, 61.
26.47000, 43.
26.48000, 52.
26.49000, 58.
26.50000, 76.
26.51000, 64.
26.52000, 60.
26.53000, 73.
26.54000, 73.
26.55000, 54.
26.56000, 60.
26.57000, 68.
26.58000, 60.
26.59000, 63.
26.60000, 59.
26.61000, 54.
26.62000, 67.
26.63000, 53.
26.64000, 59.
26.65000, 69.
26.66000, 52.
26.67000, 49.
26.68000, 64.
26.69000, 60.
26.70000, 52.
26.71000, 49.
26.72000, 51.
26.73000, 58.
26.74000, 42.
26.75000, 43.
26.76000, 45.
26.77000, 54.
26.78000, 55.
26.79000, 61.
26.80000, 49.
26.81000, 46.
26.82000, 60.
26.83000, 67.
26.84000, 62.
26.85000, 53.
26.86000, 54.
26.87000, 57.
26.88000, 46.
26.89000, 59.
26.90000, 49.
26.91000, 72.
26.92000, 50.
26.93000, 77.
26.94000, 62.
26.95000, 56.
26.96000, 58.
26.97000, 47.
26.98000, 57.
26.99000, 56.
27.00000, 62.
27.01000, 45.
27.02000, 63.
27.03000, 62.
27.04000, 49.
27.05000, 48.
27.06000, 54.
27.07000, 64.
27.08000, 54.
27.09000, 60.
27.10000, 48.
27.11000, 53.
27.12000, 53.
27.13000, 67.
27.14000, 39.
27.15000, 64.
27.16000, 63.
27.17000, 59.
27.18000, 49.
27.19000, 62.
27.20000, 59.
27.21000, 51.
27.22000, 53.
27.23000, 47.
27.24000, 65.
27.25000, 50.
27.26000, 54.
27.27000, 46.
27.28000, 47.
27.29000, 59.
27.30000, 67.
27.31000, 54.
27.32000, 57.
27.33000, 57.
27.34000, 44.
27.35000, 51.
27.36000, 61.
27.37000, 66.
27.38000, 51.
27.39000, 52.
27.40000, 58.
27.41000, 49.
27.42000, 42.
27.43000, 59.
27.44000, 57.
27.45000, 56.
27.46000, 58.
27.47000, 58.
27.48000, 51.
27.49000, 53.
27.50000, 43.
27.51000, 57.
27.52000, 49.
27.53000, 55.
27.54000, 49.
27.55000, 44.
27.56000, 62.
27.57000, 54.
27.58000, 48.
27.59000, 65.
27.60000, 47.
27.61000, 62.
27.62000, 44.
27.63000, 53.
27.64000, 59.
27.65000, 52.
27.66000, 56.
27.67000, 53.
27.68000, 54.
27.69000, 61.
27.70000, 52.
27.71000, 47.
27.72000, 55.
27.73000, 56.
27.74000, 52.
27.75000, 41.
27.76000, 46.
27.77000, 60.
27.78000, 48.
27.79000, 61.
27.80000, 47.
27.81000, 68.
27.82000, 40.
27.83000, 51.
27.84000, 45.
27.85000, 52.
27.86000, 50.
27.87000, 50.
27.88000, 45.
27.89000, 60.
27.90000, 60.
27.91000, 59.
27.92000, 56.
27.93000, 39.
27.94000, 62.
27.95000, 57.
27.96000, 47.
27.97000, 48.
27.98000, 52.
27.99000, 48.
28.00000, 57.
28.01000, 38.
28.02000, 44.
28.03000, 57.
28.04000, 60.
28.05000, 49.
28.06000, 45.
28.07000, 34.
28.08000, 42.
28.09000, 42.
28.10000, 57.
28.11000, 46.
28.12000, 44.
28.13000, 49.
28.14000, 50.
28.15000, 53.
28.16000, 48.
28.17000, 43.
28.18000, 43.
28.19000, 48.
28.20000, 50.
28.21000, 40.
28.22000, 41.
28.23000, 51.
28.24000, 41.
28.25000, 50.
28.26000, 58.
28.27000, 48.
28.28000, 46.
28.29000, 36.
28.30000, 51.
28.31000, 40.
28.32000, 46.
28.33000, 48.
28.34000, 34.
28.35000, 41.
28.36000, 44.
28.37000, 40.
28.38000, 49.
28.39000, 42.
28.40000, 54.
28.41000, 51.
28.42000, 49.
28.43000, 55.
28.44000, 48.
28.45000, 46.
28.46000, 40.
28.47000, 56.
28.48000, 47.
28.49000, 52.
28.50000, 46.
28.51000, 47.
28.52000, 49.
28.53000, 49.
28.54000, 39.
28.55000, 41.
28.56000, 53.
28.57000, 53.
28.58000, 46.
28.59000, 44.
28.60000, 45.
28.61000, 38.
28.62000, 47.
28.63000, 32.
28.64000, 51.
28.65000, 43.
28.66000, 51.
28.67000, 38.
28.68000, 41.
28.69000, 46.
28.70000, 53.
28.71000, 49.
28.72000, 48.
28.73000, 51.
28.74000, 42.
28.75000, 57.
28.76000, 41.
28.77000, 47.
28.78000, 51.
28.79000, 53.
28.80000, 47.
28.81000, 51.
28.82000, 55.
28.83000, 48.
28.84000, 43.
28.85000, 43.
28.86000, 44.
28.87000, 49.
28.88000, 39.
28.89000, 47.
28.90000, 44.
28.91000, 40.
28.92000, 50.
28.93000, 47.
28.94000, 45.
28.95000, 49.
28.96000, 45.
28.97000, 45.
28.98000, 52.
28.99000, 43.
29.00000, 39.
29.01000, 43.
29.02000, 47.
29.03000, 47.
29.04000, 37.
29.05000, 46.
29.06000, 49.
29.07000, 45.
29.08000, 42.
29.09000, 37.
29.10000, 44.
29.11000, 49.
29.12000, 35.
29.13000, 46.
29.14000, 36.
29.15000, 55.
29.16000, 45.
29.17000, 40.
29.18000, 48.
29.19000, 42.
29.20000, 36.
29.21000, 46.
29.22000, 46.
29.23000, 51.
29.24000, 41.
29.25000, 54.
29.26000, 40.
29.27000, 46.
29.28000, 35.
29.29000, 40.
29.30000, 38.
29.31000, 41.
29.32000, 49.
29.33000, 57.
29.34000, 49.
29.35000, 43.
29.36000, 48.
29.37000, 40.
29.38000, 44.
29.39000, 42.
29.40000, 41.
29.41000, 46.
29.42000, 41.
29.43000, 38.
29.44000, 35.
29.45000, 53.
29.46000, 38.
29.47000, 45.
29.48000, 45.
29.49000, 36.
29.50000, 38.
29.51000, 31.
29.52000, 36.
29.53000, 39.
29.54000, 31.
29.55000, 51.
29.56000, 38.
29.57000, 38.
29.58000, 46.
29.59000, 43.
29.60000, 42.
29.61000, 33.
29.62000, 44.
29.63000, 36.
29.64000, 48.
29.65000, 45.
29.66000, 40.
29.67000, 45.
29.68000, 48.
29.69000, 45.
29.70000, 38.
29.71000, 31.
29.72000, 43.
29.73000, 45.
29.74000, 35.
29.75000, 34.
29.76000, 37.
29.77000, 49.
29.78000, 40.
29.79000, 44.
29.80000, 27.
29.81000, 34.
29.82000, 43.
29.83000, 43.
29.84000, 38.
29.85000, 40.
29.86000, 45.
29.87000, 49.
29.88000, 38.
29.89000, 39.
29.90000, 42.
29.91000, 41.
29.92000, 35.
29.93000, 45.
29.94000, 40.
29.95000, 30.
29.96000, 38.
29.97000, 41.
29.98000, 38.
29.99000, 35.
30.00000, 42.
30.01000, 36.
30.02000, 33.
30.03000, 32.
30.04000, 41.
30.05000, 38.
30.06000, 53.
30.07000, 43.
30.08000, 33.
30.09000, 39.
30.10000, 48.
30.11000, 44.
30.12000, 25.
30.13000, 47.
30.14000, 34.
30.15000, 51.
30.16000, 37.
30.17000, 35.
30.18000, 37.
30.19000, 35.
30.20000, 32.
30.21000, 42.
30.22000, 49.
30.23000, 38.
30.24000, 47.
30.25000, 32.
30.26000, 34.
30.27000, 36.
30.28000, 48.
30.29000, 50.
30.30000, 32.
30.31000, 37.
30.32000, 52.
30.33000, 36.
30.34000, 34.
30.35000, 48.
30.36000, 36.
30.37000, 32.
30.38000, 25.
30.39000, 34.
30.40000, 41.
30.41000, 35.
30.42000, 41.
30.43000, 32.
30.44000, 39.
30.45000, 39.
30.46000, 35.
30.47000, 39.
30.48000, 38.
30.49000, 42.
30.50000, 30.
30.51000, 39.
30.52000, 37.
30.53000, 43.
30.54000, 35.
30.55000, 43.
30.56000, 38.
30.57000, 36.
30.58000, 48.
30.59000, 45.
30.60000, 30.
30.61000, 40.
30.62000, 35.
30.63000, 36.
30.64000, 31.
30.65000, 32.
30.66000, 36.
30.67000, 29.
30.68000, 41.
30.69000, 47.
30.70000, 25.
30.71000, 34.
30.72000, 42.
30.73000, 34.
30.74000, 29.
30.75000, 39.
30.76000, 39.
30.77000, 37.
30.78000, 24.
30.79000, 50.
30.80000, 43.
30.81000, 38.
30.82000, 37.
30.83000, 30.
30.84000, 33.
30.85000, 33.
30.86000, 36.
30.87000, 37.
30.88000, 44.
30.89000, 37.
30.90000, 30.
30.91000, 28.
30.92000, 41.
30.93000, 32.
30.94000, 32.
30.95000, 27.
30.96000, 30.
30.97000, 33.
30.98000, 35.
30.99000, 44.
31.00000, 33.
31.01000, 28.
31.02000, 31.
31.03000, 37.
31.04000, 35.
31.05000, 35.
31.06000, 36.
31.07000, 31.
31.08000, 40.
31.09000, 33.
31.10000, 32.
31.11000, 36.
31.12000, 30.
31.13000, 41.
31.14000, 34.
31.15000, 28.
31.16000, 34.
31.17000, 21.
31.18000, 32.
31.19000, 39.
31.20000, 33.
31.21000, 26.
31.22000, 29.
31.23000, 41.
31.24000, 37.
31.25000, 35.
31.26000, 27.
31.27000, 41.
31.28000, 34.
31.29000, 32.
31.30000, 35.
31.31000, 30.
31.32000, 29.
31.33000, 24.
31.34000, 27.
31.35000, 36.
31.36000, 22.
31.37000, 30.
31.38000, 33.
31.39000, 32.
31.40000, 36.
31.41000, 44.
31.42000, 24.
31.43000, 31.
31.44000, 26.
31.45000, 40.
31.46000, 41.
31.47000, 37.
31.48000, 37.
31.49000, 28.
31.50000, 39.
31.51000, 30.
31.52000, 40.
31.53000, 29.
31.54000, 38.
31.55000, 38.
31.56000, 36.
31.57000, 31.
31.58000, 28.
31.59000, 34.
31.60000, 29.
31.61000, 30.
31.62000, 31.
31.63000, 27.
31.64000, 35.
31.65000, 36.
31.66000, 39.
31.67000, 36.
31.68000, 35.
31.69000, 40.
31.70000, 30.
31.71000, 31.
31.72000, 48.
31.73000, 33.
31.74000, 27.
31.75000, 39.
31.76000, 42.
31.77000, 40.
31.78000, 31.
31.79000, 36.
31.80000, 35.
31.81000, 44.
31.82000, 33.
31.83000, 45.
31.84000, 30.
31.85000, 23.
31.86000, 31.
31.87000, 30.
31.88000, 28.
31.89000, 31.
31.90000, 32.
31.91000, 28.
31.92000, 28.
31.93000, 28.
31.94000, 40.
31.95000, 29.
31.96000, 31.
31.97000, 31.
31.98000, 44.
31.99000, 29.
32.00000, 47.
32.01000, 30.
32.02000, 36.
32.03000, 38.
32.04000, 31.
32.05000, 32.
32.06000, 29.
32.07000, 36.
32.08000, 32.
32.09000, 35.
32.10000, 35.
32.11000, 40.
32.12000, 49.
32.13000, 39.
32.14000, 28.
32.15000, 27.
32.16000, 30.
32.17000, 43.
32.18000, 38.
32.19000, 34.
32.20000, 32.
32.21000, 31.
32.22000, 29.
32.23000, 36.
32.24000, 25.
32.25000, 28.
32.26000, 29.
32.27000, 35.
32.28000, 36.
32.29000, 31.
32.30000, 29.
32.31000, 39.
32.32000, 34.
32.33000, 24.
32.34000, 30.
32.35000, 33.
32.36000, 28.
32.37000, 30.
32.38000, 28.
32.39000, 30.
32.40000, 30.
32.41000, 32.
32.42000, 30.
32.43000, 25.
32.44000, 34.
32.45000, 22.
32.46000, 26.
32.47000, 27.
32.48000, 26.
32.49000, 30.
32.50000, 29.
32.51000, 26.
32.52000, 28.
32.53000, 29.
32.54000, 26.
32.55000, 31.
32.56000, 18.
32.57000, 25.
32.58000, 31.
32.59000, 29.
32.60000, 19.
32.61000, 30.
32.62000, 27.
32.63000, 27.
32.64000, 31.
32.65000, 24.
32.66000, 21.
32.67000, 35.
32.68000, 22.
32.69000, 25.
32.70000, 39.
32.71000, 25.
32.72000, 21.
32.73000, 24.
32.74000, 17.
32.75000, 28.
32.76000, 29.
32.77000, 25.
32.78000, 28.
32.79000, 30.
32.80000, 30.
32.81000, 18.
32.82000, 24.
32.83000, 23.
32.84000, 21.
32.85000, 24.
32.86000, 22.
32.87000, 21.
32.88000, 23.
32.89000, 22.
32.90000, 35.
32.91000, 20.
32.92000, 30.
32.93000, 20.
32.94000, 24.
32.95000, 29.
32.96000, 29.
32.97000, 28.
32.98000, 26.
32.99000, 15.
33.00000, 29.
33.01000, 29.
33.02000, 30.
33.03000, 23.
33.04000, 34.
33.05000, 29.
33.06000, 25.
33.07000, 31.
33.08000, 16.
33.09000, 27.
33.10000, 27.
33.11000, 20.
33.12000, 21.
33.13000, 31.
33.14000, 27.
33.15000, 35.
33.16000, 29.
33.17000, 21.
33.18000, 27.
33.19000, 22.
33.20000, 26.
33.21000, 25.
33.22000, 29.
33.23000, 25.
33.24000, 28.
33.25000, 20.
33.26000, 38.
33.27000, 22.
33.28000, 21.
33.29000, 22.
33.30000, 15.
33.31000, 23.
33.32000, 22.
33.33000, 23.
33.34000, 24.
33.35000, 26.
33.36000, 21.
33.37000, 28.
33.38000, 25.
33.39000, 27.
33.40000, 20.
33.41000, 12.
33.42000, 24.
33.43000, 22.
33.44000, 23.
33.45000, 24.
33.46000, 26.
33.47000, 25.
33.48000, 18.
33.49000, 21.
33.50000, 16.
33.51000, 25.
33.52000, 19.
33.53000, 27.
33.54000, 25.
33.55000, 28.
33.56000, 22.
33.57000, 19.
33.58000, 28.
33.59000, 28.
33.60000, 29.
33.61000, 24.
33.62000, 24.
33.63000, 27.
33.64000, 18.
33.65000, 18.
33.66000, 34.
33.67000, 27.
33.68000, 20.
33.69000, 32.
33.70000, 26.
33.71000, 18.
33.72000, 29.
33.73000, 25.
33.74000, 19.
33.75000, 17.
33.76000, 23.
33.77000, 25.
33.78000, 22.
33.79000, 31.
33.80000, 24.
33.81000, 23.
33.82000, 20.
33.83000, 28.
33.84000, 19.
33.85000, 22.
33.86000, 20.
33.87000, 17.
33.88000, 23.
33.89000, 32.
33.90000, 13.
33.91000, 25.
33.92000, 22.
33.93000, 25.
33.94000, 22.
33.95000, 33.
33.96000, 18.
33.97000, 16.
33.98000, 31.
33.99000, 20.
34.00000, 20.
34.01000, 26.
34.02000, 26.
34.03000, 19.
34.04000, 27.
34.05000, 18.
34.06000, 18.
34.07000, 12.
34.08000, 24.
34.09000, 19.
34.10000, 22.
34.11000, 24.
34.12000, 16.
34.13000, 25.
34.14000, 24.
34.15000, 22.
34.16000, 17.
34.17000, 27.
34.18000, 25.
34.19000, 25.
34.20000, 19.
34.21000, 19.
34.22000, 20.
34.23000, 29.
34.24000, 23.
34.25000, 25.
34.26000, 25.
34.27000, 21.
34.28000, 16.
34.29000, 25.
34.30000, 21.
34.31000, 9.
34.32000, 22.
34.33000, 17.
34.34000, 32.
34.35000, 18.
34.36000, 19.
34.37000, 22.
34.38000, 13.
34.39000, 17.
34.40000, 16.
34.41000, 19.
34.42000, 19.
34.43000, 19.
34.44000, 13.
34.45000, 22.
34.46000, 29.
34.47000, 18.
34.48000, 26.
34.49000, 23.
34.50000, 22.
34.51000, 23.
34.52000, 22.
34.53000, 17.
34.54000, 20.
34.55000, 32.
34.56000, 26.
34.57000, 14.
34.58000, 24.
34.59000, 13.
34.60000, 25.
34.61000, 18.
34.62000, 26.
34.63000, 20.
34.64000, 21.
34.65000, 21.
34.66000, 21.
34.67000, 15.
34.68000, 10.
34.69000, 30.
34.70000, 17.
34.71000, 13.
34.72000, 15.
34.73000, 19.
34.74000, 22.
34.75000, 22.
34.76000, 19.
34.77000, 24.
34.78000, 29.
34.79000, 20.
34.80000, 16.
34.81000, 20.
34.82000, 18.
34.83000, 27.
34.84000, 20.
34.85000, 16.
34.86000, 21.
34.87000, 18.
34.88000, 22.
34.89000, 19.
34.90000, 31.
34.91000, 17.
34.92000, 15.
34.93000, 24.
34.94000, 21.
34.95000, 24.
34.96000, 20.
34.97000, 21.
34.98000, 20.
34.99000, 20.
35.00000, 15.
35.01000, 19.
35.02000, 16.
35.03000, 20.
35.04000, 24.
35.05000, 20.
35.06000, 24.
35.07000, 22.
35.08000, 24.
35.09000, 23.
35.10000, 14.
35.11000, 18.
35.12000, 19.
35.13000, 12.
35.14000, 14.
35.15000, 20.
35.16000, 23.
35.17000, 19.
35.18000, 22.
35.19000, 12.
35.20000, 13.
35.21000, 19.
35.22000, 24.
35.23000, 22.
35.24000, 16.
35.25000, 18.
35.26000, 8.
35.27000, 19.
35.28000, 21.
35.29000, 21.
35.30000, 21.
35.31000, 10.
35.32000, 22.
35.33000, 13.
35.34000, 14.
35.35000, 16.
35.36000, 27.
35.37000, 22.
35.38000, 21.
35.39000, 13.
35.40000, 13.
35.41000, 22.
35.42000, 17.
35.43000, 15.
35.44000, 15.
35.45000, 13.
35.46000, 16.
35.47000, 22.
35.48000, 18.
35.49000, 18.
35.50000, 17.
35.51000, 15.
35.52000, 18.
35.53000, 18.
35.54000, 19.
35.55000, 17.
35.56000, 15.
35.57000, 22.
35.58000, 17.
35.59000, 18.
35.60000, 16.
35.61000, 17.
35.62000, 15.
35.63000, 15.
35.64000, 16.
35.65000, 15.
35.66000, 14.
35.67000, 21.
35.68000, 16.
35.69000, 18.
35.70000, 18.
35.71000, 27.
35.72000, 14.
35.73000, 18.
35.74000, 13.
35.75000, 16.
35.76000, 12.
35.77000, 13.
35.78000, 16.
35.79000, 20.
35.80000, 14.
35.81000, 14.
35.82000, 13.
35.83000, 22.
35.84000, 10.
35.85000, 14.
35.86000, 21.
35.87000, 9.
35.88000, 20.
35.89000, 17.
35.90000, 19.
35.91000, 11.
35.92000, 11.
35.93000, 12.
35.94000, 17.
35.95000, 11.
35.96000, 6.
35.97000, 16.
35.98000, 11.
35.99000, 12.
36.00000, 14.
36.01000, 15.
36.02000, 18.
36.03000, 17.
36.04000, 17.
36.05000, 11.
36.06000, 12.
36.07000, 13.
36.08000, 21.
36.09000, 16.
36.10000, 11.
36.11000, 15.
36.12000, 11.
36.13000, 13.
36.14000, 23.
36.15000, 15.
36.16000, 14.
36.17000, 10.
36.18000, 19.
36.19000, 8.
36.20000, 13.
36.21000, 18.
36.22000, 12.
36.23000, 14.
36.24000, 13.
36.25000, 18.
36.26000, 15.
36.27000, 16.
36.28000, 16.
36.29000, 17.
36.30000, 20.
36.31000, 19.
36.32000, 16.
36.33000, 13.
36.34000, 15.
36.35000, 18.
36.36000, 16.
36.37000, 16.
36.38000, 11.
36.39000, 13.
36.40000, 17.
36.41000, 18.
36.42000, 20.
36.43000, 19.
36.44000, 12.
36.45000, 9.
36.46000, 13.
36.47000, 16.
36.48000, 13.
36.49000, 12.
36.50000, 14.
36.51000, 15.
36.52000, 12.
36.53000, 13.
36.54000, 14.
36.55000, 14.
36.56000, 13.
36.57000, 10.
36.58000, 17.
36.59000, 9.
36.60000, 14.
36.61000, 16.
36.62000, 14.
36.63000, 14.
36.64000, 11.
36.65000, 16.
36.66000, 12.
36.67000, 19.
36.68000, 15.
36.69000, 11.
36.70000, 12.
36.71000, 23.
36.72000, 13.
36.73000, 14.
36.74000, 12.
36.75000, 14.
36.76000, 16.
36.77000, 20.
36.78000, 11.
36.79000, 14.
36.80000, 9.
36.81000, 9.
36.82000, 12.
36.83000, 12.
36.84000, 11.
36.85000, 11.
36.86000, 13.
36.87000, 11.
36.88000, 11.
36.89000, 14.
36.90000, 7.
36.91000, 11.
36.92000, 12.
36.93000, 13.
36.94000, 16.
36.95000, 11.
36.96000, 11.
36.97000, 11.
36.98000, 9.
36.99000, 14.
37.00000, 10.
37.01000, 11.
37.02000, 11.
37.03000, 11.
37.04000, 5.
37.05000, 19.
37.06000, 14.
37.07000, 13.
37.08000, 7.
37.09000, 11.
37.10000, 13.
37.11000, 17.
37.12000, 8.
37.13000, 11.
37.14000, 12.
37.15000, 12.
37.16000, 13.
37.17000, 12.
37.18000, 10.
37.19000, 11.
37.20000, 13.
37.21000, 16.
37.22000, 14.
37.23000, 9.
37.24000, 23.
37.25000, 6.
37.26000, 6.
37.27000, 17.
37.28000, 14.
37.29000, 11.
37.30000, 10.
37.31000, 14.
37.32000, 8.
37.33000, 5.
37.34000, 16.
37.35000, 13.
37.36000, 9.
37.37000, 11.
37.38000, 5.
37.39000, 14.
37.40000, 8.
37.41000, 19.
37.42000, 19.
37.43000, 13.
37.44000, 12.
37.45000, 20.
37.46000, 13.
37.47000, 8.
37.48000, 7.
37.49000, 10.
37.50000, 5.
37.51000, 10.
37.52000, 12.
37.53000, 8.
37.54000, 16.
37.55000, 13.
37.56000, 11.
37.57000, 16.
37.58000, 11.
37.59000, 5.
37.60000, 10.
37.61000, 8.
37.62000, 8.
37.63000, 11.
37.64000, 8.
37.65000, 10.
37.66000, 5.
37.67000, 5.
37.68000, 14.
37.69000, 9.
37.70000, 16.
37.71000, 8.
37.72000, 10.
37.73000, 13.
37.74000, 10.
37.75000, 10.
37.76000, 16.
37.77000, 10.
37.78000, 8.
37.79000, 9.
37.80000, 12.
37.81000, 13.
37.82000, 15.
37.83000, 10.
37.84000, 7.
37.85000, 12.
37.86000, 8.
37.87000, 15.
37.88000, 18.
37.89000, 12.
37.90000, 3.
37.91000, 12.
37.92000, 10.
37.93000, 4.
37.94000, 9.
37.95000, 15.
37.96000, 10.
37.97000, 9.
37.98000, 8.
37.99000, 9.
38.00000, 9.
38.01000, 12.
38.02000, 18.
38.03000, 12.
38.04000, 12.
38.05000, 12.
38.06000, 16.
38.07000, 10.
38.08000, 15.
38.09000, 6.
38.10000, 12.
38.11000, 11.
38.12000, 17.
38.13000, 7.
38.14000, 14.
38.15000, 12.
38.16000, 8.
38.17000, 16.
38.18000, 11.
38.19000, 11.
38.20000, 10.
38.21000, 9.
38.22000, 7.
38.23000, 17.
38.24000, 14.
38.25000, 10.
38.26000, 6.
38.27000, 9.
38.28000, 7.
38.29000, 10.
38.30000, 9.
38.31000, 13.
38.32000, 3.
38.33000, 6.
38.34000, 7.
38.35000, 7.
38.36000, 13.
38.37000, 8.
38.38000, 9.
38.39000, 13.
38.40000, 6.
38.41000, 9.
38.42000, 13.
38.43000, 7.
38.44000, 15.
38.45000, 12.
38.46000, 5.
38.47000, 11.
38.48000, 15.
38.49000, 13.
38.50000, 4.
38.51000, 6.
38.52000, 11.
38.53000, 5.
38.54000, 6.
38.55000, 11.
38.56000, 4.
38.57000, 11.
38.58000, 8.
38.59000, 10.
38.60000, 6.
38.61000, 7.
38.62000, 11.
38.63000, 8.
38.64000, 13.
38.65000, 9.
38.66000, 9.
38.67000, 8.
38.68000, 11.
38.69000, 15.
38.70000, 6.
38.71000, 9.
38.72000, 11.
38.73000, 8.
38.74000, 10.
38.75000, 11.
38.76000, 7.
38.77000, 9.
38.78000, 6.
38.79000, 6.
38.80000, 5.
38.81000, 6.
38.82000, 7.
38.83000, 12.
38.84000, 7.
38.85000, 5.
38.86000, 9.
38.87000, 8.
38.88000, 9.
38.89000, 5.
38.90000, 5.
38.91000, 6.
38.92000, 5.
38.93000, 8.
38.94000, 4.
38.95000, 15.
38.96000, 12.
38.97000, 5.
38.98000, 8.
38.99000, 8.
39.00000, 6.
39.01000, 5.
39.02000, 7.
39.03000, 8.
39.04000, 10.
39.05000, 8.
39.06000, 6.
39.07000, 14.
39.08000, 4.
39.09000, 10.
39.10000, 9.
39.11000, 11.
39.12000, 7.
39.13000, 9.
39.14000, 7.
39.15000, 10.
39.16000, 4.
39.17000, 2.
39.18000, 6.
39.19000, 8.
39.20000, 4.
39.21000, 7.
39.22000, 2.
39.23000, 10.
39.24000, 7.
39.25000, 7.
39.26000, 7.
39.27000, 8.
39.28000, 10.
39.29000, 5.
39.30000, 7.
39.31000, 10.
39.32000, 8.
39.33000, 6.
39.34000, 11.
39.35000, 11.
39.36000, 7.
39.37000, 10.
39.38000, 10.
39.39000, 5.
39.40000, 6.
39.41000, 7.
39.42000, 4.
39.43000, 7.
39.44000, 7.
39.45000, 4.
39.46000, 7.
39.47000, 5.
39.48000, 2.
39.49000, 10.
39.50000, 5.
39.51000, 12.
39.52000, 4.
39.53000, 4.
39.54000, 8.
39.55000, 7.
39.56000, 8.
39.57000, 9.
39.58000, 2.
39.59000, 5.
39.60000, 11.
39.61000, 9.
39.62000, 5.
39.63000, 9.
39.64000, 7.
39.65000, 2.
39.66000, 9.
39.67000, 3.
39.68000, 2.
39.69000, 6.
39.70000, 15.
39.71000, 10.
39.72000, 11.
39.73000, 5.
39.74000, 4.
39.75000, 7.
39.76000, 6.
39.77000, 7.
39.78000, 4.
39.79000, 3.
39.80000, 3.
39.81000, 6.
39.82000, 3.
39.83000, 8.
39.84000, 12.
39.85000, 4.
39.86000, 2.
39.87000, 5.
39.88000, 10.
39.89000, 5.
39.90000, 4.
39.91000, 4.
39.92000, 5.
39.93000, 2.
39.94000, 5.
39.95000, 3.
39.96000, 9.
39.97000, 9.
39.98000, 4.
39.99000, 5.
40.00000, 3.
40.01000, 2.
40.02000, 3.
40.03000, 4.
40.04000, 6.
40.05000, 7.
40.06000, 7.
40.07000, 2.
40.08000, 6.
40.09000, 7.
40.10000, 4.
40.11000, 5.
40.12000, 10.
40.13000, 9.
40.14000, 9.
40.15000, 3.
40.16000, 8.
40.17000, 7.
40.18000, 3.
40.19000, 5.
40.20000, 7.
40.21000, 6.
40.22000, 7.
40.23000, 2.
40.24000, 4.
40.25000, 2.
40.26000, 6.
40.27000, 6.
40.28000, 4.
40.29000, 6.
40.30000, 9.
40.31000, 4.
40.32000, 3.
40.33000, 6.
40.34000, 5.
40.35000, 7.
40.36000, 5.
40.37000, 9.
40.38000, 6.
40.39000, 5.
40.40000, 4.
40.41000, 4.
40.42000, 3.
40.43000, 6.
40.44000, 3.
40.45000, 4.
40.46000, 0.
40.47000, 4.
40.48000, 3.
40.49000, 4.
40.50000, 5.
40.51000, 6.
40.52000, 6.
40.53000, 3.
40.54000, 8.
40.55000, 0.
#ENDOFDATA   : 
