#FORMAT      : EMSA/MAS Spectral Data File
#VERSION     : 1.0
#TITLE       : Spectrum 7
#DATE        : 21-AUG-2025
#TIME        : 15:11
#OWNER       : XGT7200
#NPOINTS     : 4096.
#NCOLUMNS    : 1.
#XUNITS      : keV
#YUNITS      : counts
#DATATYPE    : XY
#XPERCHAN    : 0.0100000
#OFFSET      : -0.400000
#SIGNALTYPE  : EDS
#CHOFFSET    : 40.0000
#LIVETIME    : 30.000000
#REALTIME    : 39.912802
#BEAMKV      : 50.0000
#PROBECUR    : 734000.
#MAGCAM      : 100.000
#XTILTSTGE   : 0.0
#AZIMANGLE   : 0.0
#ELEVANGLE   : 45.0
#XPOSITION mm: 0.0000
#YPOSITION mm: 0.0000
#ZPOSITION mm: 0.0000
##OXINSTPT   : 4
##OXINSTSTROB: 71.95
#SPECTRUM    : Spectral Data Starts Here
-0.40000, 0.
-0.39000, 0.
-0.38000, 0.
-0.37000, 0.
-0.36000, 0.
-0.35000, 0.
-0.34000, 0.
-0.33000, 0.
-0.32000, 0.
-0.31000, 0.
-0.30000, 0.
-0.29000, 0.
-0.28000, 0.
-0.27000, 0.
-0.26000, 0.
-0.25000, 0.
-0.24000, 0.
-0.23000, 0.
-0.22000, 0.
-0.21000, 0.
-0.20000, 0.
-0.19000, 0.
-0.18000, 0.
-0.17000, 0.
-0.16000, 0.
-0.15000, 0.
-0.14000, 0.
-0.13000, 0.
-0.12000, 0.
-0.11000, 0.
-0.10000, 0.
-0.09000, 0.
-0.08000, 0.
-0.07000, 0.
-0.06000, 0.
-0.05000, 0.
-0.04000, 0.
-0.03000, 0.
-0.02000, 0.
-0.01000, 0.
0.00000, 0.
0.01000, 0.
0.02000, 0.
0.03000, 0.
0.04000, 0.
0.05000, 0.
0.06000, 0.
0.07000, 0.
0.08000, 0.
0.09000, 0.
0.10000, 0.
0.11000, 0.
0.12000, 0.
0.13000, 0.
0.14000, 0.
0.15000, 0.
0.16000, 0.
0.17000, 0.
0.18000, 0.
0.19000, 0.
0.20000, 0.
0.21000, 0.
0.22000, 0.
0.23000, 0.
0.24000, 0.
0.25000, 0.
0.26000, 0.
0.27000, 0.
0.28000, 0.
0.29000, 0.
0.30000, 0.
0.31000, 0.
0.32000, 0.
0.33000, 0.
0.34000, 1.
0.35000, 2.
0.36000, 3.
0.37000, 7.
0.38000, 11.
0.39000, 17.
0.40000, 30.
0.41000, 27.
0.42000, 33.
0.43000, 47.
0.44000, 38.
0.45000, 48.
0.46000, 61.
0.47000, 50.
0.48000, 46.
0.49000, 56.
0.50000, 47.
0.51000, 58.
0.52000, 53.
0.53000, 66.
0.54000, 65.
0.55000, 64.
0.56000, 75.
0.57000, 63.
0.58000, 70.
0.59000, 47.
0.60000, 79.
0.61000, 54.
0.62000, 59.
0.63000, 66.
0.64000, 47.
0.65000, 37.
0.66000, 43.
0.67000, 43.
0.68000, 39.
0.69000, 40.
0.70000, 43.
0.71000, 51.
0.72000, 44.
0.73000, 35.
0.74000, 37.
0.75000, 36.
0.76000, 36.
0.77000, 48.
0.78000, 38.
0.79000, 40.
0.80000, 39.
0.81000, 41.
0.82000, 38.
0.83000, 35.
0.84000, 58.
0.85000, 43.
0.86000, 41.
0.87000, 50.
0.88000, 52.
0.89000, 42.
0.90000, 47.
0.91000, 59.
0.92000, 50.
0.93000, 49.
0.94000, 45.
0.95000, 50.
0.96000, 53.
0.97000, 43.
0.98000, 56.
0.99000, 35.
1.00000, 51.
1.01000, 59.
1.02000, 49.
1.03000, 57.
1.04000, 71.
1.05000, 50.
1.06000, 45.
1.07000, 55.
1.08000, 54.
1.09000, 54.
1.10000, 55.
1.11000, 53.
1.12000, 50.
1.13000, 42.
1.14000, 54.
1.15000, 51.
1.16000, 39.
1.17000, 45.
1.18000, 44.
1.19000, 61.
1.20000, 51.
1.21000, 55.
1.22000, 55.
1.23000, 65.
1.24000, 81.
1.25000, 68.
1.26000, 76.
1.27000, 62.
1.28000, 64.
1.29000, 67.
1.30000, 49.
1.31000, 60.
1.32000, 50.
1.33000, 48.
1.34000, 52.
1.35000, 36.
1.36000, 38.
1.37000, 33.
1.38000, 49.
1.39000, 66.
1.40000, 76.
1.41000, 83.
1.42000, 125.
1.43000, 146.
1.44000, 194.
1.45000, 261.
1.46000, 331.
1.47000, 362.
1.48000, 358.
1.49000, 413.
1.50000, 410.
1.51000, 394.
1.52000, 318.
1.53000, 279.
1.54000, 218.
1.55000, 196.
1.56000, 142.
1.57000, 114.
1.58000, 93.
1.59000, 107.
1.60000, 88.
1.61000, 85.
1.62000, 113.
1.63000, 164.
1.64000, 271.
1.65000, 398.
1.66000, 616.
1.67000, 944.
1.68000, 1366.
1.69000, 1998.
1.70000, 2527.
1.71000, 3214.
1.72000, 3862.
1.73000, 4439.
1.74000, 4713.
1.75000, 4662.
1.76000, 4414.
1.77000, 4082.
1.78000, 3403.
1.79000, 2739.
1.80000, 2207.
1.81000, 1637.
1.82000, 1155.
1.83000, 801.
1.84000, 569.
1.85000, 417.
1.86000, 304.
1.87000, 233.
1.88000, 215.
1.89000, 186.
1.90000, 146.
1.91000, 138.
1.92000, 133.
1.93000, 140.
1.94000, 140.
1.95000, 140.
1.96000, 128.
1.97000, 129.
1.98000, 108.
1.99000, 103.
2.00000, 100.
2.01000, 94.
2.02000, 111.
2.03000, 84.
2.04000, 85.
2.05000, 76.
2.06000, 67.
2.07000, 57.
2.08000, 71.
2.09000, 56.
2.10000, 41.
2.11000, 56.
2.12000, 44.
2.13000, 48.
2.14000, 39.
2.15000, 43.
2.16000, 58.
2.17000, 63.
2.18000, 80.
2.19000, 101.
2.20000, 139.
2.21000, 194.
2.22000, 264.
2.23000, 372.
2.24000, 515.
2.25000, 695.
2.26000, 795.
2.27000, 1128.
2.28000, 1265.
2.29000, 1403.
2.30000, 1513.
2.31000, 1617.
2.32000, 1548.
2.33000, 1379.
2.34000, 1348.
2.35000, 1070.
2.36000, 864.
2.37000, 700.
2.38000, 541.
2.39000, 354.
2.40000, 287.
2.41000, 222.
2.42000, 169.
2.43000, 170.
2.44000, 162.
2.45000, 143.
2.46000, 162.
2.47000, 158.
2.48000, 155.
2.49000, 158.
2.50000, 124.
2.51000, 133.
2.52000, 108.
2.53000, 86.
2.54000, 76.
2.55000, 99.
2.56000, 88.
2.57000, 96.
2.58000, 120.
2.59000, 123.
2.60000, 167.
2.61000, 207.
2.62000, 253.
2.63000, 235.
2.64000, 332.
2.65000, 375.
2.66000, 405.
2.67000, 472.
2.68000, 543.
2.69000, 504.
2.70000, 537.
2.71000, 501.
2.72000, 532.
2.73000, 460.
2.74000, 442.
2.75000, 418.
2.76000, 416.
2.77000, 415.
2.78000, 377.
2.79000, 424.
2.80000, 440.
2.81000, 505.
2.82000, 508.
2.83000, 552.
2.84000, 508.
2.85000, 592.
2.86000, 535.
2.87000, 465.
2.88000, 439.
2.89000, 358.
2.90000, 318.
2.91000, 301.
2.92000, 232.
2.93000, 202.
2.94000, 207.
2.95000, 149.
2.96000, 144.
2.97000, 120.
2.98000, 92.
2.99000, 103.
3.00000, 74.
3.01000, 71.
3.02000, 72.
3.03000, 73.
3.04000, 83.
3.05000, 57.
3.06000, 54.
3.07000, 52.
3.08000, 46.
3.09000, 41.
3.10000, 41.
3.11000, 45.
3.12000, 33.
3.13000, 30.
3.14000, 42.
3.15000, 56.
3.16000, 46.
3.17000, 49.
3.18000, 59.
3.19000, 60.
3.20000, 88.
3.21000, 71.
3.22000, 88.
3.23000, 134.
3.24000, 153.
3.25000, 203.
3.26000, 235.
3.27000, 278.
3.28000, 326.
3.29000, 414.
3.30000, 410.
3.31000, 462.
3.32000, 459.
3.33000, 487.
3.34000, 399.
3.35000, 357.
3.36000, 317.
3.37000, 270.
3.38000, 258.
3.39000, 180.
3.40000, 130.
3.41000, 116.
3.42000, 77.
3.43000, 89.
3.44000, 75.
3.45000, 55.
3.46000, 52.
3.47000, 71.
3.48000, 65.
3.49000, 76.
3.50000, 91.
3.51000, 65.
3.52000, 113.
3.53000, 138.
3.54000, 167.
3.55000, 267.
3.56000, 325.
3.57000, 533.
3.58000, 735.
3.59000, 999.
3.60000, 1390.
3.61000, 1913.
3.62000, 2539.
3.63000, 3271.
3.64000, 4056.
3.65000, 5070.
3.66000, 5719.
3.67000, 6469.
3.68000, 6968.
3.69000, 7172.
3.70000, 7297.
3.71000, 6932.
3.72000, 6475.
3.73000, 5596.
3.74000, 4896.
3.75000, 3937.
3.76000, 3098.
3.77000, 2499.
3.78000, 1802.
3.79000, 1250.
3.80000, 899.
3.81000, 624.
3.82000, 402.
3.83000, 296.
3.84000, 154.
3.85000, 127.
3.86000, 96.
3.87000, 96.
3.88000, 124.
3.89000, 115.
3.90000, 164.
3.91000, 223.
3.92000, 273.
3.93000, 332.
3.94000, 400.
3.95000, 508.
3.96000, 635.
3.97000, 780.
3.98000, 812.
3.99000, 938.
4.00000, 1017.
4.01000, 1060.
4.02000, 1061.
4.03000, 1030.
4.04000, 943.
4.05000, 920.
4.06000, 747.
4.07000, 697.
4.08000, 524.
4.09000, 416.
4.10000, 308.
4.11000, 225.
4.12000, 195.
4.13000, 128.
4.14000, 99.
4.15000, 81.
4.16000, 72.
4.17000, 36.
4.18000, 41.
4.19000, 24.
4.20000, 30.
4.21000, 33.
4.22000, 37.
4.23000, 35.
4.24000, 35.
4.25000, 20.
4.26000, 20.
4.27000, 42.
4.28000, 32.
4.29000, 27.
4.30000, 30.
4.31000, 19.
4.32000, 36.
4.33000, 32.
4.34000, 34.
4.35000, 34.
4.36000, 50.
4.37000, 41.
4.38000, 50.
4.39000, 55.
4.40000, 89.
4.41000, 94.
4.42000, 110.
4.43000, 165.
4.44000, 222.
4.45000, 225.
4.46000, 270.
4.47000, 308.
4.48000, 342.
4.49000, 366.
4.50000, 401.
4.51000, 410.
4.52000, 365.
4.53000, 401.
4.54000, 390.
4.55000, 330.
4.56000, 276.
4.57000, 267.
4.58000, 212.
4.59000, 196.
4.60000, 150.
4.61000, 138.
4.62000, 122.
4.63000, 112.
4.64000, 90.
4.65000, 87.
4.66000, 71.
4.67000, 85.
4.68000, 74.
4.69000, 84.
4.70000, 64.
4.71000, 64.
4.72000, 61.
4.73000, 54.
4.74000, 45.
4.75000, 53.
4.76000, 55.
4.77000, 48.
4.78000, 45.
4.79000, 58.
4.80000, 58.
4.81000, 64.
4.82000, 47.
4.83000, 64.
4.84000, 56.
4.85000, 80.
4.86000, 74.
4.87000, 80.
4.88000, 85.
4.89000, 97.
4.90000, 104.
4.91000, 107.
4.92000, 113.
4.93000, 108.
4.94000, 112.
4.95000, 90.
4.96000, 124.
4.97000, 98.
4.98000, 113.
4.99000, 83.
5.00000, 74.
5.01000, 64.
5.02000, 69.
5.03000, 55.
5.04000, 49.
5.05000, 40.
5.06000, 45.
5.07000, 45.
5.08000, 40.
5.09000, 49.
5.10000, 44.
5.11000, 47.
5.12000, 43.
5.13000, 44.
5.14000, 43.
5.15000, 49.
5.16000, 49.
5.17000, 49.
5.18000, 49.
5.19000, 43.
5.20000, 27.
5.21000, 53.
5.22000, 56.
5.23000, 57.
5.24000, 67.
5.25000, 56.
5.26000, 57.
5.27000, 62.
5.28000, 45.
5.29000, 47.
5.30000, 53.
5.31000, 52.
5.32000, 68.
5.33000, 57.
5.34000, 46.
5.35000, 60.
5.36000, 58.
5.37000, 65.
5.38000, 77.
5.39000, 75.
5.40000, 67.
5.41000, 74.
5.42000, 81.
5.43000, 57.
5.44000, 86.
5.45000, 70.
5.46000, 81.
5.47000, 77.
5.48000, 57.
5.49000, 65.
5.50000, 61.
5.51000, 64.
5.52000, 61.
5.53000, 68.
5.54000, 52.
5.55000, 57.
5.56000, 65.
5.57000, 61.
5.58000, 42.
5.59000, 61.
5.60000, 63.
5.61000, 57.
5.62000, 59.
5.63000, 56.
5.64000, 58.
5.65000, 52.
5.66000, 67.
5.67000, 46.
5.68000, 61.
5.69000, 47.
5.70000, 55.
5.71000, 61.
5.72000, 66.
5.73000, 59.
5.74000, 54.
5.75000, 71.
5.76000, 58.
5.77000, 76.
5.78000, 76.
5.79000, 75.
5.80000, 114.
5.81000, 126.
5.82000, 146.
5.83000, 156.
5.84000, 190.
5.85000, 186.
5.86000, 226.
5.87000, 236.
5.88000, 247.
5.89000, 221.
5.90000, 240.
5.91000, 233.
5.92000, 225.
5.93000, 218.
5.94000, 216.
5.95000, 159.
5.96000, 187.
5.97000, 143.
5.98000, 132.
5.99000, 114.
6.00000, 92.
6.01000, 84.
6.02000, 67.
6.03000, 79.
6.04000, 75.
6.05000, 55.
6.06000, 60.
6.07000, 80.
6.08000, 81.
6.09000, 87.
6.10000, 78.
6.11000, 79.
6.12000, 75.
6.13000, 83.
6.14000, 90.
6.15000, 90.
6.16000, 114.
6.17000, 116.
6.18000, 155.
6.19000, 145.
6.20000, 153.
6.21000, 225.
6.22000, 260.
6.23000, 351.
6.24000, 431.
6.25000, 636.
6.26000, 905.
6.27000, 1284.
6.28000, 1710.
6.29000, 2223.
6.30000, 2824.
6.31000, 3684.
6.32000, 4481.
6.33000, 5584.
6.34000, 6494.
6.35000, 7435.
6.36000, 8469.
6.37000, 9239.
6.38000, 9888.
6.39000, 10303.
6.40000, 10281.
6.41000, 10267.
6.42000, 9995.
6.43000, 9064.
6.44000, 8341.
6.45000, 7465.
6.46000, 6411.
6.47000, 5263.
6.48000, 4349.
6.49000, 3549.
6.50000, 2676.
6.51000, 2082.
6.52000, 1539.
6.53000, 1144.
6.54000, 862.
6.55000, 608.
6.56000, 430.
6.57000, 313.
6.58000, 230.
6.59000, 192.
6.60000, 152.
6.61000, 140.
6.62000, 107.
6.63000, 100.
6.64000, 88.
6.65000, 88.
6.66000, 93.
6.67000, 76.
6.68000, 72.
6.69000, 96.
6.70000, 104.
6.71000, 95.
6.72000, 85.
6.73000, 80.
6.74000, 112.
6.75000, 91.
6.76000, 92.
6.77000, 96.
6.78000, 105.
6.79000, 69.
6.80000, 107.
6.81000, 110.
6.82000, 109.
6.83000, 126.
6.84000, 129.
6.85000, 141.
6.86000, 136.
6.87000, 167.
6.88000, 178.
6.89000, 191.
6.90000, 241.
6.91000, 277.
6.92000, 340.
6.93000, 357.
6.94000, 472.
6.95000, 579.
6.96000, 647.
6.97000, 808.
6.98000, 944.
6.99000, 1171.
7.00000, 1242.
7.01000, 1406.
7.02000, 1495.
7.03000, 1619.
7.04000, 1666.
7.05000, 1772.
7.06000, 1663.
7.07000, 1678.
7.08000, 1529.
7.09000, 1415.
7.10000, 1346.
7.11000, 1147.
7.12000, 994.
7.13000, 844.
7.14000, 764.
7.15000, 631.
7.16000, 501.
7.17000, 394.
7.18000, 302.
7.19000, 269.
7.20000, 189.
7.21000, 179.
7.22000, 136.
7.23000, 110.
7.24000, 101.
7.25000, 98.
7.26000, 65.
7.27000, 72.
7.28000, 78.
7.29000, 85.
7.30000, 71.
7.31000, 79.
7.32000, 60.
7.33000, 80.
7.34000, 73.
7.35000, 96.
7.36000, 73.
7.37000, 106.
7.38000, 79.
7.39000, 79.
7.40000, 82.
7.41000, 91.
7.42000, 89.
7.43000, 78.
7.44000, 96.
7.45000, 99.
7.46000, 83.
7.47000, 70.
7.48000, 87.
7.49000, 96.
7.50000, 90.
7.51000, 82.
7.52000, 94.
7.53000, 88.
7.54000, 69.
7.55000, 82.
7.56000, 66.
7.57000, 90.
7.58000, 74.
7.59000, 72.
7.60000, 89.
7.61000, 85.
7.62000, 96.
7.63000, 84.
7.64000, 72.
7.65000, 83.
7.66000, 79.
7.67000, 81.
7.68000, 85.
7.69000, 70.
7.70000, 86.
7.71000, 73.
7.72000, 75.
7.73000, 73.
7.74000, 83.
7.75000, 87.
7.76000, 98.
7.77000, 102.
7.78000, 80.
7.79000, 84.
7.80000, 91.
7.81000, 82.
7.82000, 98.
7.83000, 83.
7.84000, 88.
7.85000, 81.
7.86000, 92.
7.87000, 91.
7.88000, 103.
7.89000, 98.
7.90000, 100.
7.91000, 111.
7.92000, 101.
7.93000, 98.
7.94000, 110.
7.95000, 126.
7.96000, 127.
7.97000, 108.
7.98000, 128.
7.99000, 137.
8.00000, 129.
8.01000, 114.
8.02000, 122.
8.03000, 131.
8.04000, 115.
8.05000, 139.
8.06000, 139.
8.07000, 143.
8.08000, 136.
8.09000, 127.
8.10000, 135.
8.11000, 111.
8.12000, 123.
8.13000, 106.
8.14000, 119.
8.15000, 127.
8.16000, 105.
8.17000, 127.
8.18000, 129.
8.19000, 122.
8.20000, 118.
8.21000, 114.
8.22000, 129.
8.23000, 95.
8.24000, 121.
8.25000, 112.
8.26000, 117.
8.27000, 113.
8.28000, 116.
8.29000, 120.
8.30000, 114.
8.31000, 116.
8.32000, 100.
8.33000, 110.
8.34000, 119.
8.35000, 117.
8.36000, 108.
8.37000, 119.
8.38000, 116.
8.39000, 130.
8.40000, 124.
8.41000, 141.
8.42000, 110.
8.43000, 122.
8.44000, 113.
8.45000, 120.
8.46000, 131.
8.47000, 142.
8.48000, 152.
8.49000, 156.
8.50000, 156.
8.51000, 184.
8.52000, 169.
8.53000, 179.
8.54000, 205.
8.55000, 253.
8.56000, 274.
8.57000, 279.
8.58000, 302.
8.59000, 312.
8.60000, 301.
8.61000, 334.
8.62000, 341.
8.63000, 376.
8.64000, 328.
8.65000, 306.
8.66000, 336.
8.67000, 299.
8.68000, 328.
8.69000, 264.
8.70000, 263.
8.71000, 231.
8.72000, 207.
8.73000, 200.
8.74000, 182.
8.75000, 151.
8.76000, 171.
8.77000, 151.
8.78000, 122.
8.79000, 136.
8.80000, 120.
8.81000, 158.
8.82000, 131.
8.83000, 118.
8.84000, 119.
8.85000, 102.
8.86000, 115.
8.87000, 128.
8.88000, 127.
8.89000, 123.
8.90000, 135.
8.91000, 129.
8.92000, 110.
8.93000, 112.
8.94000, 120.
8.95000, 95.
8.96000, 128.
8.97000, 141.
8.98000, 117.
8.99000, 107.
9.00000, 122.
9.01000, 124.
9.02000, 115.
9.03000, 120.
9.04000, 115.
9.05000, 150.
9.06000, 129.
9.07000, 118.
9.08000, 127.
9.09000, 134.
9.10000, 112.
9.11000, 145.
9.12000, 108.
9.13000, 134.
9.14000, 139.
9.15000, 123.
9.16000, 133.
9.17000, 145.
9.18000, 115.
9.19000, 157.
9.20000, 138.
9.21000, 144.
9.22000, 134.
9.23000, 126.
9.24000, 140.
9.25000, 140.
9.26000, 139.
9.27000, 137.
9.28000, 151.
9.29000, 137.
9.30000, 132.
9.31000, 128.
9.32000, 145.
9.33000, 141.
9.34000, 140.
9.35000, 172.
9.36000, 152.
9.37000, 160.
9.38000, 124.
9.39000, 125.
9.40000, 136.
9.41000, 135.
9.42000, 141.
9.43000, 138.
9.44000, 150.
9.45000, 138.
9.46000, 160.
9.47000, 154.
9.48000, 148.
9.49000, 169.
9.50000, 144.
9.51000, 158.
9.52000, 162.
9.53000, 168.
9.54000, 161.
9.55000, 186.
9.56000, 183.
9.57000, 180.
9.58000, 174.
9.59000, 155.
9.60000, 187.
9.61000, 161.
9.62000, 154.
9.63000, 159.
9.64000, 181.
9.65000, 151.
9.66000, 151.
9.67000, 150.
9.68000, 170.
9.69000, 146.
9.70000, 148.
9.71000, 151.
9.72000, 145.
9.73000, 140.
9.74000, 167.
9.75000, 120.
9.76000, 141.
9.77000, 138.
9.78000, 135.
9.79000, 110.
9.80000, 138.
9.81000, 140.
9.82000, 119.
9.83000, 134.
9.84000, 146.
9.85000, 123.
9.86000, 128.
9.87000, 142.
9.88000, 143.
9.89000, 131.
9.90000, 119.
9.91000, 125.
9.92000, 140.
9.93000, 139.
9.94000, 133.
9.95000, 158.
9.96000, 161.
9.97000, 126.
9.98000, 154.
9.99000, 135.
10.00000, 182.
10.01000, 101.
10.02000, 149.
10.03000, 147.
10.04000, 157.
10.05000, 135.
10.06000, 160.
10.07000, 167.
10.08000, 173.
10.09000, 127.
10.10000, 151.
10.11000, 168.
10.12000, 159.
10.13000, 123.
10.14000, 165.
10.15000, 158.
10.16000, 163.
10.17000, 159.
10.18000, 135.
10.19000, 143.
10.20000, 130.
10.21000, 153.
10.22000, 129.
10.23000, 141.
10.24000, 146.
10.25000, 158.
10.26000, 132.
10.27000, 149.
10.28000, 148.
10.29000, 135.
10.30000, 152.
10.31000, 159.
10.32000, 143.
10.33000, 148.
10.34000, 148.
10.35000, 155.
10.36000, 153.
10.37000, 140.
10.38000, 156.
10.39000, 147.
10.40000, 157.
10.41000, 177.
10.42000, 183.
10.43000, 187.
10.44000, 165.
10.45000, 191.
10.46000, 195.
10.47000, 181.
10.48000, 197.
10.49000, 193.
10.50000, 211.
10.51000, 193.
10.52000, 200.
10.53000, 222.
10.54000, 180.
10.55000, 165.
10.56000, 220.
10.57000, 208.
10.58000, 193.
10.59000, 204.
10.60000, 194.
10.61000, 196.
10.62000, 186.
10.63000, 178.
10.64000, 149.
10.65000, 146.
10.66000, 174.
10.67000, 174.
10.68000, 141.
10.69000, 159.
10.70000, 140.
10.71000, 162.
10.72000, 136.
10.73000, 146.
10.74000, 159.
10.75000, 163.
10.76000, 152.
10.77000, 151.
10.78000, 147.
10.79000, 156.
10.80000, 171.
10.81000, 146.
10.82000, 160.
10.83000, 124.
10.84000, 164.
10.85000, 154.
10.86000, 161.
10.87000, 139.
10.88000, 145.
10.89000, 150.
10.90000, 146.
10.91000, 144.
10.92000, 173.
10.93000, 135.
10.94000, 165.
10.95000, 147.
10.96000, 156.
10.97000, 134.
10.98000, 141.
10.99000, 149.
11.00000, 145.
11.01000, 151.
11.02000, 160.
11.03000, 148.
11.04000, 166.
11.05000, 164.
11.06000, 151.
11.07000, 155.
11.08000, 139.
11.09000, 151.
11.10000, 174.
11.11000, 143.
11.12000, 166.
11.13000, 163.
11.14000, 151.
11.15000, 163.
11.16000, 147.
11.17000, 149.
11.18000, 146.
11.19000, 170.
11.20000, 167.
11.21000, 158.
11.22000, 147.
11.23000, 139.
11.24000, 164.
11.25000, 155.
11.26000, 165.
11.27000, 161.
11.28000, 179.
11.29000, 156.
11.30000, 181.
11.31000, 154.
11.32000, 158.
11.33000, 139.
11.34000, 166.
11.35000, 183.
11.36000, 163.
11.37000, 146.
11.38000, 160.
11.39000, 165.
11.40000, 170.
11.41000, 169.
11.42000, 155.
11.43000, 188.
11.44000, 196.
11.45000, 153.
11.46000, 161.
11.47000, 169.
11.48000, 163.
11.49000, 172.
11.50000, 166.
11.51000, 161.
11.52000, 136.
11.53000, 132.
11.54000, 167.
11.55000, 154.
11.56000, 168.
11.57000, 146.
11.58000, 184.
11.59000, 164.
11.60000, 152.
11.61000, 170.
11.62000, 152.
11.63000, 155.
11.64000, 172.
11.65000, 181.
11.66000, 173.
11.67000, 162.
11.68000, 202.
11.69000, 179.
11.70000, 164.
11.71000, 163.
11.72000, 147.
11.73000, 188.
11.74000, 145.
11.75000, 184.
11.76000, 171.
11.77000, 179.
11.78000, 156.
11.79000, 170.
11.80000, 182.
11.81000, 158.
11.82000, 188.
11.83000, 155.
11.84000, 186.
11.85000, 165.
11.86000, 144.
11.87000, 174.
11.88000, 146.
11.89000, 184.
11.90000, 179.
11.91000, 172.
11.92000, 188.
11.93000, 181.
11.94000, 183.
11.95000, 168.
11.96000, 186.
11.97000, 171.
11.98000, 169.
11.99000, 153.
12.00000, 164.
12.01000, 157.
12.02000, 160.
12.03000, 161.
12.04000, 162.
12.05000, 144.
12.06000, 160.
12.07000, 159.
12.08000, 168.
12.09000, 188.
12.10000, 143.
12.11000, 171.
12.12000, 157.
12.13000, 163.
12.14000, 163.
12.15000, 177.
12.16000, 151.
12.17000, 183.
12.18000, 160.
12.19000, 191.
12.20000, 163.
12.21000, 168.
12.22000, 161.
12.23000, 162.
12.24000, 175.
12.25000, 166.
12.26000, 182.
12.27000, 176.
12.28000, 165.
12.29000, 167.
12.30000, 176.
12.31000, 149.
12.32000, 162.
12.33000, 157.
12.34000, 171.
12.35000, 161.
12.36000, 158.
12.37000, 160.
12.38000, 156.
12.39000, 180.
12.40000, 145.
12.41000, 191.
12.42000, 176.
12.43000, 172.
12.44000, 169.
12.45000, 182.
12.46000, 174.
12.47000, 184.
12.48000, 159.
12.49000, 180.
12.50000, 178.
12.51000, 164.
12.52000, 180.
12.53000, 197.
12.54000, 185.
12.55000, 185.
12.56000, 192.
12.57000, 198.
12.58000, 198.
12.59000, 202.
12.60000, 205.
12.61000, 168.
12.62000, 199.
12.63000, 189.
12.64000, 211.
12.65000, 169.
12.66000, 199.
12.67000, 204.
12.68000, 194.
12.69000, 197.
12.70000, 192.
12.71000, 191.
12.72000, 179.
12.73000, 184.
12.74000, 209.
12.75000, 168.
12.76000, 185.
12.77000, 183.
12.78000, 183.
12.79000, 180.
12.80000, 181.
12.81000, 199.
12.82000, 187.
12.83000, 195.
12.84000, 202.
12.85000, 182.
12.86000, 166.
12.87000, 191.
12.88000, 185.
12.89000, 166.
12.90000, 165.
12.91000, 182.
12.92000, 165.
12.93000, 190.
12.94000, 172.
12.95000, 167.
12.96000, 159.
12.97000, 151.
12.98000, 197.
12.99000, 167.
13.00000, 190.
13.01000, 185.
13.02000, 181.
13.03000, 171.
13.04000, 196.
13.05000, 166.
13.06000, 188.
13.07000, 186.
13.08000, 165.
13.09000, 152.
13.10000, 158.
13.11000, 172.
13.12000, 184.
13.13000, 192.
13.14000, 179.
13.15000, 189.
13.16000, 173.
13.17000, 168.
13.18000, 209.
13.19000, 179.
13.20000, 165.
13.21000, 179.
13.22000, 174.
13.23000, 171.
13.24000, 162.
13.25000, 197.
13.26000, 174.
13.27000, 191.
13.28000, 183.
13.29000, 205.
13.30000, 179.
13.31000, 172.
13.32000, 199.
13.33000, 221.
13.34000, 197.
13.35000, 240.
13.36000, 201.
13.37000, 207.
13.38000, 188.
13.39000, 201.
13.40000, 215.
13.41000, 190.
13.42000, 187.
13.43000, 174.
13.44000, 193.
13.45000, 179.
13.46000, 180.
13.47000, 204.
13.48000, 216.
13.49000, 206.
13.50000, 171.
13.51000, 184.
13.52000, 185.
13.53000, 172.
13.54000, 169.
13.55000, 170.
13.56000, 191.
13.57000, 193.
13.58000, 171.
13.59000, 185.
13.60000, 155.
13.61000, 157.
13.62000, 140.
13.63000, 165.
13.64000, 162.
13.65000, 176.
13.66000, 186.
13.67000, 169.
13.68000, 159.
13.69000, 200.
13.70000, 195.
13.71000, 172.
13.72000, 180.
13.73000, 164.
13.74000, 151.
13.75000, 176.
13.76000, 184.
13.77000, 163.
13.78000, 174.
13.79000, 150.
13.80000, 179.
13.81000, 170.
13.82000, 174.
13.83000, 166.
13.84000, 204.
13.85000, 187.
13.86000, 156.
13.87000, 180.
13.88000, 182.
13.89000, 193.
13.90000, 193.
13.91000, 171.
13.92000, 177.
13.93000, 191.
13.94000, 207.
13.95000, 217.
13.96000, 246.
13.97000, 263.
13.98000, 274.
13.99000, 250.
14.00000, 299.
14.01000, 323.
14.02000, 320.
14.03000, 336.
14.04000, 366.
14.05000, 382.
14.06000, 403.
14.07000, 447.
14.08000, 432.
14.09000, 473.
14.10000, 481.
14.11000, 452.
14.12000, 471.
14.13000, 462.
14.14000, 396.
14.15000, 429.
14.16000, 413.
14.17000, 466.
14.18000, 433.
14.19000, 389.
14.20000, 394.
14.21000, 350.
14.22000, 349.
14.23000, 323.
14.24000, 286.
14.25000, 273.
14.26000, 306.
14.27000, 253.
14.28000, 214.
14.29000, 235.
14.30000, 214.
14.31000, 204.
14.32000, 208.
14.33000, 168.
14.34000, 186.
14.35000, 172.
14.36000, 176.
14.37000, 165.
14.38000, 140.
14.39000, 192.
14.40000, 169.
14.41000, 173.
14.42000, 167.
14.43000, 168.
14.44000, 155.
14.45000, 169.
14.46000, 165.
14.47000, 152.
14.48000, 172.
14.49000, 173.
14.50000, 146.
14.51000, 196.
14.52000, 191.
14.53000, 159.
14.54000, 162.
14.55000, 202.
14.56000, 176.
14.57000, 182.
14.58000, 162.
14.59000, 185.
14.60000, 176.
14.61000, 162.
14.62000, 172.
14.63000, 158.
14.64000, 171.
14.65000, 192.
14.66000, 182.
14.67000, 162.
14.68000, 153.
14.69000, 172.
14.70000, 181.
14.71000, 154.
14.72000, 174.
14.73000, 193.
14.74000, 164.
14.75000, 179.
14.76000, 185.
14.77000, 204.
14.78000, 171.
14.79000, 194.
14.80000, 175.
14.81000, 176.
14.82000, 192.
14.83000, 200.
14.84000, 177.
14.85000, 196.
14.86000, 201.
14.87000, 198.
14.88000, 208.
14.89000, 210.
14.90000, 177.
14.91000, 210.
14.92000, 172.
14.93000, 209.
14.94000, 206.
14.95000, 185.
14.96000, 231.
14.97000, 198.
14.98000, 163.
14.99000, 203.
15.00000, 171.
15.01000, 195.
15.02000, 199.
15.03000, 205.
15.04000, 182.
15.05000, 169.
15.06000, 207.
15.07000, 168.
15.08000, 168.
15.09000, 165.
15.10000, 160.
15.11000, 163.
15.12000, 185.
15.13000, 181.
15.14000, 168.
15.15000, 169.
15.16000, 181.
15.17000, 185.
15.18000, 186.
15.19000, 170.
15.20000, 163.
15.21000, 150.
15.22000, 175.
15.23000, 172.
15.24000, 166.
15.25000, 179.
15.26000, 168.
15.27000, 161.
15.28000, 162.
15.29000, 149.
15.30000, 177.
15.31000, 190.
15.32000, 166.
15.33000, 161.
15.34000, 146.
15.35000, 179.
15.36000, 162.
15.37000, 158.
15.38000, 157.
15.39000, 185.
15.40000, 167.
15.41000, 160.
15.42000, 167.
15.43000, 169.
15.44000, 175.
15.45000, 180.
15.46000, 154.
15.47000, 176.
15.48000, 196.
15.49000, 198.
15.50000, 191.
15.51000, 217.
15.52000, 218.
15.53000, 182.
15.54000, 235.
15.55000, 218.
15.56000, 260.
15.57000, 219.
15.58000, 277.
15.59000, 264.
15.60000, 321.
15.61000, 301.
15.62000, 336.
15.63000, 342.
15.64000, 335.
15.65000, 353.
15.66000, 429.
15.67000, 401.
15.68000, 425.
15.69000, 399.
15.70000, 466.
15.71000, 469.
15.72000, 462.
15.73000, 475.
15.74000, 435.
15.75000, 469.
15.76000, 442.
15.77000, 462.
15.78000, 444.
15.79000, 416.
15.80000, 415.
15.81000, 389.
15.82000, 372.
15.83000, 384.
15.84000, 363.
15.85000, 319.
15.86000, 311.
15.87000, 276.
15.88000, 286.
15.89000, 277.
15.90000, 248.
15.91000, 227.
15.92000, 219.
15.93000, 218.
15.94000, 190.
15.95000, 193.
15.96000, 206.
15.97000, 188.
15.98000, 192.
15.99000, 174.
16.00000, 156.
16.01000, 194.
16.02000, 201.
16.03000, 178.
16.04000, 164.
16.05000, 182.
16.06000, 171.
16.07000, 164.
16.08000, 167.
16.09000, 170.
16.10000, 167.
16.11000, 192.
16.12000, 189.
16.13000, 147.
16.14000, 171.
16.15000, 183.
16.16000, 176.
16.17000, 188.
16.18000, 167.
16.19000, 189.
16.20000, 146.
16.21000, 195.
16.22000, 170.
16.23000, 172.
16.24000, 175.
16.25000, 150.
16.26000, 179.
16.27000, 159.
16.28000, 174.
16.29000, 163.
16.30000, 160.
16.31000, 169.
16.32000, 181.
16.33000, 153.
16.34000, 172.
16.35000, 176.
16.36000, 166.
16.37000, 170.
16.38000, 162.
16.39000, 149.
16.40000, 175.
16.41000, 158.
16.42000, 141.
16.43000, 201.
16.44000, 149.
16.45000, 162.
16.46000, 172.
16.47000, 176.
16.48000, 195.
16.49000, 154.
16.50000, 155.
16.51000, 175.
16.52000, 174.
16.53000, 172.
16.54000, 173.
16.55000, 161.
16.56000, 164.
16.57000, 185.
16.58000, 154.
16.59000, 170.
16.60000, 152.
16.61000, 152.
16.62000, 186.
16.63000, 180.
16.64000, 176.
16.65000, 177.
16.66000, 180.
16.67000, 171.
16.68000, 187.
16.69000, 170.
16.70000, 183.
16.71000, 164.
16.72000, 162.
16.73000, 190.
16.74000, 154.
16.75000, 137.
16.76000, 153.
16.77000, 211.
16.78000, 177.
16.79000, 198.
16.80000, 160.
16.81000, 178.
16.82000, 147.
16.83000, 160.
16.84000, 191.
16.85000, 176.
16.86000, 186.
16.87000, 179.
16.88000, 178.
16.89000, 186.
16.90000, 179.
16.91000, 197.
16.92000, 176.
16.93000, 183.
16.94000, 169.
16.95000, 159.
16.96000, 170.
16.97000, 186.
16.98000, 175.
16.99000, 166.
17.00000, 181.
17.01000, 184.
17.02000, 206.
17.03000, 170.
17.04000, 187.
17.05000, 189.
17.06000, 170.
17.07000, 180.
17.08000, 174.
17.09000, 186.
17.10000, 142.
17.11000, 173.
17.12000, 165.
17.13000, 166.
17.14000, 176.
17.15000, 171.
17.16000, 164.
17.17000, 183.
17.18000, 171.
17.19000, 172.
17.20000, 193.
17.21000, 183.
17.22000, 178.
17.23000, 180.
17.24000, 207.
17.25000, 166.
17.26000, 183.
17.27000, 193.
17.28000, 174.
17.29000, 176.
17.30000, 195.
17.31000, 211.
17.32000, 179.
17.33000, 177.
17.34000, 191.
17.35000, 193.
17.36000, 203.
17.37000, 200.
17.38000, 195.
17.39000, 169.
17.40000, 180.
17.41000, 190.
17.42000, 178.
17.43000, 203.
17.44000, 230.
17.45000, 188.
17.46000, 188.
17.47000, 203.
17.48000, 207.
17.49000, 208.
17.50000, 225.
17.51000, 198.
17.52000, 213.
17.53000, 214.
17.54000, 225.
17.55000, 244.
17.56000, 206.
17.57000, 203.
17.58000, 230.
17.59000, 231.
17.60000, 248.
17.61000, 247.
17.62000, 193.
17.63000, 256.
17.64000, 231.
17.65000, 217.
17.66000, 229.
17.67000, 245.
17.68000, 248.
17.69000, 251.
17.70000, 255.
17.71000, 255.
17.72000, 279.
17.73000, 244.
17.74000, 220.
17.75000, 278.
17.76000, 214.
17.77000, 222.
17.78000, 231.
17.79000, 235.
17.80000, 262.
17.81000, 221.
17.82000, 231.
17.83000, 224.
17.84000, 225.
17.85000, 201.
17.86000, 211.
17.87000, 244.
17.88000, 225.
17.89000, 238.
17.90000, 217.
17.91000, 223.
17.92000, 250.
17.93000, 263.
17.94000, 241.
17.95000, 222.
17.96000, 235.
17.97000, 251.
17.98000, 251.
17.99000, 255.
18.00000, 274.
18.01000, 252.
18.02000, 231.
18.03000, 262.
18.04000, 282.
18.05000, 270.
18.06000, 273.
18.07000, 268.
18.08000, 252.
18.09000, 272.
18.10000, 252.
18.11000, 271.
18.12000, 304.
18.13000, 301.
18.14000, 276.
18.15000, 295.
18.16000, 316.
18.17000, 304.
18.18000, 294.
18.19000, 302.
18.20000, 301.
18.21000, 294.
18.22000, 336.
18.23000, 335.
18.24000, 377.
18.25000, 357.
18.26000, 335.
18.27000, 343.
18.28000, 392.
18.29000, 387.
18.30000, 371.
18.31000, 357.
18.32000, 412.
18.33000, 378.
18.34000, 383.
18.35000, 449.
18.36000, 432.
18.37000, 437.
18.38000, 457.
18.39000, 467.
18.40000, 492.
18.41000, 477.
18.42000, 534.
18.43000, 574.
18.44000, 539.
18.45000, 595.
18.46000, 587.
18.47000, 623.
18.48000, 616.
18.49000, 631.
18.50000, 673.
18.51000, 663.
18.52000, 688.
18.53000, 751.
18.54000, 721.
18.55000, 734.
18.56000, 822.
18.57000, 804.
18.58000, 823.
18.59000, 800.
18.60000, 902.
18.61000, 878.
18.62000, 862.
18.63000, 865.
18.64000, 899.
18.65000, 951.
18.66000, 966.
18.67000, 980.
18.68000, 987.
18.69000, 1003.
18.70000, 1018.
18.71000, 1064.
18.72000, 1081.
18.73000, 1048.
18.74000, 1033.
18.75000, 1148.
18.76000, 1044.
18.77000, 1071.
18.78000, 1098.
18.79000, 1005.
18.80000, 1080.
18.81000, 1052.
18.82000, 1047.
18.83000, 1062.
18.84000, 1044.
18.85000, 1038.
18.86000, 1090.
18.87000, 1020.
18.88000, 1053.
18.89000, 1002.
18.90000, 1025.
18.91000, 926.
18.92000, 998.
18.93000, 983.
18.94000, 937.
18.95000, 935.
18.96000, 898.
18.97000, 893.
18.98000, 863.
18.99000, 878.
19.00000, 893.
19.01000, 770.
19.02000, 763.
19.03000, 779.
19.04000, 769.
19.05000, 716.
19.06000, 745.
19.07000, 701.
19.08000, 676.
19.09000, 665.
19.10000, 667.
19.11000, 607.
19.12000, 604.
19.13000, 609.
19.14000, 581.
19.15000, 536.
19.16000, 538.
19.17000, 563.
19.18000, 523.
19.19000, 494.
19.20000, 480.
19.21000, 481.
19.22000, 506.
19.23000, 449.
19.24000, 397.
19.25000, 434.
19.26000, 397.
19.27000, 379.
19.28000, 419.
19.29000, 347.
19.30000, 381.
19.31000, 365.
19.32000, 369.
19.33000, 362.
19.34000, 348.
19.35000, 314.
19.36000, 353.
19.37000, 321.
19.38000, 289.
19.39000, 295.
19.40000, 292.
19.41000, 280.
19.42000, 300.
19.43000, 296.
19.44000, 310.
19.45000, 312.
19.46000, 271.
19.47000, 276.
19.48000, 268.
19.49000, 267.
19.50000, 282.
19.51000, 271.
19.52000, 252.
19.53000, 274.
19.54000, 240.
19.55000, 265.
19.56000, 219.
19.57000, 233.
19.58000, 253.
19.59000, 219.
19.60000, 230.
19.61000, 221.
19.62000, 204.
19.63000, 229.
19.64000, 225.
19.65000, 234.
19.66000, 199.
19.67000, 221.
19.68000, 211.
19.69000, 211.
19.70000, 187.
19.71000, 210.
19.72000, 204.
19.73000, 179.
19.74000, 170.
19.75000, 196.
19.76000, 198.
19.77000, 167.
19.78000, 200.
19.79000, 201.
19.80000, 189.
19.81000, 185.
19.82000, 221.
19.83000, 220.
19.84000, 197.
19.85000, 200.
19.86000, 205.
19.87000, 222.
19.88000, 264.
19.89000, 219.
19.90000, 282.
19.91000, 256.
19.92000, 277.
19.93000, 302.
19.94000, 278.
19.95000, 315.
19.96000, 336.
19.97000, 397.
19.98000, 379.
19.99000, 399.
20.00000, 417.
20.01000, 442.
20.02000, 458.
20.03000, 461.
20.04000, 486.
20.05000, 520.
20.06000, 490.
20.07000, 518.
20.08000, 521.
20.09000, 550.
20.10000, 588.
20.11000, 588.
20.12000, 606.
20.13000, 573.
20.14000, 611.
20.15000, 623.
20.16000, 675.
20.17000, 626.
20.18000, 587.
20.19000, 535.
20.20000, 596.
20.21000, 527.
20.22000, 538.
20.23000, 511.
20.24000, 554.
20.25000, 478.
20.26000, 426.
20.27000, 463.
20.28000, 387.
20.29000, 375.
20.30000, 365.
20.31000, 312.
20.32000, 298.
20.33000, 261.
20.34000, 270.
20.35000, 260.
20.36000, 265.
20.37000, 238.
20.38000, 220.
20.39000, 194.
20.40000, 200.
20.41000, 187.
20.42000, 170.
20.43000, 187.
20.44000, 178.
20.45000, 177.
20.46000, 163.
20.47000, 211.
20.48000, 169.
20.49000, 156.
20.50000, 183.
20.51000, 164.
20.52000, 164.
20.53000, 195.
20.54000, 186.
20.55000, 201.
20.56000, 205.
20.57000, 176.
20.58000, 185.
20.59000, 190.
20.60000, 184.
20.61000, 209.
20.62000, 213.
20.63000, 184.
20.64000, 192.
20.65000, 218.
20.66000, 190.
20.67000, 243.
20.68000, 199.
20.69000, 218.
20.70000, 228.
20.71000, 212.
20.72000, 241.
20.73000, 252.
20.74000, 238.
20.75000, 221.
20.76000, 236.
20.77000, 249.
20.78000, 271.
20.79000, 264.
20.80000, 229.
20.81000, 274.
20.82000, 247.
20.83000, 278.
20.84000, 292.
20.85000, 301.
20.86000, 272.
20.87000, 256.
20.88000, 297.
20.89000, 284.
20.90000, 289.
20.91000, 270.
20.92000, 277.
20.93000, 283.
20.94000, 294.
20.95000, 268.
20.96000, 297.
20.97000, 263.
20.98000, 282.
20.99000, 297.
21.00000, 287.
21.01000, 262.
21.02000, 292.
21.03000, 272.
21.04000, 283.
21.05000, 318.
21.06000, 279.
21.07000, 294.
21.08000, 275.
21.09000, 254.
21.10000, 267.
21.11000, 269.
21.12000, 302.
21.13000, 256.
21.14000, 243.
21.15000, 264.
21.16000, 263.
21.17000, 260.
21.18000, 276.
21.19000, 266.
21.20000, 252.
21.21000, 271.
21.22000, 267.
21.23000, 237.
21.24000, 256.
21.25000, 223.
21.26000, 253.
21.27000, 238.
21.28000, 233.
21.29000, 209.
21.30000, 221.
21.31000, 226.
21.32000, 220.
21.33000, 213.
21.34000, 179.
21.35000, 228.
21.36000, 211.
21.37000, 184.
21.38000, 183.
21.39000, 193.
21.40000, 189.
21.41000, 206.
21.42000, 178.
21.43000, 165.
21.44000, 199.
21.45000, 193.
21.46000, 169.
21.47000, 169.
21.48000, 153.
21.49000, 168.
21.50000, 177.
21.51000, 144.
21.52000, 180.
21.53000, 172.
21.54000, 151.
21.55000, 173.
21.56000, 157.
21.57000, 150.
21.58000, 161.
21.59000, 143.
21.60000, 133.
21.61000, 156.
21.62000, 137.
21.63000, 167.
21.64000, 165.
21.65000, 141.
21.66000, 159.
21.67000, 137.
21.68000, 144.
21.69000, 149.
21.70000, 153.
21.71000, 122.
21.72000, 128.
21.73000, 134.
21.74000, 125.
21.75000, 133.
21.76000, 148.
21.77000, 141.
21.78000, 136.
21.79000, 110.
21.80000, 124.
21.81000, 134.
21.82000, 133.
21.83000, 124.
21.84000, 111.
21.85000, 137.
21.86000, 116.
21.87000, 113.
21.88000, 103.
21.89000, 105.
21.90000, 101.
21.91000, 117.
21.92000, 128.
21.93000, 124.
21.94000, 131.
21.95000, 98.
21.96000, 114.
21.97000, 108.
21.98000, 107.
21.99000, 130.
22.00000, 102.
22.01000, 124.
22.02000, 113.
22.03000, 122.
22.04000, 100.
22.05000, 93.
22.06000, 106.
22.07000, 110.
22.08000, 95.
22.09000, 100.
22.10000, 97.
22.11000, 105.
22.12000, 105.
22.13000, 113.
22.14000, 88.
22.15000, 115.
22.16000, 115.
22.17000, 101.
22.18000, 100.
22.19000, 103.
22.20000, 112.
22.21000, 93.
22.22000, 84.
22.23000, 95.
22.24000, 82.
22.25000, 108.
22.26000, 94.
22.27000, 96.
22.28000, 109.
22.29000, 112.
22.30000, 113.
22.31000, 85.
22.32000, 103.
22.33000, 111.
22.34000, 91.
22.35000, 86.
22.36000, 119.
22.37000, 105.
22.38000, 116.
22.39000, 103.
22.40000, 89.
22.41000, 98.
22.42000, 92.
22.43000, 109.
22.44000, 98.
22.45000, 101.
22.46000, 113.
22.47000, 109.
22.48000, 121.
22.49000, 129.
22.50000, 101.
22.51000, 109.
22.52000, 108.
22.53000, 115.
22.54000, 142.
22.55000, 128.
22.56000, 107.
22.57000, 124.
22.58000, 158.
22.59000, 137.
22.60000, 134.
22.61000, 145.
22.62000, 142.
22.63000, 136.
22.64000, 151.
22.65000, 170.
22.66000, 163.
22.67000, 153.
22.68000, 153.
22.69000, 143.
22.70000, 153.
22.71000, 178.
22.72000, 152.
22.73000, 151.
22.74000, 137.
22.75000, 145.
22.76000, 150.
22.77000, 142.
22.78000, 128.
22.79000, 111.
22.80000, 118.
22.81000, 107.
22.82000, 103.
22.83000, 99.
22.84000, 105.
22.85000, 97.
22.86000, 113.
22.87000, 83.
22.88000, 99.
22.89000, 80.
22.90000, 92.
22.91000, 94.
22.92000, 88.
22.93000, 89.
22.94000, 93.
22.95000, 77.
22.96000, 88.
22.97000, 100.
22.98000, 90.
22.99000, 94.
23.00000, 98.
23.01000, 107.
23.02000, 94.
23.03000, 96.
23.04000, 79.
23.05000, 87.
23.06000, 83.
23.07000, 97.
23.08000, 100.
23.09000, 100.
23.10000, 91.
23.11000, 77.
23.12000, 86.
23.13000, 101.
23.14000, 85.
23.15000, 100.
23.16000, 101.
23.17000, 79.
23.18000, 78.
23.19000, 82.
23.20000, 93.
23.21000, 75.
23.22000, 90.
23.23000, 74.
23.24000, 96.
23.25000, 92.
23.26000, 74.
23.27000, 77.
23.28000, 74.
23.29000, 75.
23.30000, 96.
23.31000, 74.
23.32000, 73.
23.33000, 79.
23.34000, 88.
23.35000, 82.
23.36000, 78.
23.37000, 62.
23.38000, 82.
23.39000, 79.
23.40000, 87.
23.41000, 78.
23.42000, 85.
23.43000, 86.
23.44000, 78.
23.45000, 66.
23.46000, 75.
23.47000, 89.
23.48000, 76.
23.49000, 86.
23.50000, 75.
23.51000, 69.
23.52000, 77.
23.53000, 66.
23.54000, 60.
23.55000, 86.
23.56000, 76.
23.57000, 91.
23.58000, 66.
23.59000, 74.
23.60000, 88.
23.61000, 88.
23.62000, 82.
23.63000, 75.
23.64000, 83.
23.65000, 71.
23.66000, 92.
23.67000, 87.
23.68000, 89.
23.69000, 75.
23.70000, 67.
23.71000, 71.
23.72000, 75.
23.73000, 74.
23.74000, 74.
23.75000, 59.
23.76000, 73.
23.77000, 69.
23.78000, 60.
23.79000, 67.
23.80000, 71.
23.81000, 72.
23.82000, 69.
23.83000, 81.
23.84000, 83.
23.85000, 62.
23.86000, 85.
23.87000, 82.
23.88000, 68.
23.89000, 78.
23.90000, 87.
23.91000, 78.
23.92000, 64.
23.93000, 79.
23.94000, 63.
23.95000, 71.
23.96000, 82.
23.97000, 76.
23.98000, 80.
23.99000, 66.
24.00000, 68.
24.01000, 61.
24.02000, 80.
24.03000, 58.
24.04000, 73.
24.05000, 77.
24.06000, 72.
24.07000, 71.
24.08000, 84.
24.09000, 78.
24.10000, 72.
24.11000, 59.
24.12000, 92.
24.13000, 73.
24.14000, 88.
24.15000, 76.
24.16000, 72.
24.17000, 67.
24.18000, 80.
24.19000, 89.
24.20000, 63.
24.21000, 71.
24.22000, 71.
24.23000, 72.
24.24000, 83.
24.25000, 63.
24.26000, 70.
24.27000, 56.
24.28000, 61.
24.29000, 73.
24.30000, 62.
24.31000, 68.
24.32000, 80.
24.33000, 71.
24.34000, 71.
24.35000, 72.
24.36000, 65.
24.37000, 75.
24.38000, 73.
24.39000, 73.
24.40000, 77.
24.41000, 63.
24.42000, 75.
24.43000, 69.
24.44000, 80.
24.45000, 77.
24.46000, 62.
24.47000, 96.
24.48000, 67.
24.49000, 63.
24.50000, 76.
24.51000, 70.
24.52000, 66.
24.53000, 65.
24.54000, 72.
24.55000, 81.
24.56000, 70.
24.57000, 66.
24.58000, 66.
24.59000, 72.
24.60000, 58.
24.61000, 65.
24.62000, 75.
24.63000, 65.
24.64000, 66.
24.65000, 82.
24.66000, 73.
24.67000, 73.
24.68000, 60.
24.69000, 63.
24.70000, 80.
24.71000, 71.
24.72000, 69.
24.73000, 60.
24.74000, 82.
24.75000, 65.
24.76000, 70.
24.77000, 70.
24.78000, 72.
24.79000, 75.
24.80000, 61.
24.81000, 71.
24.82000, 58.
24.83000, 77.
24.84000, 88.
24.85000, 68.
24.86000, 68.
24.87000, 79.
24.88000, 62.
24.89000, 78.
24.90000, 93.
24.91000, 70.
24.92000, 79.
24.93000, 76.
24.94000, 74.
24.95000, 79.
24.96000, 66.
24.97000, 74.
24.98000, 83.
24.99000, 73.
25.00000, 75.
25.01000, 71.
25.02000, 81.
25.03000, 85.
25.04000, 74.
25.05000, 77.
25.06000, 76.
25.07000, 77.
25.08000, 82.
25.09000, 77.
25.10000, 94.
25.11000, 85.
25.12000, 78.
25.13000, 83.
25.14000, 85.
25.15000, 71.
25.16000, 86.
25.17000, 80.
25.18000, 72.
25.19000, 76.
25.20000, 77.
25.21000, 63.
25.22000, 67.
25.23000, 77.
25.24000, 65.
25.25000, 72.
25.26000, 61.
25.27000, 75.
25.28000, 78.
25.29000, 70.
25.30000, 69.
25.31000, 93.
25.32000, 85.
25.33000, 66.
25.34000, 73.
25.35000, 88.
25.36000, 74.
25.37000, 74.
25.38000, 72.
25.39000, 76.
25.40000, 74.
25.41000, 68.
25.42000, 81.
25.43000, 63.
25.44000, 62.
25.45000, 70.
25.46000, 66.
25.47000, 69.
25.48000, 63.
25.49000, 74.
25.50000, 78.
25.51000, 54.
25.52000, 55.
25.53000, 66.
25.54000, 84.
25.55000, 64.
25.56000, 54.
25.57000, 64.
25.58000, 62.
25.59000, 60.
25.60000, 65.
25.61000, 69.
25.62000, 58.
25.63000, 64.
25.64000, 57.
25.65000, 63.
25.66000, 67.
25.67000, 69.
25.68000, 62.
25.69000, 65.
25.70000, 65.
25.71000, 65.
25.72000, 73.
25.73000, 62.
25.74000, 46.
25.75000, 68.
25.76000, 64.
25.77000, 63.
25.78000, 76.
25.79000, 80.
25.80000, 67.
25.81000, 59.
25.82000, 56.
25.83000, 56.
25.84000, 69.
25.85000, 71.
25.86000, 56.
25.87000, 75.
25.88000, 72.
25.89000, 67.
25.90000, 51.
25.91000, 58.
25.92000, 66.
25.93000, 64.
25.94000, 61.
25.95000, 72.
25.96000, 66.
25.97000, 56.
25.98000, 68.
25.99000, 73.
26.00000, 65.
26.01000, 65.
26.02000, 70.
26.03000, 66.
26.04000, 54.
26.05000, 59.
26.06000, 77.
26.07000, 63.
26.08000, 71.
26.09000, 62.
26.10000, 63.
26.11000, 58.
26.12000, 52.
26.13000, 56.
26.14000, 64.
26.15000, 72.
26.16000, 69.
26.17000, 64.
26.18000, 55.
26.19000, 57.
26.20000, 65.
26.21000, 58.
26.22000, 60.
26.23000, 56.
26.24000, 69.
26.25000, 65.
26.26000, 61.
26.27000, 49.
26.28000, 66.
26.29000, 52.
26.30000, 65.
26.31000, 77.
26.32000, 58.
26.33000, 61.
26.34000, 59.
26.35000, 52.
26.36000, 55.
26.37000, 59.
26.38000, 58.
26.39000, 66.
26.40000, 51.
26.41000, 65.
26.42000, 51.
26.43000, 68.
26.44000, 64.
26.45000, 54.
26.46000, 60.
26.47000, 60.
26.48000, 56.
26.49000, 61.
26.50000, 73.
26.51000, 71.
26.52000, 55.
26.53000, 55.
26.54000, 55.
26.55000, 67.
26.56000, 54.
26.57000, 67.
26.58000, 60.
26.59000, 59.
26.60000, 62.
26.61000, 52.
26.62000, 68.
26.63000, 64.
26.64000, 54.
26.65000, 78.
26.66000, 50.
26.67000, 59.
26.68000, 68.
26.69000, 56.
26.70000, 59.
26.71000, 51.
26.72000, 67.
26.73000, 59.
26.74000, 55.
26.75000, 45.
26.76000, 62.
26.77000, 58.
26.78000, 51.
26.79000, 71.
26.80000, 77.
26.81000, 52.
26.82000, 63.
26.83000, 65.
26.84000, 52.
26.85000, 42.
26.86000, 41.
26.87000, 51.
26.88000, 45.
26.89000, 50.
26.90000, 50.
26.91000, 54.
26.92000, 61.
26.93000, 53.
26.94000, 67.
26.95000, 59.
26.96000, 53.
26.97000, 51.
26.98000, 58.
26.99000, 58.
27.00000, 47.
27.01000, 61.
27.02000, 64.
27.03000, 61.
27.04000, 61.
27.05000, 64.
27.06000, 60.
27.07000, 58.
27.08000, 58.
27.09000, 45.
27.10000, 70.
27.11000, 62.
27.12000, 69.
27.13000, 55.
27.14000, 51.
27.15000, 46.
27.16000, 73.
27.17000, 47.
27.18000, 55.
27.19000, 49.
27.20000, 53.
27.21000, 72.
27.22000, 51.
27.23000, 52.
27.24000, 38.
27.25000, 48.
27.26000, 54.
27.27000, 59.
27.28000, 53.
27.29000, 59.
27.30000, 69.
27.31000, 46.
27.32000, 59.
27.33000, 62.
27.34000, 59.
27.35000, 53.
27.36000, 62.
27.37000, 58.
27.38000, 53.
27.39000, 54.
27.40000, 58.
27.41000, 55.
27.42000, 53.
27.43000, 74.
27.44000, 43.
27.45000, 39.
27.46000, 61.
27.47000, 36.
27.48000, 50.
27.49000, 44.
27.50000, 58.
27.51000, 58.
27.52000, 65.
27.53000, 61.
27.54000, 44.
27.55000, 51.
27.56000, 67.
27.57000, 53.
27.58000, 45.
27.59000, 60.
27.60000, 50.
27.61000, 40.
27.62000, 51.
27.63000, 56.
27.64000, 50.
27.65000, 53.
27.66000, 54.
27.67000, 37.
27.68000, 54.
27.69000, 53.
27.70000, 60.
27.71000, 45.
27.72000, 43.
27.73000, 54.
27.74000, 40.
27.75000, 41.
27.76000, 71.
27.77000, 57.
27.78000, 53.
27.79000, 47.
27.80000, 52.
27.81000, 49.
27.82000, 44.
27.83000, 54.
27.84000, 50.
27.85000, 54.
27.86000, 70.
27.87000, 57.
27.88000, 37.
27.89000, 64.
27.90000, 44.
27.91000, 48.
27.92000, 34.
27.93000, 45.
27.94000, 53.
27.95000, 45.
27.96000, 53.
27.97000, 49.
27.98000, 44.
27.99000, 49.
28.00000, 48.
28.01000, 55.
28.02000, 34.
28.03000, 59.
28.04000, 52.
28.05000, 47.
28.06000, 59.
28.07000, 47.
28.08000, 47.
28.09000, 48.
28.10000, 51.
28.11000, 56.
28.12000, 56.
28.13000, 45.
28.14000, 49.
28.15000, 51.
28.16000, 45.
28.17000, 39.
28.18000, 49.
28.19000, 60.
28.20000, 44.
28.21000, 52.
28.22000, 51.
28.23000, 45.
28.24000, 56.
28.25000, 29.
28.26000, 40.
28.27000, 63.
28.28000, 61.
28.29000, 45.
28.30000, 40.
28.31000, 44.
28.32000, 44.
28.33000, 48.
28.34000, 49.
28.35000, 68.
28.36000, 46.
28.37000, 49.
28.38000, 43.
28.39000, 45.
28.40000, 54.
28.41000, 51.
28.42000, 49.
28.43000, 48.
28.44000, 53.
28.45000, 44.
28.46000, 56.
28.47000, 50.
28.48000, 54.
28.49000, 40.
28.50000, 44.
28.51000, 50.
28.52000, 60.
28.53000, 58.
28.54000, 52.
28.55000, 42.
28.56000, 42.
28.57000, 36.
28.58000, 44.
28.59000, 53.
28.60000, 56.
28.61000, 49.
28.62000, 58.
28.63000, 57.
28.64000, 36.
28.65000, 45.
28.66000, 41.
28.67000, 57.
28.68000, 41.
28.69000, 52.
28.70000, 54.
28.71000, 47.
28.72000, 46.
28.73000, 44.
28.74000, 49.
28.75000, 53.
28.76000, 49.
28.77000, 45.
28.78000, 46.
28.79000, 56.
28.80000, 44.
28.81000, 57.
28.82000, 59.
28.83000, 45.
28.84000, 46.
28.85000, 30.
28.86000, 43.
28.87000, 42.
28.88000, 51.
28.89000, 39.
28.90000, 53.
28.91000, 52.
28.92000, 46.
28.93000, 44.
28.94000, 56.
28.95000, 54.
28.96000, 40.
28.97000, 58.
28.98000, 59.
28.99000, 45.
29.00000, 46.
29.01000, 47.
29.02000, 41.
29.03000, 43.
29.04000, 39.
29.05000, 35.
29.06000, 52.
29.07000, 40.
29.08000, 44.
29.09000, 41.
29.10000, 54.
29.11000, 38.
29.12000, 46.
29.13000, 50.
29.14000, 40.
29.15000, 37.
29.16000, 40.
29.17000, 52.
29.18000, 47.
29.19000, 41.
29.20000, 54.
29.21000, 42.
29.22000, 45.
29.23000, 46.
29.24000, 26.
29.25000, 42.
29.26000, 37.
29.27000, 35.
29.28000, 47.
29.29000, 40.
29.30000, 40.
29.31000, 44.
29.32000, 44.
29.33000, 43.
29.34000, 38.
29.35000, 45.
29.36000, 40.
29.37000, 42.
29.38000, 53.
29.39000, 50.
29.40000, 37.
29.41000, 35.
29.42000, 52.
29.43000, 39.
29.44000, 41.
29.45000, 52.
29.46000, 51.
29.47000, 47.
29.48000, 45.
29.49000, 39.
29.50000, 43.
29.51000, 43.
29.52000, 36.
29.53000, 45.
29.54000, 36.
29.55000, 43.
29.56000, 46.
29.57000, 43.
29.58000, 46.
29.59000, 54.
29.60000, 46.
29.61000, 41.
29.62000, 50.
29.63000, 37.
29.64000, 50.
29.65000, 46.
29.66000, 32.
29.67000, 40.
29.68000, 44.
29.69000, 40.
29.70000, 42.
29.71000, 36.
29.72000, 47.
29.73000, 42.
29.74000, 44.
29.75000, 44.
29.76000, 53.
29.77000, 42.
29.78000, 38.
29.79000, 36.
29.80000, 39.
29.81000, 36.
29.82000, 55.
29.83000, 38.
29.84000, 39.
29.85000, 34.
29.86000, 35.
29.87000, 42.
29.88000, 33.
29.89000, 41.
29.90000, 43.
29.91000, 40.
29.92000, 47.
29.93000, 29.
29.94000, 44.
29.95000, 38.
29.96000, 41.
29.97000, 44.
29.98000, 41.
29.99000, 44.
30.00000, 37.
30.01000, 35.
30.02000, 47.
30.03000, 38.
30.04000, 38.
30.05000, 41.
30.06000, 41.
30.07000, 31.
30.08000, 47.
30.09000, 41.
30.10000, 38.
30.11000, 43.
30.12000, 34.
30.13000, 40.
30.14000, 37.
30.15000, 28.
30.16000, 29.
30.17000, 39.
30.18000, 46.
30.19000, 32.
30.20000, 41.
30.21000, 39.
30.22000, 35.
30.23000, 39.
30.24000, 34.
30.25000, 44.
30.26000, 39.
30.27000, 40.
30.28000, 41.
30.29000, 39.
30.30000, 32.
30.31000, 37.
30.32000, 30.
30.33000, 31.
30.34000, 46.
30.35000, 36.
30.36000, 55.
30.37000, 48.
30.38000, 34.
30.39000, 33.
30.40000, 34.
30.41000, 41.
30.42000, 44.
30.43000, 26.
30.44000, 40.
30.45000, 29.
30.46000, 17.
30.47000, 42.
30.48000, 34.
30.49000, 31.
30.50000, 33.
30.51000, 38.
30.52000, 49.
30.53000, 39.
30.54000, 33.
30.55000, 29.
30.56000, 37.
30.57000, 36.
30.58000, 46.
30.59000, 31.
30.60000, 35.
30.61000, 42.
30.62000, 34.
30.63000, 39.
30.64000, 47.
30.65000, 37.
30.66000, 27.
30.67000, 34.
30.68000, 44.
30.69000, 41.
30.70000, 44.
30.71000, 33.
30.72000, 41.
30.73000, 30.
30.74000, 39.
30.75000, 45.
30.76000, 35.
30.77000, 49.
30.78000, 36.
30.79000, 33.
30.80000, 30.
30.81000, 37.
30.82000, 39.
30.83000, 40.
30.84000, 42.
30.85000, 33.
30.86000, 35.
30.87000, 29.
30.88000, 44.
30.89000, 37.
30.90000, 31.
30.91000, 29.
30.92000, 37.
30.93000, 38.
30.94000, 30.
30.95000, 34.
30.96000, 34.
30.97000, 40.
30.98000, 34.
30.99000, 28.
31.00000, 44.
31.01000, 39.
31.02000, 28.
31.03000, 44.
31.04000, 24.
31.05000, 33.
31.06000, 41.
31.07000, 36.
31.08000, 26.
31.09000, 34.
31.10000, 25.
31.11000, 40.
31.12000, 25.
31.13000, 28.
31.14000, 33.
31.15000, 18.
31.16000, 39.
31.17000, 30.
31.18000, 29.
31.19000, 29.
31.20000, 33.
31.21000, 33.
31.22000, 32.
31.23000, 30.
31.24000, 40.
31.25000, 31.
31.26000, 34.
31.27000, 36.
31.28000, 40.
31.29000, 36.
31.30000, 25.
31.31000, 20.
31.32000, 34.
31.33000, 30.
31.34000, 34.
31.35000, 34.
31.36000, 30.
31.37000, 29.
31.38000, 27.
31.39000, 38.
31.40000, 37.
31.41000, 34.
31.42000, 25.
31.43000, 35.
31.44000, 42.
31.45000, 33.
31.46000, 32.
31.47000, 36.
31.48000, 34.
31.49000, 39.
31.50000, 24.
31.51000, 39.
31.52000, 32.
31.53000, 30.
31.54000, 41.
31.55000, 33.
31.56000, 41.
31.57000, 26.
31.58000, 36.
31.59000, 38.
31.60000, 38.
31.61000, 38.
31.62000, 33.
31.63000, 29.
31.64000, 37.
31.65000, 28.
31.66000, 31.
31.67000, 32.
31.68000, 25.
31.69000, 35.
31.70000, 24.
31.71000, 34.
31.72000, 33.
31.73000, 30.
31.74000, 42.
31.75000, 42.
31.76000, 35.
31.77000, 39.
31.78000, 40.
31.79000, 35.
31.80000, 32.
31.81000, 24.
31.82000, 38.
31.83000, 35.
31.84000, 27.
31.85000, 34.
31.86000, 40.
31.87000, 26.
31.88000, 37.
31.89000, 33.
31.90000, 33.
31.91000, 33.
31.92000, 28.
31.93000, 24.
31.94000, 35.
31.95000, 45.
31.96000, 37.
31.97000, 28.
31.98000, 34.
31.99000, 36.
32.00000, 32.
32.01000, 32.
32.02000, 33.
32.03000, 34.
32.04000, 36.
32.05000, 45.
32.06000, 36.
32.07000, 24.
32.08000, 36.
32.09000, 37.
32.10000, 32.
32.11000, 35.
32.12000, 31.
32.13000, 34.
32.14000, 34.
32.15000, 38.
32.16000, 26.
32.17000, 42.
32.18000, 34.
32.19000, 35.
32.20000, 40.
32.21000, 34.
32.22000, 44.
32.23000, 33.
32.24000, 32.
32.25000, 47.
32.26000, 32.
32.27000, 33.
32.28000, 36.
32.29000, 28.
32.30000, 27.
32.31000, 28.
32.32000, 18.
32.33000, 23.
32.34000, 29.
32.35000, 24.
32.36000, 24.
32.37000, 35.
32.38000, 24.
32.39000, 30.
32.40000, 25.
32.41000, 38.
32.42000, 30.
32.43000, 20.
32.44000, 29.
32.45000, 34.
32.46000, 29.
32.47000, 33.
32.48000, 23.
32.49000, 31.
32.50000, 24.
32.51000, 28.
32.52000, 26.
32.53000, 26.
32.54000, 36.
32.55000, 23.
32.56000, 22.
32.57000, 19.
32.58000, 32.
32.59000, 32.
32.60000, 26.
32.61000, 28.
32.62000, 25.
32.63000, 22.
32.64000, 25.
32.65000, 22.
32.66000, 30.
32.67000, 28.
32.68000, 23.
32.69000, 39.
32.70000, 27.
32.71000, 28.
32.72000, 31.
32.73000, 29.
32.74000, 31.
32.75000, 28.
32.76000, 37.
32.77000, 30.
32.78000, 24.
32.79000, 33.
32.80000, 21.
32.81000, 29.
32.82000, 13.
32.83000, 32.
32.84000, 18.
32.85000, 23.
32.86000, 22.
32.87000, 24.
32.88000, 25.
32.89000, 23.
32.90000, 23.
32.91000, 24.
32.92000, 23.
32.93000, 26.
32.94000, 33.
32.95000, 33.
32.96000, 24.
32.97000, 29.
32.98000, 35.
32.99000, 29.
33.00000, 23.
33.01000, 24.
33.02000, 34.
33.03000, 16.
33.04000, 20.
33.05000, 19.
33.06000, 34.
33.07000, 26.
33.08000, 29.
33.09000, 34.
33.10000, 22.
33.11000, 20.
33.12000, 26.
33.13000, 22.
33.14000, 22.
33.15000, 17.
33.16000, 20.
33.17000, 23.
33.18000, 24.
33.19000, 29.
33.20000, 26.
33.21000, 21.
33.22000, 17.
33.23000, 27.
33.24000, 19.
33.25000, 26.
33.26000, 21.
33.27000, 31.
33.28000, 25.
33.29000, 23.
33.30000, 27.
33.31000, 19.
33.32000, 29.
33.33000, 29.
33.34000, 22.
33.35000, 30.
33.36000, 29.
33.37000, 31.
33.38000, 27.
33.39000, 28.
33.40000, 24.
33.41000, 28.
33.42000, 23.
33.43000, 22.
33.44000, 23.
33.45000, 21.
33.46000, 26.
33.47000, 29.
33.48000, 20.
33.49000, 25.
33.50000, 24.
33.51000, 26.
33.52000, 19.
33.53000, 24.
33.54000, 33.
33.55000, 25.
33.56000, 20.
33.57000, 22.
33.58000, 18.
33.59000, 18.
33.60000, 25.
33.61000, 22.
33.62000, 25.
33.63000, 35.
33.64000, 24.
33.65000, 28.
33.66000, 31.
33.67000, 24.
33.68000, 27.
33.69000, 29.
33.70000, 21.
33.71000, 30.
33.72000, 31.
33.73000, 16.
33.74000, 20.
33.75000, 26.
33.76000, 21.
33.77000, 13.
33.78000, 13.
33.79000, 19.
33.80000, 28.
33.81000, 19.
33.82000, 29.
33.83000, 25.
33.84000, 32.
33.85000, 35.
33.86000, 19.
33.87000, 16.
33.88000, 33.
33.89000, 27.
33.90000, 20.
33.91000, 19.
33.92000, 16.
33.93000, 18.
33.94000, 23.
33.95000, 29.
33.96000, 26.
33.97000, 30.
33.98000, 22.
33.99000, 33.
34.00000, 20.
34.01000, 20.
34.02000, 22.
34.03000, 23.
34.04000, 20.
34.05000, 32.
34.06000, 16.
34.07000, 19.
34.08000, 28.
34.09000, 18.
34.10000, 18.
34.11000, 23.
34.12000, 18.
34.13000, 25.
34.14000, 15.
34.15000, 28.
34.16000, 16.
34.17000, 28.
34.18000, 15.
34.19000, 26.
34.20000, 20.
34.21000, 25.
34.22000, 27.
34.23000, 24.
34.24000, 14.
34.25000, 25.
34.26000, 29.
34.27000, 32.
34.28000, 30.
34.29000, 26.
34.30000, 13.
34.31000, 15.
34.32000, 19.
34.33000, 22.
34.34000, 21.
34.35000, 25.
34.36000, 21.
34.37000, 31.
34.38000, 30.
34.39000, 26.
34.40000, 16.
34.41000, 18.
34.42000, 23.
34.43000, 29.
34.44000, 17.
34.45000, 26.
34.46000, 27.
34.47000, 23.
34.48000, 23.
34.49000, 17.
34.50000, 22.
34.51000, 17.
34.52000, 16.
34.53000, 26.
34.54000, 33.
34.55000, 23.
34.56000, 21.
34.57000, 24.
34.58000, 20.
34.59000, 15.
34.60000, 19.
34.61000, 17.
34.62000, 18.
34.63000, 26.
34.64000, 18.
34.65000, 17.
34.66000, 15.
34.67000, 17.
34.68000, 18.
34.69000, 21.
34.70000, 24.
34.71000, 20.
34.72000, 23.
34.73000, 15.
34.74000, 25.
34.75000, 20.
34.76000, 19.
34.77000, 30.
34.78000, 22.
34.79000, 11.
34.80000, 24.
34.81000, 29.
34.82000, 11.
34.83000, 11.
34.84000, 22.
34.85000, 22.
34.86000, 29.
34.87000, 15.
34.88000, 21.
34.89000, 15.
34.90000, 14.
34.91000, 21.
34.92000, 24.
34.93000, 21.
34.94000, 22.
34.95000, 21.
34.96000, 16.
34.97000, 12.
34.98000, 15.
34.99000, 15.
35.00000, 23.
35.01000, 17.
35.02000, 23.
35.03000, 20.
35.04000, 20.
35.05000, 20.
35.06000, 17.
35.07000, 13.
35.08000, 21.
35.09000, 10.
35.10000, 20.
35.11000, 13.
35.12000, 19.
35.13000, 18.
35.14000, 13.
35.15000, 22.
35.16000, 7.
35.17000, 15.
35.18000, 20.
35.19000, 18.
35.20000, 22.
35.21000, 21.
35.22000, 20.
35.23000, 19.
35.24000, 22.
35.25000, 20.
35.26000, 10.
35.27000, 17.
35.28000, 19.
35.29000, 14.
35.30000, 18.
35.31000, 15.
35.32000, 21.
35.33000, 20.
35.34000, 21.
35.35000, 18.
35.36000, 14.
35.37000, 20.
35.38000, 18.
35.39000, 21.
35.40000, 21.
35.41000, 19.
35.42000, 19.
35.43000, 15.
35.44000, 12.
35.45000, 30.
35.46000, 17.
35.47000, 20.
35.48000, 9.
35.49000, 17.
35.50000, 17.
35.51000, 19.
35.52000, 20.
35.53000, 19.
35.54000, 16.
35.55000, 11.
35.56000, 18.
35.57000, 18.
35.58000, 20.
35.59000, 14.
35.60000, 11.
35.61000, 9.
35.62000, 17.
35.63000, 15.
35.64000, 13.
35.65000, 22.
35.66000, 17.
35.67000, 17.
35.68000, 16.
35.69000, 19.
35.70000, 20.
35.71000, 20.
35.72000, 11.
35.73000, 14.
35.74000, 14.
35.75000, 15.
35.76000, 9.
35.77000, 14.
35.78000, 12.
35.79000, 13.
35.80000, 17.
35.81000, 14.
35.82000, 16.
35.83000, 15.
35.84000, 25.
35.85000, 23.
35.86000, 9.
35.87000, 17.
35.88000, 18.
35.89000, 14.
35.90000, 22.
35.91000, 13.
35.92000, 12.
35.93000, 23.
35.94000, 17.
35.95000, 17.
35.96000, 15.
35.97000, 8.
35.98000, 16.
35.99000, 18.
36.00000, 22.
36.01000, 10.
36.02000, 23.
36.03000, 14.
36.04000, 20.
36.05000, 20.
36.06000, 14.
36.07000, 21.
36.08000, 15.
36.09000, 13.
36.10000, 16.
36.11000, 16.
36.12000, 22.
36.13000, 17.
36.14000, 15.
36.15000, 12.
36.16000, 12.
36.17000, 20.
36.18000, 18.
36.19000, 15.
36.20000, 11.
36.21000, 18.
36.22000, 15.
36.23000, 20.
36.24000, 21.
36.25000, 8.
36.26000, 8.
36.27000, 17.
36.28000, 15.
36.29000, 13.
36.30000, 26.
36.31000, 12.
36.32000, 13.
36.33000, 19.
36.34000, 11.
36.35000, 15.
36.36000, 17.
36.37000, 14.
36.38000, 18.
36.39000, 16.
36.40000, 12.
36.41000, 19.
36.42000, 14.
36.43000, 19.
36.44000, 15.
36.45000, 12.
36.46000, 10.
36.47000, 16.
36.48000, 11.
36.49000, 8.
36.50000, 9.
36.51000, 14.
36.52000, 17.
36.53000, 14.
36.54000, 14.
36.55000, 18.
36.56000, 11.
36.57000, 15.
36.58000, 15.
36.59000, 18.
36.60000, 10.
36.61000, 14.
36.62000, 18.
36.63000, 11.
36.64000, 22.
36.65000, 16.
36.66000, 9.
36.67000, 10.
36.68000, 14.
36.69000, 10.
36.70000, 16.
36.71000, 13.
36.72000, 7.
36.73000, 26.
36.74000, 12.
36.75000, 11.
36.76000, 20.
36.77000, 14.
36.78000, 16.
36.79000, 15.
36.80000, 14.
36.81000, 8.
36.82000, 9.
36.83000, 10.
36.84000, 11.
36.85000, 15.
36.86000, 15.
36.87000, 13.
36.88000, 10.
36.89000, 16.
36.90000, 11.
36.91000, 7.
36.92000, 10.
36.93000, 11.
36.94000, 19.
36.95000, 6.
36.96000, 11.
36.97000, 13.
36.98000, 14.
36.99000, 15.
37.00000, 13.
37.01000, 12.
37.02000, 11.
37.03000, 12.
37.04000, 19.
37.05000, 20.
37.06000, 13.
37.07000, 17.
37.08000, 12.
37.09000, 12.
37.10000, 13.
37.11000, 19.
37.12000, 11.
37.13000, 9.
37.14000, 11.
37.15000, 7.
37.16000, 9.
37.17000, 18.
37.18000, 14.
37.19000, 16.
37.20000, 9.
37.21000, 11.
37.22000, 9.
37.23000, 19.
37.24000, 9.
37.25000, 12.
37.26000, 15.
37.27000, 15.
37.28000, 11.
37.29000, 12.
37.30000, 13.
37.31000, 10.
37.32000, 19.
37.33000, 12.
37.34000, 14.
37.35000, 8.
37.36000, 14.
37.37000, 19.
37.38000, 12.
37.39000, 23.
37.40000, 7.
37.41000, 10.
37.42000, 14.
37.43000, 17.
37.44000, 19.
37.45000, 14.
37.46000, 12.
37.47000, 14.
37.48000, 14.
37.49000, 12.
37.50000, 6.
37.51000, 12.
37.52000, 14.
37.53000, 16.
37.54000, 10.
37.55000, 16.
37.56000, 15.
37.57000, 18.
37.58000, 13.
37.59000, 9.
37.60000, 16.
37.61000, 14.
37.62000, 13.
37.63000, 11.
37.64000, 10.
37.65000, 7.
37.66000, 24.
37.67000, 11.
37.68000, 9.
37.69000, 5.
37.70000, 14.
37.71000, 9.
37.72000, 8.
37.73000, 12.
37.74000, 11.
37.75000, 10.
37.76000, 6.
37.77000, 11.
37.78000, 17.
37.79000, 7.
37.80000, 8.
37.81000, 14.
37.82000, 9.
37.83000, 16.
37.84000, 13.
37.85000, 18.
37.86000, 9.
37.87000, 9.
37.88000, 14.
37.89000, 17.
37.90000, 7.
37.91000, 6.
37.92000, 12.
37.93000, 10.
37.94000, 7.
37.95000, 13.
37.96000, 13.
37.97000, 12.
37.98000, 7.
37.99000, 9.
38.00000, 8.
38.01000, 16.
38.02000, 8.
38.03000, 5.
38.04000, 12.
38.05000, 8.
38.06000, 13.
38.07000, 13.
38.08000, 11.
38.09000, 5.
38.10000, 8.
38.11000, 12.
38.12000, 10.
38.13000, 14.
38.14000, 9.
38.15000, 10.
38.16000, 11.
38.17000, 16.
38.18000, 7.
38.19000, 10.
38.20000, 13.
38.21000, 10.
38.22000, 10.
38.23000, 18.
38.24000, 8.
38.25000, 4.
38.26000, 8.
38.27000, 14.
38.28000, 10.
38.29000, 6.
38.30000, 15.
38.31000, 12.
38.32000, 13.
38.33000, 18.
38.34000, 10.
38.35000, 14.
38.36000, 13.
38.37000, 9.
38.38000, 6.
38.39000, 13.
38.40000, 7.
38.41000, 11.
38.42000, 5.
38.43000, 12.
38.44000, 13.
38.45000, 10.
38.46000, 15.
38.47000, 15.
38.48000, 11.
38.49000, 8.
38.50000, 9.
38.51000, 15.
38.52000, 11.
38.53000, 8.
38.54000, 3.
38.55000, 7.
38.56000, 3.
38.57000, 15.
38.58000, 4.
38.59000, 8.
38.60000, 13.
38.61000, 9.
38.62000, 9.
38.63000, 6.
38.64000, 6.
38.65000, 10.
38.66000, 14.
38.67000, 13.
38.68000, 12.
38.69000, 7.
38.70000, 14.
38.71000, 9.
38.72000, 10.
38.73000, 6.
38.74000, 6.
38.75000, 8.
38.76000, 4.
38.77000, 3.
38.78000, 8.
38.79000, 12.
38.80000, 12.
38.81000, 6.
38.82000, 11.
38.83000, 4.
38.84000, 4.
38.85000, 4.
38.86000, 8.
38.87000, 13.
38.88000, 6.
38.89000, 12.
38.90000, 11.
38.91000, 7.
38.92000, 12.
38.93000, 4.
38.94000, 7.
38.95000, 13.
38.96000, 10.
38.97000, 9.
38.98000, 8.
38.99000, 10.
39.00000, 9.
39.01000, 9.
39.02000, 5.
39.03000, 11.
39.04000, 8.
39.05000, 7.
39.06000, 4.
39.07000, 8.
39.08000, 5.
39.09000, 11.
39.10000, 3.
39.11000, 10.
39.12000, 4.
39.13000, 5.
39.14000, 4.
39.15000, 9.
39.16000, 2.
39.17000, 9.
39.18000, 0.
39.19000, 11.
39.20000, 4.
39.21000, 8.
39.22000, 3.
39.23000, 11.
39.24000, 9.
39.25000, 11.
39.26000, 5.
39.27000, 3.
39.28000, 6.
39.29000, 5.
39.30000, 11.
39.31000, 8.
39.32000, 11.
39.33000, 9.
39.34000, 9.
39.35000, 7.
39.36000, 5.
39.37000, 6.
39.38000, 8.
39.39000, 3.
39.40000, 7.
39.41000, 8.
39.42000, 7.
39.43000, 7.
39.44000, 7.
39.45000, 9.
39.46000, 8.
39.47000, 8.
39.48000, 9.
39.49000, 8.
39.50000, 7.
39.51000, 4.
39.52000, 6.
39.53000, 11.
39.54000, 8.
39.55000, 4.
39.56000, 5.
39.57000, 9.
39.58000, 5.
39.59000, 6.
39.60000, 13.
39.61000, 11.
39.62000, 4.
39.63000, 7.
39.64000, 0.
39.65000, 7.
39.66000, 8.
39.67000, 9.
39.68000, 7.
39.69000, 8.
39.70000, 6.
39.71000, 4.
39.72000, 8.
39.73000, 5.
39.74000, 9.
39.75000, 3.
39.76000, 9.
39.77000, 3.
39.78000, 7.
39.79000, 15.
39.80000, 4.
39.81000, 4.
39.82000, 5.
39.83000, 5.
39.84000, 3.
39.85000, 7.
39.86000, 8.
39.87000, 5.
39.88000, 5.
39.89000, 4.
39.90000, 4.
39.91000, 6.
39.92000, 8.
39.93000, 3.
39.94000, 9.
39.95000, 4.
39.96000, 7.
39.97000, 5.
39.98000, 7.
39.99000, 5.
40.00000, 6.
40.01000, 5.
40.02000, 11.
40.03000, 1.
40.04000, 4.
40.05000, 5.
40.06000, 7.
40.07000, 4.
40.08000, 8.
40.09000, 7.
40.10000, 3.
40.11000, 6.
40.12000, 7.
40.13000, 3.
40.14000, 7.
40.15000, 7.
40.16000, 6.
40.17000, 9.
40.18000, 5.
40.19000, 4.
40.20000, 9.
40.21000, 2.
40.22000, 6.
40.23000, 5.
40.24000, 11.
40.25000, 10.
40.26000, 4.
40.27000, 3.
40.28000, 5.
40.29000, 7.
40.30000, 7.
40.31000, 7.
40.32000, 7.
40.33000, 6.
40.34000, 4.
40.35000, 8.
40.36000, 4.
40.37000, 4.
40.38000, 4.
40.39000, 6.
40.40000, 6.
40.41000, 4.
40.42000, 4.
40.43000, 0.
40.44000, 1.
40.45000, 5.
40.46000, 3.
40.47000, 5.
40.48000, 3.
40.49000, 6.
40.50000, 6.
40.51000, 6.
40.52000, 5.
40.53000, 7.
40.54000, 5.
40.55000, 0.
#ENDOFDATA   : 
