#FORMAT      : EMSA/MAS Spectral Data File
#VERSION     : 1.0
#TITLE       : Spectrum 18
#DATE        : 21-AUG-2025
#TIME        : 15:22
#OWNER       : XGT7200
#NPOINTS     : 4096.
#NCOLUMNS    : 1.
#XUNITS      : keV
#YUNITS      : counts
#DATATYPE    : XY
#XPERCHAN    : 0.0100000
#OFFSET      : -0.400000
#SIGNALTYPE  : EDS
#CHOFFSET    : 40.0000
#LIVETIME    : 30.000000
#REALTIME    : 39.636838
#BEAMKV      : 50.0000
#PROBECUR    : 701000.
#MAGCAM      : 100.000
#XTILTSTGE   : 0.0
#AZIMANGLE   : 0.0
#ELEVANGLE   : 45.0
#XPOSITION mm: 0.0000
#YPOSITION mm: 0.0000
#ZPOSITION mm: 0.0000
##OXINSTPT   : 4
##OXINSTSTROB: 72.10
#SPECTRUM    : Spectral Data Starts Here
-0.40000, 0.
-0.39000, 0.
-0.38000, 0.
-0.37000, 0.
-0.36000, 0.
-0.35000, 0.
-0.34000, 0.
-0.33000, 0.
-0.32000, 0.
-0.31000, 0.
-0.30000, 0.
-0.29000, 0.
-0.28000, 0.
-0.27000, 0.
-0.26000, 0.
-0.25000, 0.
-0.24000, 0.
-0.23000, 0.
-0.22000, 0.
-0.21000, 0.
-0.20000, 0.
-0.19000, 0.
-0.18000, 0.
-0.17000, 0.
-0.16000, 0.
-0.15000, 0.
-0.14000, 0.
-0.13000, 0.
-0.12000, 0.
-0.11000, 0.
-0.10000, 0.
-0.09000, 0.
-0.08000, 0.
-0.07000, 0.
-0.06000, 0.
-0.05000, 0.
-0.04000, 0.
-0.03000, 0.
-0.02000, 0.
-0.01000, 0.
0.00000, 0.
0.01000, 0.
0.02000, 0.
0.03000, 0.
0.04000, 0.
0.05000, 0.
0.06000, 0.
0.07000, 0.
0.08000, 0.
0.09000, 0.
0.10000, 0.
0.11000, 0.
0.12000, 0.
0.13000, 0.
0.14000, 0.
0.15000, 0.
0.16000, 0.
0.17000, 0.
0.18000, 0.
0.19000, 0.
0.20000, 0.
0.21000, 0.
0.22000, 0.
0.23000, 0.
0.24000, 0.
0.25000, 0.
0.26000, 0.
0.27000, 1.
0.28000, 0.
0.29000, 0.
0.30000, 1.
0.31000, 0.
0.32000, 0.
0.33000, 0.
0.34000, 0.
0.35000, 3.
0.36000, 2.
0.37000, 7.
0.38000, 17.
0.39000, 15.
0.40000, 26.
0.41000, 24.
0.42000, 33.
0.43000, 36.
0.44000, 41.
0.45000, 43.
0.46000, 36.
0.47000, 51.
0.48000, 50.
0.49000, 65.
0.50000, 43.
0.51000, 45.
0.52000, 55.
0.53000, 65.
0.54000, 51.
0.55000, 52.
0.56000, 61.
0.57000, 61.
0.58000, 61.
0.59000, 60.
0.60000, 56.
0.61000, 47.
0.62000, 48.
0.63000, 39.
0.64000, 45.
0.65000, 44.
0.66000, 39.
0.67000, 30.
0.68000, 46.
0.69000, 30.
0.70000, 40.
0.71000, 36.
0.72000, 39.
0.73000, 48.
0.74000, 44.
0.75000, 48.
0.76000, 35.
0.77000, 47.
0.78000, 49.
0.79000, 35.
0.80000, 49.
0.81000, 50.
0.82000, 57.
0.83000, 50.
0.84000, 62.
0.85000, 60.
0.86000, 68.
0.87000, 56.
0.88000, 69.
0.89000, 56.
0.90000, 48.
0.91000, 68.
0.92000, 61.
0.93000, 48.
0.94000, 47.
0.95000, 57.
0.96000, 57.
0.97000, 50.
0.98000, 54.
0.99000, 59.
1.00000, 59.
1.01000, 68.
1.02000, 59.
1.03000, 50.
1.04000, 81.
1.05000, 57.
1.06000, 65.
1.07000, 66.
1.08000, 64.
1.09000, 70.
1.10000, 52.
1.11000, 49.
1.12000, 42.
1.13000, 44.
1.14000, 32.
1.15000, 39.
1.16000, 47.
1.17000, 49.
1.18000, 51.
1.19000, 46.
1.20000, 54.
1.21000, 67.
1.22000, 77.
1.23000, 85.
1.24000, 86.
1.25000, 92.
1.26000, 84.
1.27000, 96.
1.28000, 66.
1.29000, 71.
1.30000, 73.
1.31000, 66.
1.32000, 44.
1.33000, 53.
1.34000, 34.
1.35000, 48.
1.36000, 43.
1.37000, 51.
1.38000, 52.
1.39000, 66.
1.40000, 79.
1.41000, 141.
1.42000, 152.
1.43000, 232.
1.44000, 333.
1.45000, 414.
1.46000, 505.
1.47000, 568.
1.48000, 649.
1.49000, 652.
1.50000, 667.
1.51000, 621.
1.52000, 570.
1.53000, 459.
1.54000, 379.
1.55000, 326.
1.56000, 230.
1.57000, 194.
1.58000, 120.
1.59000, 112.
1.60000, 89.
1.61000, 117.
1.62000, 150.
1.63000, 184.
1.64000, 308.
1.65000, 494.
1.66000, 832.
1.67000, 1212.
1.68000, 1833.
1.69000, 2572.
1.70000, 3370.
1.71000, 4231.
1.72000, 4934.
1.73000, 5719.
1.74000, 6058.
1.75000, 5901.
1.76000, 5704.
1.77000, 5347.
1.78000, 4444.
1.79000, 3591.
1.80000, 2797.
1.81000, 2043.
1.82000, 1513.
1.83000, 1185.
1.84000, 772.
1.85000, 536.
1.86000, 403.
1.87000, 270.
1.88000, 222.
1.89000, 182.
1.90000, 145.
1.91000, 108.
1.92000, 83.
1.93000, 75.
1.94000, 71.
1.95000, 76.
1.96000, 71.
1.97000, 75.
1.98000, 76.
1.99000, 68.
2.00000, 76.
2.01000, 79.
2.02000, 72.
2.03000, 73.
2.04000, 62.
2.05000, 66.
2.06000, 54.
2.07000, 43.
2.08000, 50.
2.09000, 49.
2.10000, 34.
2.11000, 44.
2.12000, 29.
2.13000, 36.
2.14000, 26.
2.15000, 30.
2.16000, 38.
2.17000, 59.
2.18000, 54.
2.19000, 71.
2.20000, 65.
2.21000, 100.
2.22000, 147.
2.23000, 190.
2.24000, 274.
2.25000, 337.
2.26000, 433.
2.27000, 584.
2.28000, 705.
2.29000, 746.
2.30000, 752.
2.31000, 808.
2.32000, 810.
2.33000, 801.
2.34000, 687.
2.35000, 546.
2.36000, 458.
2.37000, 365.
2.38000, 269.
2.39000, 231.
2.40000, 150.
2.41000, 129.
2.42000, 122.
2.43000, 101.
2.44000, 86.
2.45000, 108.
2.46000, 126.
2.47000, 122.
2.48000, 108.
2.49000, 132.
2.50000, 128.
2.51000, 156.
2.52000, 189.
2.53000, 256.
2.54000, 426.
2.55000, 480.
2.56000, 619.
2.57000, 838.
2.58000, 1064.
2.59000, 1270.
2.60000, 1472.
2.61000, 1674.
2.62000, 1735.
2.63000, 1816.
2.64000, 1709.
2.65000, 1567.
2.66000, 1531.
2.67000, 1427.
2.68000, 1254.
2.69000, 1059.
2.70000, 936.
2.71000, 806.
2.72000, 632.
2.73000, 526.
2.74000, 473.
2.75000, 409.
2.76000, 398.
2.77000, 357.
2.78000, 376.
2.79000, 361.
2.80000, 375.
2.81000, 347.
2.82000, 405.
2.83000, 364.
2.84000, 359.
2.85000, 361.
2.86000, 293.
2.87000, 291.
2.88000, 239.
2.89000, 203.
2.90000, 190.
2.91000, 139.
2.92000, 108.
2.93000, 119.
2.94000, 110.
2.95000, 94.
2.96000, 92.
2.97000, 76.
2.98000, 61.
2.99000, 58.
3.00000, 52.
3.01000, 72.
3.02000, 47.
3.03000, 40.
3.04000, 37.
3.05000, 37.
3.06000, 46.
3.07000, 45.
3.08000, 32.
3.09000, 35.
3.10000, 28.
3.11000, 30.
3.12000, 32.
3.13000, 31.
3.14000, 32.
3.15000, 38.
3.16000, 30.
3.17000, 47.
3.18000, 40.
3.19000, 43.
3.20000, 78.
3.21000, 91.
3.22000, 107.
3.23000, 122.
3.24000, 172.
3.25000, 227.
3.26000, 268.
3.27000, 350.
3.28000, 430.
3.29000, 494.
3.30000, 543.
3.31000, 558.
3.32000, 590.
3.33000, 544.
3.34000, 497.
3.35000, 450.
3.36000, 397.
3.37000, 347.
3.38000, 264.
3.39000, 223.
3.40000, 161.
3.41000, 120.
3.42000, 82.
3.43000, 78.
3.44000, 63.
3.45000, 48.
3.46000, 47.
3.47000, 48.
3.48000, 50.
3.49000, 45.
3.50000, 58.
3.51000, 47.
3.52000, 75.
3.53000, 78.
3.54000, 109.
3.55000, 103.
3.56000, 122.
3.57000, 183.
3.58000, 204.
3.59000, 252.
3.60000, 346.
3.61000, 392.
3.62000, 498.
3.63000, 603.
3.64000, 761.
3.65000, 906.
3.66000, 1000.
3.67000, 1222.
3.68000, 1223.
3.69000, 1325.
3.70000, 1275.
3.71000, 1270.
3.72000, 1107.
3.73000, 966.
3.74000, 813.
3.75000, 707.
3.76000, 548.
3.77000, 460.
3.78000, 331.
3.79000, 266.
3.80000, 148.
3.81000, 117.
3.82000, 102.
3.83000, 56.
3.84000, 44.
3.85000, 36.
3.86000, 43.
3.87000, 43.
3.88000, 31.
3.89000, 44.
3.90000, 45.
3.91000, 65.
3.92000, 68.
3.93000, 80.
3.94000, 83.
3.95000, 117.
3.96000, 138.
3.97000, 140.
3.98000, 168.
3.99000, 154.
4.00000, 215.
4.01000, 233.
4.02000, 211.
4.03000, 209.
4.04000, 205.
4.05000, 184.
4.06000, 178.
4.07000, 150.
4.08000, 120.
4.09000, 100.
4.10000, 86.
4.11000, 59.
4.12000, 62.
4.13000, 57.
4.14000, 36.
4.15000, 36.
4.16000, 35.
4.17000, 30.
4.18000, 30.
4.19000, 31.
4.20000, 26.
4.21000, 35.
4.22000, 34.
4.23000, 42.
4.24000, 29.
4.25000, 24.
4.26000, 23.
4.27000, 39.
4.28000, 45.
4.29000, 36.
4.30000, 44.
4.31000, 43.
4.32000, 36.
4.33000, 43.
4.34000, 39.
4.35000, 32.
4.36000, 54.
4.37000, 49.
4.38000, 89.
4.39000, 82.
4.40000, 110.
4.41000, 132.
4.42000, 156.
4.43000, 199.
4.44000, 228.
4.45000, 323.
4.46000, 367.
4.47000, 450.
4.48000, 460.
4.49000, 503.
4.50000, 562.
4.51000, 553.
4.52000, 537.
4.53000, 509.
4.54000, 451.
4.55000, 424.
4.56000, 384.
4.57000, 306.
4.58000, 255.
4.59000, 256.
4.60000, 196.
4.61000, 167.
4.62000, 150.
4.63000, 131.
4.64000, 100.
4.65000, 117.
4.66000, 111.
4.67000, 101.
4.68000, 83.
4.69000, 81.
4.70000, 79.
4.71000, 84.
4.72000, 59.
4.73000, 65.
4.74000, 72.
4.75000, 62.
4.76000, 59.
4.77000, 68.
4.78000, 75.
4.79000, 89.
4.80000, 63.
4.81000, 70.
4.82000, 74.
4.83000, 77.
4.84000, 97.
4.85000, 100.
4.86000, 89.
4.87000, 127.
4.88000, 132.
4.89000, 120.
4.90000, 130.
4.91000, 139.
4.92000, 149.
4.93000, 132.
4.94000, 141.
4.95000, 129.
4.96000, 138.
4.97000, 146.
4.98000, 111.
4.99000, 102.
5.00000, 104.
5.01000, 78.
5.02000, 87.
5.03000, 62.
5.04000, 66.
5.05000, 51.
5.06000, 53.
5.07000, 56.
5.08000, 56.
5.09000, 50.
5.10000, 52.
5.11000, 53.
5.12000, 49.
5.13000, 58.
5.14000, 59.
5.15000, 67.
5.16000, 60.
5.17000, 53.
5.18000, 51.
5.19000, 59.
5.20000, 61.
5.21000, 56.
5.22000, 67.
5.23000, 64.
5.24000, 61.
5.25000, 62.
5.26000, 55.
5.27000, 65.
5.28000, 44.
5.29000, 69.
5.30000, 58.
5.31000, 72.
5.32000, 65.
5.33000, 66.
5.34000, 78.
5.35000, 61.
5.36000, 83.
5.37000, 92.
5.38000, 93.
5.39000, 76.
5.40000, 110.
5.41000, 89.
5.42000, 100.
5.43000, 86.
5.44000, 72.
5.45000, 89.
5.46000, 86.
5.47000, 94.
5.48000, 61.
5.49000, 87.
5.50000, 70.
5.51000, 67.
5.52000, 72.
5.53000, 60.
5.54000, 67.
5.55000, 52.
5.56000, 62.
5.57000, 57.
5.58000, 62.
5.59000, 48.
5.60000, 63.
5.61000, 40.
5.62000, 65.
5.63000, 57.
5.64000, 50.
5.65000, 62.
5.66000, 48.
5.67000, 48.
5.68000, 66.
5.69000, 60.
5.70000, 50.
5.71000, 62.
5.72000, 56.
5.73000, 57.
5.74000, 58.
5.75000, 63.
5.76000, 72.
5.77000, 64.
5.78000, 86.
5.79000, 93.
5.80000, 86.
5.81000, 113.
5.82000, 104.
5.83000, 104.
5.84000, 132.
5.85000, 141.
5.86000, 145.
5.87000, 171.
5.88000, 159.
5.89000, 174.
5.90000, 191.
5.91000, 167.
5.92000, 137.
5.93000, 171.
5.94000, 144.
5.95000, 126.
5.96000, 129.
5.97000, 110.
5.98000, 115.
5.99000, 110.
6.00000, 94.
6.01000, 82.
6.02000, 68.
6.03000, 94.
6.04000, 61.
6.05000, 65.
6.06000, 70.
6.07000, 66.
6.08000, 59.
6.09000, 82.
6.10000, 66.
6.11000, 91.
6.12000, 104.
6.13000, 101.
6.14000, 85.
6.15000, 107.
6.16000, 109.
6.17000, 136.
6.18000, 131.
6.19000, 167.
6.20000, 185.
6.21000, 241.
6.22000, 353.
6.23000, 484.
6.24000, 682.
6.25000, 830.
6.26000, 1263.
6.27000, 1745.
6.28000, 2330.
6.29000, 3145.
6.30000, 3966.
6.31000, 5167.
6.32000, 6499.
6.33000, 7760.
6.34000, 9126.
6.35000, 10664.
6.36000, 11767.
6.37000, 13033.
6.38000, 13642.
6.39000, 14371.
6.40000, 14265.
6.41000, 14171.
6.42000, 13733.
6.43000, 12846.
6.44000, 11680.
6.45000, 10428.
6.46000, 8966.
6.47000, 7463.
6.48000, 6266.
6.49000, 5014.
6.50000, 3926.
6.51000, 2912.
6.52000, 2192.
6.53000, 1615.
6.54000, 1131.
6.55000, 773.
6.56000, 552.
6.57000, 416.
6.58000, 272.
6.59000, 225.
6.60000, 171.
6.61000, 170.
6.62000, 139.
6.63000, 119.
6.64000, 100.
6.65000, 110.
6.66000, 79.
6.67000, 91.
6.68000, 103.
6.69000, 105.
6.70000, 97.
6.71000, 96.
6.72000, 91.
6.73000, 119.
6.74000, 74.
6.75000, 98.
6.76000, 111.
6.77000, 114.
6.78000, 114.
6.79000, 106.
6.80000, 138.
6.81000, 105.
6.82000, 123.
6.83000, 135.
6.84000, 142.
6.85000, 157.
6.86000, 169.
6.87000, 182.
6.88000, 197.
6.89000, 247.
6.90000, 264.
6.91000, 319.
6.92000, 398.
6.93000, 521.
6.94000, 558.
6.95000, 768.
6.96000, 936.
6.97000, 1108.
6.98000, 1318.
6.99000, 1537.
7.00000, 1690.
7.01000, 1920.
7.02000, 2072.
7.03000, 2269.
7.04000, 2331.
7.05000, 2328.
7.06000, 2305.
7.07000, 2271.
7.08000, 2125.
7.09000, 2056.
7.10000, 1769.
7.11000, 1640.
7.12000, 1353.
7.13000, 1230.
7.14000, 1002.
7.15000, 827.
7.16000, 645.
7.17000, 500.
7.18000, 398.
7.19000, 307.
7.20000, 266.
7.21000, 195.
7.22000, 166.
7.23000, 125.
7.24000, 100.
7.25000, 100.
7.26000, 87.
7.27000, 76.
7.28000, 74.
7.29000, 76.
7.30000, 81.
7.31000, 65.
7.32000, 76.
7.33000, 78.
7.34000, 72.
7.35000, 69.
7.36000, 83.
7.37000, 76.
7.38000, 79.
7.39000, 89.
7.40000, 75.
7.41000, 66.
7.42000, 108.
7.43000, 78.
7.44000, 101.
7.45000, 93.
7.46000, 75.
7.47000, 89.
7.48000, 76.
7.49000, 83.
7.50000, 80.
7.51000, 98.
7.52000, 81.
7.53000, 92.
7.54000, 80.
7.55000, 91.
7.56000, 83.
7.57000, 113.
7.58000, 67.
7.59000, 86.
7.60000, 79.
7.61000, 73.
7.62000, 66.
7.63000, 71.
7.64000, 65.
7.65000, 75.
7.66000, 76.
7.67000, 77.
7.68000, 83.
7.69000, 79.
7.70000, 65.
7.71000, 82.
7.72000, 79.
7.73000, 66.
7.74000, 74.
7.75000, 85.
7.76000, 90.
7.77000, 89.
7.78000, 101.
7.79000, 95.
7.80000, 86.
7.81000, 86.
7.82000, 95.
7.83000, 89.
7.84000, 91.
7.85000, 87.
7.86000, 104.
7.87000, 98.
7.88000, 95.
7.89000, 115.
7.90000, 107.
7.91000, 124.
7.92000, 126.
7.93000, 141.
7.94000, 154.
7.95000, 156.
7.96000, 170.
7.97000, 167.
7.98000, 208.
7.99000, 244.
8.00000, 227.
8.01000, 228.
8.02000, 296.
8.03000, 246.
8.04000, 284.
8.05000, 283.
8.06000, 213.
8.07000, 259.
8.08000, 259.
8.09000, 226.
8.10000, 249.
8.11000, 202.
8.12000, 180.
8.13000, 193.
8.14000, 174.
8.15000, 174.
8.16000, 157.
8.17000, 140.
8.18000, 136.
8.19000, 125.
8.20000, 148.
8.21000, 105.
8.22000, 139.
8.23000, 108.
8.24000, 100.
8.25000, 103.
8.26000, 119.
8.27000, 100.
8.28000, 106.
8.29000, 108.
8.30000, 102.
8.31000, 89.
8.32000, 101.
8.33000, 103.
8.34000, 127.
8.35000, 84.
8.36000, 117.
8.37000, 94.
8.38000, 92.
8.39000, 126.
8.40000, 105.
8.41000, 97.
8.42000, 101.
8.43000, 120.
8.44000, 105.
8.45000, 101.
8.46000, 110.
8.47000, 118.
8.48000, 130.
8.49000, 105.
8.50000, 141.
8.51000, 149.
8.52000, 165.
8.53000, 196.
8.54000, 202.
8.55000, 228.
8.56000, 240.
8.57000, 250.
8.58000, 277.
8.59000, 287.
8.60000, 285.
8.61000, 336.
8.62000, 294.
8.63000, 308.
8.64000, 321.
8.65000, 307.
8.66000, 301.
8.67000, 305.
8.68000, 261.
8.69000, 251.
8.70000, 258.
8.71000, 213.
8.72000, 206.
8.73000, 168.
8.74000, 175.
8.75000, 167.
8.76000, 162.
8.77000, 135.
8.78000, 126.
8.79000, 126.
8.80000, 131.
8.81000, 127.
8.82000, 127.
8.83000, 124.
8.84000, 134.
8.85000, 126.
8.86000, 152.
8.87000, 140.
8.88000, 155.
8.89000, 143.
8.90000, 138.
8.91000, 125.
8.92000, 132.
8.93000, 128.
8.94000, 148.
8.95000, 128.
8.96000, 128.
8.97000, 133.
8.98000, 132.
8.99000, 150.
9.00000, 114.
9.01000, 123.
9.02000, 132.
9.03000, 109.
9.04000, 117.
9.05000, 116.
9.06000, 131.
9.07000, 116.
9.08000, 111.
9.09000, 117.
9.10000, 136.
9.11000, 107.
9.12000, 111.
9.13000, 124.
9.14000, 111.
9.15000, 123.
9.16000, 125.
9.17000, 102.
9.18000, 130.
9.19000, 117.
9.20000, 122.
9.21000, 131.
9.22000, 124.
9.23000, 119.
9.24000, 105.
9.25000, 121.
9.26000, 115.
9.27000, 129.
9.28000, 147.
9.29000, 144.
9.30000, 129.
9.31000, 128.
9.32000, 104.
9.33000, 130.
9.34000, 136.
9.35000, 109.
9.36000, 113.
9.37000, 133.
9.38000, 99.
9.39000, 137.
9.40000, 113.
9.41000, 126.
9.42000, 139.
9.43000, 127.
9.44000, 121.
9.45000, 138.
9.46000, 124.
9.47000, 154.
9.48000, 131.
9.49000, 163.
9.50000, 125.
9.51000, 128.
9.52000, 141.
9.53000, 158.
9.54000, 164.
9.55000, 144.
9.56000, 134.
9.57000, 178.
9.58000, 138.
9.59000, 154.
9.60000, 156.
9.61000, 163.
9.62000, 147.
9.63000, 139.
9.64000, 154.
9.65000, 147.
9.66000, 133.
9.67000, 132.
9.68000, 111.
9.69000, 146.
9.70000, 118.
9.71000, 115.
9.72000, 150.
9.73000, 106.
9.74000, 125.
9.75000, 93.
9.76000, 130.
9.77000, 123.
9.78000, 119.
9.79000, 126.
9.80000, 111.
9.81000, 105.
9.82000, 96.
9.83000, 127.
9.84000, 133.
9.85000, 120.
9.86000, 117.
9.87000, 119.
9.88000, 132.
9.89000, 132.
9.90000, 113.
9.91000, 101.
9.92000, 132.
9.93000, 128.
9.94000, 126.
9.95000, 122.
9.96000, 112.
9.97000, 111.
9.98000, 134.
9.99000, 125.
10.00000, 125.
10.01000, 112.
10.02000, 126.
10.03000, 110.
10.04000, 131.
10.05000, 125.
10.06000, 133.
10.07000, 133.
10.08000, 124.
10.09000, 133.
10.10000, 139.
10.11000, 111.
10.12000, 115.
10.13000, 137.
10.14000, 107.
10.15000, 100.
10.16000, 126.
10.17000, 122.
10.18000, 141.
10.19000, 125.
10.20000, 116.
10.21000, 110.
10.22000, 133.
10.23000, 143.
10.24000, 127.
10.25000, 120.
10.26000, 129.
10.27000, 112.
10.28000, 118.
10.29000, 112.
10.30000, 135.
10.31000, 135.
10.32000, 125.
10.33000, 134.
10.34000, 122.
10.35000, 112.
10.36000, 156.
10.37000, 131.
10.38000, 130.
10.39000, 146.
10.40000, 140.
10.41000, 173.
10.42000, 161.
10.43000, 157.
10.44000, 144.
10.45000, 168.
10.46000, 161.
10.47000, 166.
10.48000, 175.
10.49000, 184.
10.50000, 163.
10.51000, 206.
10.52000, 213.
10.53000, 190.
10.54000, 206.
10.55000, 225.
10.56000, 224.
10.57000, 180.
10.58000, 176.
10.59000, 167.
10.60000, 155.
10.61000, 172.
10.62000, 188.
10.63000, 166.
10.64000, 133.
10.65000, 153.
10.66000, 149.
10.67000, 148.
10.68000, 144.
10.69000, 130.
10.70000, 132.
10.71000, 125.
10.72000, 130.
10.73000, 103.
10.74000, 139.
10.75000, 178.
10.76000, 145.
10.77000, 141.
10.78000, 129.
10.79000, 124.
10.80000, 138.
10.81000, 137.
10.82000, 111.
10.83000, 126.
10.84000, 143.
10.85000, 125.
10.86000, 117.
10.87000, 116.
10.88000, 124.
10.89000, 145.
10.90000, 139.
10.91000, 141.
10.92000, 128.
10.93000, 139.
10.94000, 137.
10.95000, 130.
10.96000, 137.
10.97000, 127.
10.98000, 137.
10.99000, 131.
11.00000, 154.
11.01000, 122.
11.02000, 139.
11.03000, 134.
11.04000, 133.
11.05000, 115.
11.06000, 141.
11.07000, 118.
11.08000, 124.
11.09000, 144.
11.10000, 131.
11.11000, 128.
11.12000, 128.
11.13000, 131.
11.14000, 131.
11.15000, 129.
11.16000, 141.
11.17000, 126.
11.18000, 125.
11.19000, 135.
11.20000, 132.
11.21000, 156.
11.22000, 136.
11.23000, 147.
11.24000, 137.
11.25000, 147.
11.26000, 138.
11.27000, 149.
11.28000, 134.
11.29000, 126.
11.30000, 143.
11.31000, 132.
11.32000, 116.
11.33000, 131.
11.34000, 142.
11.35000, 133.
11.36000, 145.
11.37000, 134.
11.38000, 145.
11.39000, 142.
11.40000, 143.
11.41000, 154.
11.42000, 133.
11.43000, 141.
11.44000, 144.
11.45000, 146.
11.46000, 146.
11.47000, 138.
11.48000, 164.
11.49000, 138.
11.50000, 122.
11.51000, 130.
11.52000, 145.
11.53000, 153.
11.54000, 138.
11.55000, 120.
11.56000, 157.
11.57000, 146.
11.58000, 147.
11.59000, 129.
11.60000, 148.
11.61000, 138.
11.62000, 146.
11.63000, 138.
11.64000, 144.
11.65000, 162.
11.66000, 158.
11.67000, 167.
11.68000, 136.
11.69000, 147.
11.70000, 155.
11.71000, 176.
11.72000, 159.
11.73000, 179.
11.74000, 179.
11.75000, 186.
11.76000, 177.
11.77000, 177.
11.78000, 217.
11.79000, 229.
11.80000, 235.
11.81000, 240.
11.82000, 248.
11.83000, 260.
11.84000, 296.
11.85000, 290.
11.86000, 309.
11.87000, 344.
11.88000, 316.
11.89000, 326.
11.90000, 330.
11.91000, 323.
11.92000, 319.
11.93000, 328.
11.94000, 285.
11.95000, 300.
11.96000, 270.
11.97000, 282.
11.98000, 276.
11.99000, 240.
12.00000, 242.
12.01000, 199.
12.02000, 179.
12.03000, 201.
12.04000, 187.
12.05000, 177.
12.06000, 152.
12.07000, 160.
12.08000, 146.
12.09000, 140.
12.10000, 134.
12.11000, 168.
12.12000, 150.
12.13000, 143.
12.14000, 131.
12.15000, 156.
12.16000, 144.
12.17000, 160.
12.18000, 141.
12.19000, 136.
12.20000, 140.
12.21000, 124.
12.22000, 155.
12.23000, 152.
12.24000, 147.
12.25000, 144.
12.26000, 155.
12.27000, 132.
12.28000, 144.
12.29000, 163.
12.30000, 169.
12.31000, 138.
12.32000, 151.
12.33000, 147.
12.34000, 132.
12.35000, 140.
12.36000, 141.
12.37000, 152.
12.38000, 170.
12.39000, 140.
12.40000, 151.
12.41000, 159.
12.42000, 141.
12.43000, 144.
12.44000, 149.
12.45000, 138.
12.46000, 169.
12.47000, 167.
12.48000, 186.
12.49000, 170.
12.50000, 180.
12.51000, 170.
12.52000, 176.
12.53000, 192.
12.54000, 172.
12.55000, 189.
12.56000, 197.
12.57000, 190.
12.58000, 209.
12.59000, 205.
12.60000, 188.
12.61000, 188.
12.62000, 217.
12.63000, 190.
12.64000, 210.
12.65000, 176.
12.66000, 217.
12.67000, 198.
12.68000, 189.
12.69000, 219.
12.70000, 203.
12.71000, 205.
12.72000, 180.
12.73000, 193.
12.74000, 201.
12.75000, 178.
12.76000, 179.
12.77000, 168.
12.78000, 192.
12.79000, 188.
12.80000, 192.
12.81000, 185.
12.82000, 174.
12.83000, 140.
12.84000, 185.
12.85000, 161.
12.86000, 171.
12.87000, 189.
12.88000, 179.
12.89000, 182.
12.90000, 172.
12.91000, 184.
12.92000, 180.
12.93000, 135.
12.94000, 154.
12.95000, 136.
12.96000, 161.
12.97000, 178.
12.98000, 156.
12.99000, 149.
13.00000, 124.
13.01000, 158.
13.02000, 163.
13.03000, 151.
13.04000, 159.
13.05000, 153.
13.06000, 156.
13.07000, 153.
13.08000, 155.
13.09000, 136.
13.10000, 157.
13.11000, 142.
13.12000, 138.
13.13000, 171.
13.14000, 174.
13.15000, 167.
13.16000, 174.
13.17000, 164.
13.18000, 169.
13.19000, 155.
13.20000, 200.
13.21000, 187.
13.22000, 182.
13.23000, 219.
13.24000, 195.
13.25000, 200.
13.26000, 181.
13.27000, 201.
13.28000, 201.
13.29000, 192.
13.30000, 208.
13.31000, 218.
13.32000, 198.
13.33000, 206.
13.34000, 210.
13.35000, 230.
13.36000, 222.
13.37000, 202.
13.38000, 194.
13.39000, 212.
13.40000, 208.
13.41000, 218.
13.42000, 217.
13.43000, 204.
13.44000, 214.
13.45000, 179.
13.46000, 198.
13.47000, 185.
13.48000, 180.
13.49000, 185.
13.50000, 186.
13.51000, 186.
13.52000, 175.
13.53000, 166.
13.54000, 162.
13.55000, 151.
13.56000, 172.
13.57000, 150.
13.58000, 141.
13.59000, 156.
13.60000, 132.
13.61000, 163.
13.62000, 151.
13.63000, 138.
13.64000, 161.
13.65000, 166.
13.66000, 158.
13.67000, 169.
13.68000, 148.
13.69000, 135.
13.70000, 157.
13.71000, 154.
13.72000, 153.
13.73000, 160.
13.74000, 140.
13.75000, 135.
13.76000, 127.
13.77000, 160.
13.78000, 174.
13.79000, 135.
13.80000, 168.
13.81000, 166.
13.82000, 163.
13.83000, 170.
13.84000, 167.
13.85000, 157.
13.86000, 159.
13.87000, 161.
13.88000, 199.
13.89000, 178.
13.90000, 160.
13.91000, 153.
13.92000, 181.
13.93000, 164.
13.94000, 157.
13.95000, 193.
13.96000, 191.
13.97000, 233.
13.98000, 225.
13.99000, 228.
14.00000, 224.
14.01000, 259.
14.02000, 255.
14.03000, 287.
14.04000, 319.
14.05000, 360.
14.06000, 358.
14.07000, 371.
14.08000, 396.
14.09000, 427.
14.10000, 399.
14.11000, 428.
14.12000, 420.
14.13000, 437.
14.14000, 424.
14.15000, 408.
14.16000, 394.
14.17000, 349.
14.18000, 374.
14.19000, 347.
14.20000, 341.
14.21000, 349.
14.22000, 304.
14.23000, 289.
14.24000, 256.
14.25000, 252.
14.26000, 236.
14.27000, 231.
14.28000, 223.
14.29000, 204.
14.30000, 201.
14.31000, 156.
14.32000, 182.
14.33000, 175.
14.34000, 168.
14.35000, 159.
14.36000, 144.
14.37000, 152.
14.38000, 148.
14.39000, 147.
14.40000, 165.
14.41000, 154.
14.42000, 126.
14.43000, 142.
14.44000, 160.
14.45000, 131.
14.46000, 135.
14.47000, 156.
14.48000, 162.
14.49000, 149.
14.50000, 171.
14.51000, 144.
14.52000, 179.
14.53000, 153.
14.54000, 146.
14.55000, 160.
14.56000, 160.
14.57000, 158.
14.58000, 169.
14.59000, 146.
14.60000, 143.
14.61000, 130.
14.62000, 152.
14.63000, 162.
14.64000, 132.
14.65000, 139.
14.66000, 172.
14.67000, 153.
14.68000, 169.
14.69000, 166.
14.70000, 156.
14.71000, 163.
14.72000, 150.
14.73000, 163.
14.74000, 155.
14.75000, 179.
14.76000, 163.
14.77000, 163.
14.78000, 163.
14.79000, 162.
14.80000, 173.
14.81000, 175.
14.82000, 163.
14.83000, 171.
14.84000, 138.
14.85000, 164.
14.86000, 167.
14.87000, 186.
14.88000, 173.
14.89000, 168.
14.90000, 156.
14.91000, 164.
14.92000, 205.
14.93000, 181.
14.94000, 184.
14.95000, 144.
14.96000, 214.
14.97000, 166.
14.98000, 165.
14.99000, 153.
15.00000, 161.
15.01000, 158.
15.02000, 152.
15.03000, 162.
15.04000, 172.
15.05000, 167.
15.06000, 155.
15.07000, 178.
15.08000, 150.
15.09000, 170.
15.10000, 147.
15.11000, 127.
15.12000, 142.
15.13000, 171.
15.14000, 152.
15.15000, 177.
15.16000, 174.
15.17000, 149.
15.18000, 140.
15.19000, 158.
15.20000, 146.
15.21000, 138.
15.22000, 172.
15.23000, 184.
15.24000, 146.
15.25000, 137.
15.26000, 161.
15.27000, 153.
15.28000, 152.
15.29000, 151.
15.30000, 142.
15.31000, 155.
15.32000, 146.
15.33000, 174.
15.34000, 140.
15.35000, 146.
15.36000, 146.
15.37000, 118.
15.38000, 150.
15.39000, 144.
15.40000, 162.
15.41000, 145.
15.42000, 143.
15.43000, 141.
15.44000, 150.
15.45000, 125.
15.46000, 159.
15.47000, 128.
15.48000, 158.
15.49000, 147.
15.50000, 143.
15.51000, 146.
15.52000, 181.
15.53000, 167.
15.54000, 171.
15.55000, 201.
15.56000, 190.
15.57000, 168.
15.58000, 169.
15.59000, 178.
15.60000, 193.
15.61000, 217.
15.62000, 213.
15.63000, 205.
15.64000, 229.
15.65000, 252.
15.66000, 248.
15.67000, 282.
15.68000, 277.
15.69000, 285.
15.70000, 307.
15.71000, 297.
15.72000, 269.
15.73000, 286.
15.74000, 312.
15.75000, 302.
15.76000, 282.
15.77000, 293.
15.78000, 274.
15.79000, 304.
15.80000, 275.
15.81000, 250.
15.82000, 258.
15.83000, 218.
15.84000, 244.
15.85000, 250.
15.86000, 221.
15.87000, 210.
15.88000, 207.
15.89000, 205.
15.90000, 163.
15.91000, 187.
15.92000, 174.
15.93000, 181.
15.94000, 174.
15.95000, 176.
15.96000, 150.
15.97000, 156.
15.98000, 156.
15.99000, 168.
16.00000, 165.
16.01000, 148.
16.02000, 145.
16.03000, 145.
16.04000, 168.
16.05000, 181.
16.06000, 139.
16.07000, 153.
16.08000, 161.
16.09000, 154.
16.10000, 154.
16.11000, 138.
16.12000, 159.
16.13000, 145.
16.14000, 149.
16.15000, 136.
16.16000, 162.
16.17000, 152.
16.18000, 158.
16.19000, 140.
16.20000, 169.
16.21000, 149.
16.22000, 152.
16.23000, 147.
16.24000, 140.
16.25000, 158.
16.26000, 134.
16.27000, 135.
16.28000, 143.
16.29000, 158.
16.30000, 169.
16.31000, 149.
16.32000, 138.
16.33000, 158.
16.34000, 134.
16.35000, 143.
16.36000, 150.
16.37000, 147.
16.38000, 154.
16.39000, 150.
16.40000, 144.
16.41000, 137.
16.42000, 149.
16.43000, 146.
16.44000, 126.
16.45000, 167.
16.46000, 144.
16.47000, 144.
16.48000, 173.
16.49000, 144.
16.50000, 156.
16.51000, 156.
16.52000, 170.
16.53000, 160.
16.54000, 134.
16.55000, 160.
16.56000, 160.
16.57000, 166.
16.58000, 169.
16.59000, 142.
16.60000, 172.
16.61000, 150.
16.62000, 133.
16.63000, 158.
16.64000, 153.
16.65000, 163.
16.66000, 130.
16.67000, 145.
16.68000, 155.
16.69000, 158.
16.70000, 162.
16.71000, 137.
16.72000, 167.
16.73000, 157.
16.74000, 137.
16.75000, 147.
16.76000, 138.
16.77000, 165.
16.78000, 154.
16.79000, 156.
16.80000, 149.
16.81000, 156.
16.82000, 133.
16.83000, 151.
16.84000, 153.
16.85000, 166.
16.86000, 149.
16.87000, 157.
16.88000, 155.
16.89000, 166.
16.90000, 141.
16.91000, 170.
16.92000, 168.
16.93000, 148.
16.94000, 141.
16.95000, 153.
16.96000, 154.
16.97000, 150.
16.98000, 153.
16.99000, 148.
17.00000, 157.
17.01000, 136.
17.02000, 142.
17.03000, 169.
17.04000, 144.
17.05000, 137.
17.06000, 145.
17.07000, 154.
17.08000, 153.
17.09000, 176.
17.10000, 150.
17.11000, 152.
17.12000, 124.
17.13000, 144.
17.14000, 173.
17.15000, 144.
17.16000, 158.
17.17000, 162.
17.18000, 163.
17.19000, 153.
17.20000, 170.
17.21000, 159.
17.22000, 146.
17.23000, 182.
17.24000, 151.
17.25000, 150.
17.26000, 138.
17.27000, 160.
17.28000, 170.
17.29000, 151.
17.30000, 166.
17.31000, 166.
17.32000, 181.
17.33000, 159.
17.34000, 173.
17.35000, 167.
17.36000, 176.
17.37000, 171.
17.38000, 161.
17.39000, 154.
17.40000, 165.
17.41000, 143.
17.42000, 168.
17.43000, 163.
17.44000, 164.
17.45000, 157.
17.46000, 171.
17.47000, 168.
17.48000, 175.
17.49000, 172.
17.50000, 173.
17.51000, 189.
17.52000, 185.
17.53000, 219.
17.54000, 195.
17.55000, 201.
17.56000, 180.
17.57000, 210.
17.58000, 176.
17.59000, 174.
17.60000, 207.
17.61000, 186.
17.62000, 197.
17.63000, 191.
17.64000, 209.
17.65000, 188.
17.66000, 174.
17.67000, 205.
17.68000, 196.
17.69000, 201.
17.70000, 188.
17.71000, 165.
17.72000, 201.
17.73000, 185.
17.74000, 198.
17.75000, 189.
17.76000, 202.
17.77000, 193.
17.78000, 204.
17.79000, 186.
17.80000, 185.
17.81000, 192.
17.82000, 203.
17.83000, 199.
17.84000, 236.
17.85000, 201.
17.86000, 189.
17.87000, 196.
17.88000, 182.
17.89000, 197.
17.90000, 221.
17.91000, 209.
17.92000, 204.
17.93000, 215.
17.94000, 199.
17.95000, 214.
17.96000, 223.
17.97000, 207.
17.98000, 226.
17.99000, 203.
18.00000, 236.
18.01000, 206.
18.02000, 240.
18.03000, 226.
18.04000, 246.
18.05000, 260.
18.06000, 233.
18.07000, 254.
18.08000, 247.
18.09000, 259.
18.10000, 243.
18.11000, 251.
18.12000, 243.
18.13000, 231.
18.14000, 269.
18.15000, 270.
18.16000, 291.
18.17000, 257.
18.18000, 292.
18.19000, 306.
18.20000, 287.
18.21000, 278.
18.22000, 293.
18.23000, 293.
18.24000, 297.
18.25000, 291.
18.26000, 300.
18.27000, 340.
18.28000, 350.
18.29000, 331.
18.30000, 315.
18.31000, 309.
18.32000, 351.
18.33000, 342.
18.34000, 379.
18.35000, 368.
18.36000, 392.
18.37000, 441.
18.38000, 417.
18.39000, 426.
18.40000, 412.
18.41000, 409.
18.42000, 481.
18.43000, 443.
18.44000, 462.
18.45000, 497.
18.46000, 513.
18.47000, 510.
18.48000, 561.
18.49000, 604.
18.50000, 572.
18.51000, 589.
18.52000, 591.
18.53000, 652.
18.54000, 616.
18.55000, 705.
18.56000, 693.
18.57000, 697.
18.58000, 708.
18.59000, 762.
18.60000, 750.
18.61000, 806.
18.62000, 753.
18.63000, 814.
18.64000, 744.
18.65000, 848.
18.66000, 819.
18.67000, 866.
18.68000, 896.
18.69000, 832.
18.70000, 899.
18.71000, 901.
18.72000, 847.
18.73000, 834.
18.74000, 872.
18.75000, 935.
18.76000, 918.
18.77000, 942.
18.78000, 942.
18.79000, 919.
18.80000, 885.
18.81000, 920.
18.82000, 935.
18.83000, 969.
18.84000, 906.
18.85000, 905.
18.86000, 901.
18.87000, 894.
18.88000, 859.
18.89000, 894.
18.90000, 891.
18.91000, 911.
18.92000, 853.
18.93000, 842.
18.94000, 809.
18.95000, 777.
18.96000, 808.
18.97000, 820.
18.98000, 721.
18.99000, 724.
19.00000, 732.
19.01000, 665.
19.02000, 637.
19.03000, 677.
19.04000, 634.
19.05000, 627.
19.06000, 605.
19.07000, 590.
19.08000, 588.
19.09000, 546.
19.10000, 579.
19.11000, 541.
19.12000, 513.
19.13000, 504.
19.14000, 507.
19.15000, 497.
19.16000, 481.
19.17000, 481.
19.18000, 459.
19.19000, 441.
19.20000, 409.
19.21000, 400.
19.22000, 378.
19.23000, 374.
19.24000, 401.
19.25000, 374.
19.26000, 375.
19.27000, 356.
19.28000, 334.
19.29000, 362.
19.30000, 334.
19.31000, 314.
19.32000, 327.
19.33000, 314.
19.34000, 285.
19.35000, 295.
19.36000, 283.
19.37000, 286.
19.38000, 282.
19.39000, 282.
19.40000, 291.
19.41000, 243.
19.42000, 242.
19.43000, 268.
19.44000, 292.
19.45000, 259.
19.46000, 232.
19.47000, 244.
19.48000, 219.
19.49000, 242.
19.50000, 222.
19.51000, 217.
19.52000, 218.
19.53000, 222.
19.54000, 246.
19.55000, 208.
19.56000, 217.
19.57000, 218.
19.58000, 210.
19.59000, 228.
19.60000, 227.
19.61000, 201.
19.62000, 179.
19.63000, 168.
19.64000, 182.
19.65000, 194.
19.66000, 187.
19.67000, 179.
19.68000, 198.
19.69000, 194.
19.70000, 196.
19.71000, 172.
19.72000, 159.
19.73000, 160.
19.74000, 166.
19.75000, 182.
19.76000, 184.
19.77000, 185.
19.78000, 140.
19.79000, 158.
19.80000, 176.
19.81000, 165.
19.82000, 169.
19.83000, 158.
19.84000, 166.
19.85000, 188.
19.86000, 227.
19.87000, 211.
19.88000, 221.
19.89000, 207.
19.90000, 215.
19.91000, 233.
19.92000, 291.
19.93000, 234.
19.94000, 276.
19.95000, 297.
19.96000, 320.
19.97000, 338.
19.98000, 346.
19.99000, 360.
20.00000, 358.
20.01000, 348.
20.02000, 450.
20.03000, 411.
20.04000, 481.
20.05000, 444.
20.06000, 499.
20.07000, 468.
20.08000, 508.
20.09000, 489.
20.10000, 519.
20.11000, 549.
20.12000, 523.
20.13000, 499.
20.14000, 534.
20.15000, 582.
20.16000, 545.
20.17000, 548.
20.18000, 528.
20.19000, 596.
20.20000, 548.
20.21000, 520.
20.22000, 541.
20.23000, 515.
20.24000, 461.
20.25000, 413.
20.26000, 409.
20.27000, 399.
20.28000, 366.
20.29000, 338.
20.30000, 333.
20.31000, 254.
20.32000, 288.
20.33000, 258.
20.34000, 253.
20.35000, 225.
20.36000, 181.
20.37000, 184.
20.38000, 191.
20.39000, 176.
20.40000, 189.
20.41000, 180.
20.42000, 152.
20.43000, 154.
20.44000, 145.
20.45000, 151.
20.46000, 178.
20.47000, 166.
20.48000, 149.
20.49000, 156.
20.50000, 161.
20.51000, 165.
20.52000, 169.
20.53000, 151.
20.54000, 156.
20.55000, 154.
20.56000, 178.
20.57000, 164.
20.58000, 167.
20.59000, 174.
20.60000, 165.
20.61000, 177.
20.62000, 183.
20.63000, 159.
20.64000, 202.
20.65000, 180.
20.66000, 200.
20.67000, 189.
20.68000, 183.
20.69000, 205.
20.70000, 191.
20.71000, 189.
20.72000, 207.
20.73000, 216.
20.74000, 204.
20.75000, 209.
20.76000, 191.
20.77000, 219.
20.78000, 218.
20.79000, 220.
20.80000, 218.
20.81000, 212.
20.82000, 218.
20.83000, 227.
20.84000, 234.
20.85000, 207.
20.86000, 229.
20.87000, 267.
20.88000, 257.
20.89000, 245.
20.90000, 249.
20.91000, 254.
20.92000, 259.
20.93000, 235.
20.94000, 243.
20.95000, 262.
20.96000, 253.
20.97000, 262.
20.98000, 278.
20.99000, 260.
21.00000, 267.
21.01000, 236.
21.02000, 241.
21.03000, 254.
21.04000, 252.
21.05000, 232.
21.06000, 252.
21.07000, 271.
21.08000, 234.
21.09000, 235.
21.10000, 243.
21.11000, 260.
21.12000, 237.
21.13000, 230.
21.14000, 238.
21.15000, 268.
21.16000, 223.
21.17000, 211.
21.18000, 227.
21.19000, 188.
21.20000, 218.
21.21000, 230.
21.22000, 234.
21.23000, 217.
21.24000, 239.
21.25000, 226.
21.26000, 225.
21.27000, 183.
21.28000, 194.
21.29000, 183.
21.30000, 196.
21.31000, 181.
21.32000, 175.
21.33000, 176.
21.34000, 192.
21.35000, 191.
21.36000, 161.
21.37000, 181.
21.38000, 183.
21.39000, 182.
21.40000, 172.
21.41000, 138.
21.42000, 145.
21.43000, 145.
21.44000, 153.
21.45000, 141.
21.46000, 151.
21.47000, 156.
21.48000, 146.
21.49000, 124.
21.50000, 140.
21.51000, 146.
21.52000, 145.
21.53000, 129.
21.54000, 170.
21.55000, 128.
21.56000, 148.
21.57000, 126.
21.58000, 134.
21.59000, 130.
21.60000, 124.
21.61000, 137.
21.62000, 141.
21.63000, 146.
21.64000, 144.
21.65000, 124.
21.66000, 127.
21.67000, 133.
21.68000, 114.
21.69000, 129.
21.70000, 122.
21.71000, 113.
21.72000, 122.
21.73000, 94.
21.74000, 107.
21.75000, 110.
21.76000, 113.
21.77000, 110.
21.78000, 108.
21.79000, 115.
21.80000, 108.
21.81000, 97.
21.82000, 109.
21.83000, 98.
21.84000, 98.
21.85000, 118.
21.86000, 111.
21.87000, 111.
21.88000, 127.
21.89000, 107.
21.90000, 106.
21.91000, 100.
21.92000, 110.
21.93000, 98.
21.94000, 93.
21.95000, 93.
21.96000, 92.
21.97000, 108.
21.98000, 86.
21.99000, 98.
22.00000, 98.
22.01000, 90.
22.02000, 93.
22.03000, 99.
22.04000, 105.
22.05000, 80.
22.06000, 105.
22.07000, 97.
22.08000, 109.
22.09000, 109.
22.10000, 106.
22.11000, 96.
22.12000, 101.
22.13000, 95.
22.14000, 90.
22.15000, 88.
22.16000, 92.
22.17000, 100.
22.18000, 88.
22.19000, 81.
22.20000, 85.
22.21000, 85.
22.22000, 100.
22.23000, 84.
22.24000, 82.
22.25000, 75.
22.26000, 90.
22.27000, 75.
22.28000, 85.
22.29000, 86.
22.30000, 92.
22.31000, 83.
22.32000, 72.
22.33000, 88.
22.34000, 74.
22.35000, 84.
22.36000, 80.
22.37000, 88.
22.38000, 65.
22.39000, 98.
22.40000, 79.
22.41000, 79.
22.42000, 86.
22.43000, 84.
22.44000, 91.
22.45000, 86.
22.46000, 83.
22.47000, 89.
22.48000, 99.
22.49000, 111.
22.50000, 118.
22.51000, 94.
22.52000, 95.
22.53000, 98.
22.54000, 104.
22.55000, 108.
22.56000, 118.
22.57000, 117.
22.58000, 111.
22.59000, 129.
22.60000, 146.
22.61000, 120.
22.62000, 113.
22.63000, 149.
22.64000, 148.
22.65000, 121.
22.66000, 140.
22.67000, 157.
22.68000, 152.
22.69000, 137.
22.70000, 128.
22.71000, 141.
22.72000, 130.
22.73000, 126.
22.74000, 134.
22.75000, 129.
22.76000, 121.
22.77000, 143.
22.78000, 133.
22.79000, 108.
22.80000, 111.
22.81000, 113.
22.82000, 112.
22.83000, 117.
22.84000, 74.
22.85000, 95.
22.86000, 72.
22.87000, 99.
22.88000, 94.
22.89000, 97.
22.90000, 90.
22.91000, 87.
22.92000, 78.
22.93000, 83.
22.94000, 96.
22.95000, 87.
22.96000, 61.
22.97000, 70.
22.98000, 85.
22.99000, 72.
23.00000, 74.
23.01000, 85.
23.02000, 62.
23.03000, 101.
23.04000, 85.
23.05000, 76.
23.06000, 86.
23.07000, 81.
23.08000, 72.
23.09000, 76.
23.10000, 103.
23.11000, 102.
23.12000, 86.
23.13000, 86.
23.14000, 75.
23.15000, 87.
23.16000, 83.
23.17000, 74.
23.18000, 78.
23.19000, 65.
23.20000, 82.
23.21000, 72.
23.22000, 73.
23.23000, 69.
23.24000, 70.
23.25000, 80.
23.26000, 74.
23.27000, 74.
23.28000, 78.
23.29000, 71.
23.30000, 70.
23.31000, 78.
23.32000, 76.
23.33000, 57.
23.34000, 86.
23.35000, 78.
23.36000, 77.
23.37000, 84.
23.38000, 55.
23.39000, 65.
23.40000, 65.
23.41000, 56.
23.42000, 71.
23.43000, 67.
23.44000, 77.
23.45000, 85.
23.46000, 71.
23.47000, 61.
23.48000, 59.
23.49000, 59.
23.50000, 60.
23.51000, 85.
23.52000, 68.
23.53000, 59.
23.54000, 74.
23.55000, 64.
23.56000, 73.
23.57000, 66.
23.58000, 84.
23.59000, 73.
23.60000, 75.
23.61000, 73.
23.62000, 58.
23.63000, 77.
23.64000, 62.
23.65000, 71.
23.66000, 51.
23.67000, 72.
23.68000, 64.
23.69000, 70.
23.70000, 65.
23.71000, 75.
23.72000, 59.
23.73000, 71.
23.74000, 69.
23.75000, 61.
23.76000, 74.
23.77000, 73.
23.78000, 66.
23.79000, 74.
23.80000, 58.
23.81000, 61.
23.82000, 68.
23.83000, 82.
23.84000, 62.
23.85000, 64.
23.86000, 82.
23.87000, 67.
23.88000, 62.
23.89000, 61.
23.90000, 61.
23.91000, 70.
23.92000, 60.
23.93000, 62.
23.94000, 51.
23.95000, 74.
23.96000, 71.
23.97000, 63.
23.98000, 63.
23.99000, 79.
24.00000, 72.
24.01000, 58.
24.02000, 58.
24.03000, 55.
24.04000, 71.
24.05000, 69.
24.06000, 59.
24.07000, 74.
24.08000, 72.
24.09000, 73.
24.10000, 69.
24.11000, 68.
24.12000, 61.
24.13000, 68.
24.14000, 66.
24.15000, 72.
24.16000, 70.
24.17000, 83.
24.18000, 54.
24.19000, 69.
24.20000, 82.
24.21000, 74.
24.22000, 63.
24.23000, 65.
24.24000, 53.
24.25000, 71.
24.26000, 69.
24.27000, 73.
24.28000, 61.
24.29000, 67.
24.30000, 64.
24.31000, 75.
24.32000, 78.
24.33000, 55.
24.34000, 71.
24.35000, 71.
24.36000, 67.
24.37000, 65.
24.38000, 55.
24.39000, 69.
24.40000, 84.
24.41000, 66.
24.42000, 62.
24.43000, 67.
24.44000, 58.
24.45000, 61.
24.46000, 62.
24.47000, 56.
24.48000, 64.
24.49000, 58.
24.50000, 65.
24.51000, 72.
24.52000, 54.
24.53000, 74.
24.54000, 61.
24.55000, 44.
24.56000, 67.
24.57000, 64.
24.58000, 59.
24.59000, 62.
24.60000, 75.
24.61000, 57.
24.62000, 60.
24.63000, 61.
24.64000, 72.
24.65000, 74.
24.66000, 66.
24.67000, 56.
24.68000, 71.
24.69000, 56.
24.70000, 70.
24.71000, 67.
24.72000, 45.
24.73000, 66.
24.74000, 67.
24.75000, 64.
24.76000, 57.
24.77000, 59.
24.78000, 59.
24.79000, 58.
24.80000, 73.
24.81000, 57.
24.82000, 54.
24.83000, 69.
24.84000, 56.
24.85000, 71.
24.86000, 64.
24.87000, 73.
24.88000, 58.
24.89000, 64.
24.90000, 58.
24.91000, 82.
24.92000, 73.
24.93000, 69.
24.94000, 59.
24.95000, 64.
24.96000, 73.
24.97000, 77.
24.98000, 61.
24.99000, 75.
25.00000, 62.
25.01000, 68.
25.02000, 57.
25.03000, 84.
25.04000, 67.
25.05000, 62.
25.06000, 72.
25.07000, 62.
25.08000, 69.
25.09000, 82.
25.10000, 75.
25.11000, 72.
25.12000, 67.
25.13000, 79.
25.14000, 68.
25.15000, 72.
25.16000, 62.
25.17000, 94.
25.18000, 71.
25.19000, 71.
25.20000, 67.
25.21000, 68.
25.22000, 64.
25.23000, 64.
25.24000, 60.
25.25000, 81.
25.26000, 79.
25.27000, 90.
25.28000, 62.
25.29000, 70.
25.30000, 75.
25.31000, 66.
25.32000, 71.
25.33000, 61.
25.34000, 57.
25.35000, 63.
25.36000, 75.
25.37000, 57.
25.38000, 58.
25.39000, 66.
25.40000, 61.
25.41000, 51.
25.42000, 73.
25.43000, 47.
25.44000, 61.
25.45000, 51.
25.46000, 64.
25.47000, 46.
25.48000, 52.
25.49000, 53.
25.50000, 43.
25.51000, 56.
25.52000, 55.
25.53000, 56.
25.54000, 64.
25.55000, 53.
25.56000, 57.
25.57000, 80.
25.58000, 56.
25.59000, 57.
25.60000, 52.
25.61000, 58.
25.62000, 61.
25.63000, 49.
25.64000, 56.
25.65000, 53.
25.66000, 61.
25.67000, 57.
25.68000, 54.
25.69000, 57.
25.70000, 64.
25.71000, 73.
25.72000, 61.
25.73000, 49.
25.74000, 59.
25.75000, 51.
25.76000, 59.
25.77000, 60.
25.78000, 63.
25.79000, 57.
25.80000, 58.
25.81000, 48.
25.82000, 80.
25.83000, 55.
25.84000, 50.
25.85000, 63.
25.86000, 66.
25.87000, 60.
25.88000, 49.
25.89000, 64.
25.90000, 61.
25.91000, 55.
25.92000, 59.
25.93000, 63.
25.94000, 69.
25.95000, 72.
25.96000, 48.
25.97000, 46.
25.98000, 55.
25.99000, 50.
26.00000, 74.
26.01000, 66.
26.02000, 55.
26.03000, 61.
26.04000, 59.
26.05000, 65.
26.06000, 57.
26.07000, 45.
26.08000, 53.
26.09000, 63.
26.10000, 48.
26.11000, 71.
26.12000, 59.
26.13000, 48.
26.14000, 56.
26.15000, 50.
26.16000, 69.
26.17000, 60.
26.18000, 55.
26.19000, 42.
26.20000, 53.
26.21000, 61.
26.22000, 38.
26.23000, 62.
26.24000, 53.
26.25000, 62.
26.26000, 52.
26.27000, 54.
26.28000, 61.
26.29000, 53.
26.30000, 51.
26.31000, 55.
26.32000, 59.
26.33000, 56.
26.34000, 54.
26.35000, 65.
26.36000, 52.
26.37000, 55.
26.38000, 42.
26.39000, 74.
26.40000, 52.
26.41000, 42.
26.42000, 57.
26.43000, 59.
26.44000, 57.
26.45000, 42.
26.46000, 61.
26.47000, 35.
26.48000, 68.
26.49000, 63.
26.50000, 50.
26.51000, 66.
26.52000, 53.
26.53000, 66.
26.54000, 59.
26.55000, 62.
26.56000, 39.
26.57000, 47.
26.58000, 52.
26.59000, 56.
26.60000, 47.
26.61000, 65.
26.62000, 55.
26.63000, 44.
26.64000, 50.
26.65000, 53.
26.66000, 44.
26.67000, 54.
26.68000, 62.
26.69000, 40.
26.70000, 47.
26.71000, 56.
26.72000, 48.
26.73000, 43.
26.74000, 67.
26.75000, 55.
26.76000, 47.
26.77000, 45.
26.78000, 55.
26.79000, 59.
26.80000, 58.
26.81000, 55.
26.82000, 58.
26.83000, 45.
26.84000, 44.
26.85000, 57.
26.86000, 42.
26.87000, 56.
26.88000, 53.
26.89000, 58.
26.90000, 60.
26.91000, 45.
26.92000, 54.
26.93000, 47.
26.94000, 47.
26.95000, 59.
26.96000, 57.
26.97000, 48.
26.98000, 40.
26.99000, 56.
27.00000, 50.
27.01000, 62.
27.02000, 54.
27.03000, 53.
27.04000, 61.
27.05000, 41.
27.06000, 49.
27.07000, 59.
27.08000, 46.
27.09000, 42.
27.10000, 55.
27.11000, 45.
27.12000, 44.
27.13000, 46.
27.14000, 55.
27.15000, 45.
27.16000, 50.
27.17000, 57.
27.18000, 36.
27.19000, 54.
27.20000, 38.
27.21000, 52.
27.22000, 54.
27.23000, 54.
27.24000, 38.
27.25000, 49.
27.26000, 59.
27.27000, 54.
27.28000, 46.
27.29000, 44.
27.30000, 62.
27.31000, 58.
27.32000, 55.
27.33000, 52.
27.34000, 48.
27.35000, 44.
27.36000, 53.
27.37000, 50.
27.38000, 54.
27.39000, 48.
27.40000, 46.
27.41000, 57.
27.42000, 61.
27.43000, 45.
27.44000, 56.
27.45000, 49.
27.46000, 51.
27.47000, 52.
27.48000, 44.
27.49000, 58.
27.50000, 52.
27.51000, 56.
27.52000, 43.
27.53000, 56.
27.54000, 54.
27.55000, 48.
27.56000, 47.
27.57000, 51.
27.58000, 50.
27.59000, 51.
27.60000, 47.
27.61000, 41.
27.62000, 42.
27.63000, 53.
27.64000, 53.
27.65000, 53.
27.66000, 42.
27.67000, 48.
27.68000, 47.
27.69000, 54.
27.70000, 45.
27.71000, 45.
27.72000, 52.
27.73000, 48.
27.74000, 51.
27.75000, 54.
27.76000, 46.
27.77000, 31.
27.78000, 42.
27.79000, 45.
27.80000, 37.
27.81000, 46.
27.82000, 62.
27.83000, 53.
27.84000, 44.
27.85000, 50.
27.86000, 41.
27.87000, 47.
27.88000, 48.
27.89000, 52.
27.90000, 36.
27.91000, 55.
27.92000, 42.
27.93000, 47.
27.94000, 54.
27.95000, 45.
27.96000, 42.
27.97000, 44.
27.98000, 56.
27.99000, 39.
28.00000, 49.
28.01000, 43.
28.02000, 42.
28.03000, 44.
28.04000, 50.
28.05000, 41.
28.06000, 53.
28.07000, 41.
28.08000, 50.
28.09000, 50.
28.10000, 41.
28.11000, 49.
28.12000, 52.
28.13000, 31.
28.14000, 54.
28.15000, 45.
28.16000, 46.
28.17000, 50.
28.18000, 46.
28.19000, 42.
28.20000, 54.
28.21000, 48.
28.22000, 54.
28.23000, 35.
28.24000, 31.
28.25000, 47.
28.26000, 53.
28.27000, 57.
28.28000, 44.
28.29000, 50.
28.30000, 48.
28.31000, 39.
28.32000, 47.
28.33000, 41.
28.34000, 49.
28.35000, 50.
28.36000, 48.
28.37000, 42.
28.38000, 53.
28.39000, 43.
28.40000, 57.
28.41000, 39.
28.42000, 47.
28.43000, 67.
28.44000, 42.
28.45000, 54.
28.46000, 38.
28.47000, 36.
28.48000, 44.
28.49000, 49.
28.50000, 45.
28.51000, 59.
28.52000, 41.
28.53000, 47.
28.54000, 41.
28.55000, 38.
28.56000, 49.
28.57000, 55.
28.58000, 48.
28.59000, 47.
28.60000, 38.
28.61000, 43.
28.62000, 48.
28.63000, 43.
28.64000, 38.
28.65000, 32.
28.66000, 46.
28.67000, 42.
28.68000, 45.
28.69000, 40.
28.70000, 49.
28.71000, 43.
28.72000, 51.
28.73000, 44.
28.74000, 36.
28.75000, 33.
28.76000, 43.
28.77000, 46.
28.78000, 37.
28.79000, 36.
28.80000, 46.
28.81000, 29.
28.82000, 55.
28.83000, 41.
28.84000, 47.
28.85000, 49.
28.86000, 42.
28.87000, 41.
28.88000, 46.
28.89000, 49.
28.90000, 44.
28.91000, 38.
28.92000, 42.
28.93000, 43.
28.94000, 43.
28.95000, 32.
28.96000, 42.
28.97000, 43.
28.98000, 39.
28.99000, 35.
29.00000, 42.
29.01000, 39.
29.02000, 38.
29.03000, 48.
29.04000, 35.
29.05000, 36.
29.06000, 49.
29.07000, 34.
29.08000, 46.
29.09000, 35.
29.10000, 45.
29.11000, 47.
29.12000, 46.
29.13000, 34.
29.14000, 38.
29.15000, 35.
29.16000, 38.
29.17000, 32.
29.18000, 32.
29.19000, 41.
29.20000, 38.
29.21000, 33.
29.22000, 28.
29.23000, 61.
29.24000, 36.
29.25000, 43.
29.26000, 32.
29.27000, 41.
29.28000, 35.
29.29000, 30.
29.30000, 48.
29.31000, 44.
29.32000, 36.
29.33000, 34.
29.34000, 41.
29.35000, 36.
29.36000, 46.
29.37000, 41.
29.38000, 37.
29.39000, 37.
29.40000, 50.
29.41000, 43.
29.42000, 33.
29.43000, 42.
29.44000, 44.
29.45000, 44.
29.46000, 36.
29.47000, 27.
29.48000, 33.
29.49000, 41.
29.50000, 32.
29.51000, 47.
29.52000, 43.
29.53000, 34.
29.54000, 41.
29.55000, 31.
29.56000, 51.
29.57000, 36.
29.58000, 31.
29.59000, 44.
29.60000, 22.
29.61000, 43.
29.62000, 38.
29.63000, 40.
29.64000, 41.
29.65000, 38.
29.66000, 39.
29.67000, 51.
29.68000, 45.
29.69000, 35.
29.70000, 46.
29.71000, 49.
29.72000, 35.
29.73000, 32.
29.74000, 45.
29.75000, 42.
29.76000, 38.
29.77000, 36.
29.78000, 43.
29.79000, 32.
29.80000, 30.
29.81000, 35.
29.82000, 25.
29.83000, 41.
29.84000, 40.
29.85000, 37.
29.86000, 48.
29.87000, 33.
29.88000, 40.
29.89000, 37.
29.90000, 36.
29.91000, 36.
29.92000, 25.
29.93000, 42.
29.94000, 47.
29.95000, 44.
29.96000, 41.
29.97000, 49.
29.98000, 34.
29.99000, 36.
30.00000, 41.
30.01000, 35.
30.02000, 42.
30.03000, 43.
30.04000, 28.
30.05000, 46.
30.06000, 36.
30.07000, 34.
30.08000, 42.
30.09000, 31.
30.10000, 28.
30.11000, 24.
30.12000, 30.
30.13000, 46.
30.14000, 32.
30.15000, 43.
30.16000, 34.
30.17000, 47.
30.18000, 41.
30.19000, 34.
30.20000, 37.
30.21000, 37.
30.22000, 36.
30.23000, 46.
30.24000, 24.
30.25000, 31.
30.26000, 22.
30.27000, 37.
30.28000, 30.
30.29000, 29.
30.30000, 32.
30.31000, 33.
30.32000, 25.
30.33000, 35.
30.34000, 33.
30.35000, 42.
30.36000, 35.
30.37000, 34.
30.38000, 32.
30.39000, 45.
30.40000, 40.
30.41000, 28.
30.42000, 20.
30.43000, 22.
30.44000, 38.
30.45000, 35.
30.46000, 25.
30.47000, 41.
30.48000, 33.
30.49000, 30.
30.50000, 46.
30.51000, 36.
30.52000, 41.
30.53000, 34.
30.54000, 37.
30.55000, 31.
30.56000, 25.
30.57000, 33.
30.58000, 29.
30.59000, 37.
30.60000, 38.
30.61000, 29.
30.62000, 19.
30.63000, 30.
30.64000, 33.
30.65000, 31.
30.66000, 24.
30.67000, 39.
30.68000, 28.
30.69000, 34.
30.70000, 27.
30.71000, 27.
30.72000, 39.
30.73000, 22.
30.74000, 39.
30.75000, 32.
30.76000, 33.
30.77000, 38.
30.78000, 36.
30.79000, 35.
30.80000, 43.
30.81000, 31.
30.82000, 30.
30.83000, 29.
30.84000, 30.
30.85000, 30.
30.86000, 35.
30.87000, 31.
30.88000, 37.
30.89000, 42.
30.90000, 33.
30.91000, 30.
30.92000, 27.
30.93000, 28.
30.94000, 32.
30.95000, 35.
30.96000, 42.
30.97000, 31.
30.98000, 30.
30.99000, 38.
31.00000, 37.
31.01000, 21.
31.02000, 35.
31.03000, 43.
31.04000, 28.
31.05000, 26.
31.06000, 29.
31.07000, 36.
31.08000, 31.
31.09000, 27.
31.10000, 33.
31.11000, 26.
31.12000, 32.
31.13000, 33.
31.14000, 36.
31.15000, 32.
31.16000, 30.
31.17000, 33.
31.18000, 30.
31.19000, 30.
31.20000, 18.
31.21000, 29.
31.22000, 19.
31.23000, 29.
31.24000, 26.
31.25000, 27.
31.26000, 39.
31.27000, 37.
31.28000, 33.
31.29000, 29.
31.30000, 36.
31.31000, 38.
31.32000, 33.
31.33000, 19.
31.34000, 36.
31.35000, 33.
31.36000, 29.
31.37000, 29.
31.38000, 34.
31.39000, 34.
31.40000, 21.
31.41000, 26.
31.42000, 33.
31.43000, 30.
31.44000, 26.
31.45000, 38.
31.46000, 39.
31.47000, 24.
31.48000, 37.
31.49000, 27.
31.50000, 33.
31.51000, 25.
31.52000, 28.
31.53000, 33.
31.54000, 31.
31.55000, 30.
31.56000, 28.
31.57000, 27.
31.58000, 32.
31.59000, 32.
31.60000, 36.
31.61000, 36.
31.62000, 27.
31.63000, 32.
31.64000, 31.
31.65000, 31.
31.66000, 35.
31.67000, 39.
31.68000, 33.
31.69000, 41.
31.70000, 29.
31.71000, 34.
31.72000, 29.
31.73000, 44.
31.74000, 38.
31.75000, 35.
31.76000, 41.
31.77000, 47.
31.78000, 37.
31.79000, 39.
31.80000, 40.
31.81000, 46.
31.82000, 36.
31.83000, 34.
31.84000, 31.
31.85000, 33.
31.86000, 33.
31.87000, 30.
31.88000, 26.
31.89000, 34.
31.90000, 34.
31.91000, 34.
31.92000, 21.
31.93000, 38.
31.94000, 41.
31.95000, 33.
31.96000, 38.
31.97000, 34.
31.98000, 24.
31.99000, 32.
32.00000, 37.
32.01000, 37.
32.02000, 47.
32.03000, 39.
32.04000, 27.
32.05000, 33.
32.06000, 36.
32.07000, 27.
32.08000, 39.
32.09000, 41.
32.10000, 31.
32.11000, 32.
32.12000, 32.
32.13000, 38.
32.14000, 40.
32.15000, 42.
32.16000, 27.
32.17000, 42.
32.18000, 32.
32.19000, 22.
32.20000, 27.
32.21000, 27.
32.22000, 32.
32.23000, 34.
32.24000, 32.
32.25000, 29.
32.26000, 41.
32.27000, 29.
32.28000, 27.
32.29000, 33.
32.30000, 31.
32.31000, 38.
32.32000, 32.
32.33000, 42.
32.34000, 30.
32.35000, 28.
32.36000, 23.
32.37000, 32.
32.38000, 40.
32.39000, 27.
32.40000, 25.
32.41000, 23.
32.42000, 38.
32.43000, 29.
32.44000, 21.
32.45000, 20.
32.46000, 30.
32.47000, 23.
32.48000, 23.
32.49000, 32.
32.50000, 28.
32.51000, 24.
32.52000, 27.
32.53000, 29.
32.54000, 24.
32.55000, 31.
32.56000, 20.
32.57000, 19.
32.58000, 21.
32.59000, 36.
32.60000, 29.
32.61000, 28.
32.62000, 23.
32.63000, 16.
32.64000, 22.
32.65000, 32.
32.66000, 26.
32.67000, 24.
32.68000, 21.
32.69000, 20.
32.70000, 21.
32.71000, 16.
32.72000, 24.
32.73000, 21.
32.74000, 20.
32.75000, 21.
32.76000, 21.
32.77000, 25.
32.78000, 25.
32.79000, 20.
32.80000, 25.
32.81000, 28.
32.82000, 31.
32.83000, 23.
32.84000, 33.
32.85000, 23.
32.86000, 23.
32.87000, 29.
32.88000, 17.
32.89000, 24.
32.90000, 20.
32.91000, 22.
32.92000, 29.
32.93000, 20.
32.94000, 24.
32.95000, 28.
32.96000, 23.
32.97000, 18.
32.98000, 29.
32.99000, 23.
33.00000, 23.
33.01000, 31.
33.02000, 17.
33.03000, 27.
33.04000, 22.
33.05000, 28.
33.06000, 22.
33.07000, 23.
33.08000, 20.
33.09000, 23.
33.10000, 23.
33.11000, 20.
33.12000, 21.
33.13000, 21.
33.14000, 20.
33.15000, 38.
33.16000, 27.
33.17000, 20.
33.18000, 21.
33.19000, 22.
33.20000, 23.
33.21000, 30.
33.22000, 21.
33.23000, 18.
33.24000, 19.
33.25000, 17.
33.26000, 21.
33.27000, 19.
33.28000, 18.
33.29000, 15.
33.30000, 31.
33.31000, 17.
33.32000, 28.
33.33000, 29.
33.34000, 26.
33.35000, 26.
33.36000, 24.
33.37000, 28.
33.38000, 24.
33.39000, 25.
33.40000, 22.
33.41000, 22.
33.42000, 21.
33.43000, 24.
33.44000, 18.
33.45000, 26.
33.46000, 27.
33.47000, 28.
33.48000, 27.
33.49000, 24.
33.50000, 29.
33.51000, 24.
33.52000, 27.
33.53000, 24.
33.54000, 27.
33.55000, 19.
33.56000, 20.
33.57000, 23.
33.58000, 28.
33.59000, 21.
33.60000, 20.
33.61000, 17.
33.62000, 18.
33.63000, 17.
33.64000, 18.
33.65000, 31.
33.66000, 17.
33.67000, 20.
33.68000, 18.
33.69000, 18.
33.70000, 27.
33.71000, 21.
33.72000, 25.
33.73000, 15.
33.74000, 17.
33.75000, 23.
33.76000, 19.
33.77000, 15.
33.78000, 11.
33.79000, 20.
33.80000, 23.
33.81000, 20.
33.82000, 17.
33.83000, 26.
33.84000, 19.
33.85000, 22.
33.86000, 25.
33.87000, 16.
33.88000, 24.
33.89000, 21.
33.90000, 23.
33.91000, 21.
33.92000, 25.
33.93000, 22.
33.94000, 30.
33.95000, 20.
33.96000, 20.
33.97000, 21.
33.98000, 19.
33.99000, 26.
34.00000, 17.
34.01000, 16.
34.02000, 23.
34.03000, 24.
34.04000, 33.
34.05000, 15.
34.06000, 18.
34.07000, 16.
34.08000, 17.
34.09000, 20.
34.10000, 20.
34.11000, 25.
34.12000, 26.
34.13000, 17.
34.14000, 20.
34.15000, 20.
34.16000, 21.
34.17000, 13.
34.18000, 29.
34.19000, 17.
34.20000, 19.
34.21000, 24.
34.22000, 25.
34.23000, 10.
34.24000, 18.
34.25000, 18.
34.26000, 14.
34.27000, 14.
34.28000, 24.
34.29000, 20.
34.30000, 27.
34.31000, 18.
34.32000, 20.
34.33000, 20.
34.34000, 25.
34.35000, 22.
34.36000, 26.
34.37000, 22.
34.38000, 22.
34.39000, 21.
34.40000, 23.
34.41000, 23.
34.42000, 28.
34.43000, 13.
34.44000, 17.
34.45000, 21.
34.46000, 21.
34.47000, 9.
34.48000, 18.
34.49000, 18.
34.50000, 26.
34.51000, 20.
34.52000, 20.
34.53000, 20.
34.54000, 26.
34.55000, 13.
34.56000, 14.
34.57000, 15.
34.58000, 16.
34.59000, 22.
34.60000, 19.
34.61000, 22.
34.62000, 18.
34.63000, 19.
34.64000, 15.
34.65000, 16.
34.66000, 15.
34.67000, 19.
34.68000, 12.
34.69000, 14.
34.70000, 24.
34.71000, 12.
34.72000, 23.
34.73000, 21.
34.74000, 27.
34.75000, 21.
34.76000, 16.
34.77000, 21.
34.78000, 17.
34.79000, 21.
34.80000, 14.
34.81000, 13.
34.82000, 10.
34.83000, 19.
34.84000, 17.
34.85000, 20.
34.86000, 19.
34.87000, 15.
34.88000, 21.
34.89000, 18.
34.90000, 12.
34.91000, 13.
34.92000, 18.
34.93000, 16.
34.94000, 13.
34.95000, 12.
34.96000, 24.
34.97000, 13.
34.98000, 13.
34.99000, 18.
35.00000, 15.
35.01000, 17.
35.02000, 24.
35.03000, 18.
35.04000, 11.
35.05000, 32.
35.06000, 23.
35.07000, 16.
35.08000, 12.
35.09000, 17.
35.10000, 17.
35.11000, 17.
35.12000, 12.
35.13000, 17.
35.14000, 8.
35.15000, 15.
35.16000, 14.
35.17000, 14.
35.18000, 17.
35.19000, 17.
35.20000, 15.
35.21000, 27.
35.22000, 17.
35.23000, 17.
35.24000, 12.
35.25000, 12.
35.26000, 14.
35.27000, 27.
35.28000, 20.
35.29000, 15.
35.30000, 18.
35.31000, 20.
35.32000, 14.
35.33000, 10.
35.34000, 15.
35.35000, 14.
35.36000, 13.
35.37000, 9.
35.38000, 12.
35.39000, 16.
35.40000, 12.
35.41000, 13.
35.42000, 17.
35.43000, 12.
35.44000, 13.
35.45000, 15.
35.46000, 21.
35.47000, 12.
35.48000, 20.
35.49000, 20.
35.50000, 21.
35.51000, 24.
35.52000, 17.
35.53000, 13.
35.54000, 15.
35.55000, 11.
35.56000, 13.
35.57000, 12.
35.58000, 14.
35.59000, 20.
35.60000, 28.
35.61000, 19.
35.62000, 23.
35.63000, 20.
35.64000, 18.
35.65000, 18.
35.66000, 14.
35.67000, 10.
35.68000, 8.
35.69000, 20.
35.70000, 12.
35.71000, 16.
35.72000, 14.
35.73000, 15.
35.74000, 16.
35.75000, 7.
35.76000, 10.
35.77000, 19.
35.78000, 11.
35.79000, 16.
35.80000, 12.
35.81000, 14.
35.82000, 12.
35.83000, 16.
35.84000, 12.
35.85000, 12.
35.86000, 15.
35.87000, 11.
35.88000, 12.
35.89000, 17.
35.90000, 13.
35.91000, 14.
35.92000, 10.
35.93000, 17.
35.94000, 14.
35.95000, 10.
35.96000, 13.
35.97000, 14.
35.98000, 17.
35.99000, 10.
36.00000, 14.
36.01000, 14.
36.02000, 20.
36.03000, 17.
36.04000, 11.
36.05000, 14.
36.06000, 20.
36.07000, 9.
36.08000, 22.
36.09000, 12.
36.10000, 14.
36.11000, 20.
36.12000, 17.
36.13000, 10.
36.14000, 14.
36.15000, 19.
36.16000, 16.
36.17000, 19.
36.18000, 14.
36.19000, 21.
36.20000, 23.
36.21000, 7.
36.22000, 20.
36.23000, 17.
36.24000, 16.
36.25000, 16.
36.26000, 18.
36.27000, 17.
36.28000, 9.
36.29000, 14.
36.30000, 14.
36.31000, 11.
36.32000, 12.
36.33000, 11.
36.34000, 21.
36.35000, 17.
36.36000, 12.
36.37000, 15.
36.38000, 13.
36.39000, 17.
36.40000, 16.
36.41000, 13.
36.42000, 9.
36.43000, 10.
36.44000, 13.
36.45000, 16.
36.46000, 13.
36.47000, 15.
36.48000, 16.
36.49000, 17.
36.50000, 9.
36.51000, 12.
36.52000, 14.
36.53000, 7.
36.54000, 10.
36.55000, 9.
36.56000, 15.
36.57000, 22.
36.58000, 10.
36.59000, 15.
36.60000, 14.
36.61000, 9.
36.62000, 9.
36.63000, 7.
36.64000, 14.
36.65000, 14.
36.66000, 9.
36.67000, 14.
36.68000, 13.
36.69000, 13.
36.70000, 11.
36.71000, 10.
36.72000, 7.
36.73000, 11.
36.74000, 12.
36.75000, 12.
36.76000, 13.
36.77000, 11.
36.78000, 7.
36.79000, 13.
36.80000, 9.
36.81000, 12.
36.82000, 5.
36.83000, 9.
36.84000, 15.
36.85000, 8.
36.86000, 16.
36.87000, 14.
36.88000, 12.
36.89000, 12.
36.90000, 9.
36.91000, 16.
36.92000, 6.
36.93000, 17.
36.94000, 7.
36.95000, 15.
36.96000, 9.
36.97000, 10.
36.98000, 11.
36.99000, 13.
37.00000, 12.
37.01000, 10.
37.02000, 10.
37.03000, 12.
37.04000, 11.
37.05000, 13.
37.06000, 11.
37.07000, 7.
37.08000, 10.
37.09000, 13.
37.10000, 9.
37.11000, 10.
37.12000, 13.
37.13000, 13.
37.14000, 12.
37.15000, 13.
37.16000, 13.
37.17000, 13.
37.18000, 13.
37.19000, 5.
37.20000, 8.
37.21000, 15.
37.22000, 10.
37.23000, 10.
37.24000, 7.
37.25000, 8.
37.26000, 8.
37.27000, 14.
37.28000, 5.
37.29000, 4.
37.30000, 13.
37.31000, 10.
37.32000, 7.
37.33000, 9.
37.34000, 12.
37.35000, 12.
37.36000, 10.
37.37000, 13.
37.38000, 10.
37.39000, 13.
37.40000, 11.
37.41000, 11.
37.42000, 7.
37.43000, 11.
37.44000, 13.
37.45000, 5.
37.46000, 12.
37.47000, 8.
37.48000, 8.
37.49000, 14.
37.50000, 7.
37.51000, 9.
37.52000, 8.
37.53000, 10.
37.54000, 12.
37.55000, 10.
37.56000, 10.
37.57000, 12.
37.58000, 16.
37.59000, 14.
37.60000, 5.
37.61000, 9.
37.62000, 5.
37.63000, 4.
37.64000, 8.
37.65000, 11.
37.66000, 11.
37.67000, 11.
37.68000, 13.
37.69000, 9.
37.70000, 15.
37.71000, 12.
37.72000, 17.
37.73000, 8.
37.74000, 11.
37.75000, 9.
37.76000, 10.
37.77000, 9.
37.78000, 10.
37.79000, 6.
37.80000, 17.
37.81000, 10.
37.82000, 6.
37.83000, 10.
37.84000, 6.
37.85000, 5.
37.86000, 12.
37.87000, 12.
37.88000, 9.
37.89000, 13.
37.90000, 13.
37.91000, 7.
37.92000, 17.
37.93000, 13.
37.94000, 12.
37.95000, 4.
37.96000, 9.
37.97000, 4.
37.98000, 13.
37.99000, 5.
38.00000, 10.
38.01000, 14.
38.02000, 6.
38.03000, 9.
38.04000, 12.
38.05000, 10.
38.06000, 7.
38.07000, 12.
38.08000, 6.
38.09000, 11.
38.10000, 11.
38.11000, 9.
38.12000, 14.
38.13000, 10.
38.14000, 7.
38.15000, 8.
38.16000, 7.
38.17000, 11.
38.18000, 10.
38.19000, 9.
38.20000, 11.
38.21000, 11.
38.22000, 7.
38.23000, 9.
38.24000, 11.
38.25000, 8.
38.26000, 12.
38.27000, 8.
38.28000, 6.
38.29000, 9.
38.30000, 9.
38.31000, 12.
38.32000, 17.
38.33000, 14.
38.34000, 7.
38.35000, 7.
38.36000, 8.
38.37000, 6.
38.38000, 3.
38.39000, 14.
38.40000, 6.
38.41000, 13.
38.42000, 10.
38.43000, 9.
38.44000, 10.
38.45000, 13.
38.46000, 11.
38.47000, 4.
38.48000, 16.
38.49000, 5.
38.50000, 14.
38.51000, 13.
38.52000, 8.
38.53000, 10.
38.54000, 9.
38.55000, 11.
38.56000, 8.
38.57000, 13.
38.58000, 11.
38.59000, 8.
38.60000, 7.
38.61000, 13.
38.62000, 10.
38.63000, 9.
38.64000, 8.
38.65000, 5.
38.66000, 8.
38.67000, 6.
38.68000, 11.
38.69000, 7.
38.70000, 9.
38.71000, 6.
38.72000, 5.
38.73000, 7.
38.74000, 13.
38.75000, 6.
38.76000, 8.
38.77000, 6.
38.78000, 15.
38.79000, 4.
38.80000, 7.
38.81000, 6.
38.82000, 6.
38.83000, 8.
38.84000, 7.
38.85000, 5.
38.86000, 7.
38.87000, 6.
38.88000, 14.
38.89000, 10.
38.90000, 6.
38.91000, 9.
38.92000, 8.
38.93000, 8.
38.94000, 8.
38.95000, 4.
38.96000, 8.
38.97000, 10.
38.98000, 6.
38.99000, 9.
39.00000, 6.
39.01000, 11.
39.02000, 4.
39.03000, 6.
39.04000, 11.
39.05000, 4.
39.06000, 11.
39.07000, 7.
39.08000, 10.
39.09000, 8.
39.10000, 9.
39.11000, 3.
39.12000, 7.
39.13000, 4.
39.14000, 14.
39.15000, 8.
39.16000, 10.
39.17000, 5.
39.18000, 6.
39.19000, 6.
39.20000, 7.
39.21000, 4.
39.22000, 9.
39.23000, 9.
39.24000, 5.
39.25000, 4.
39.26000, 10.
39.27000, 6.
39.28000, 9.
39.29000, 6.
39.30000, 8.
39.31000, 5.
39.32000, 9.
39.33000, 6.
39.34000, 8.
39.35000, 9.
39.36000, 10.
39.37000, 3.
39.38000, 11.
39.39000, 8.
39.40000, 3.
39.41000, 5.
39.42000, 3.
39.43000, 10.
39.44000, 8.
39.45000, 9.
39.46000, 10.
39.47000, 4.
39.48000, 8.
39.49000, 5.
39.50000, 6.
39.51000, 3.
39.52000, 8.
39.53000, 8.
39.54000, 7.
39.55000, 6.
39.56000, 3.
39.57000, 7.
39.58000, 3.
39.59000, 9.
39.60000, 6.
39.61000, 0.
39.62000, 8.
39.63000, 9.
39.64000, 2.
39.65000, 6.
39.66000, 7.
39.67000, 6.
39.68000, 4.
39.69000, 11.
39.70000, 3.
39.71000, 11.
39.72000, 5.
39.73000, 10.
39.74000, 5.
39.75000, 3.
39.76000, 1.
39.77000, 6.
39.78000, 3.
39.79000, 3.
39.80000, 3.
39.81000, 4.
39.82000, 1.
39.83000, 2.
39.84000, 6.
39.85000, 10.
39.86000, 1.
39.87000, 1.
39.88000, 5.
39.89000, 4.
39.90000, 7.
39.91000, 5.
39.92000, 3.
39.93000, 5.
39.94000, 6.
39.95000, 4.
39.96000, 7.
39.97000, 9.
39.98000, 2.
39.99000, 1.
40.00000, 3.
40.01000, 5.
40.02000, 9.
40.03000, 2.
40.04000, 8.
40.05000, 4.
40.06000, 5.
40.07000, 4.
40.08000, 7.
40.09000, 1.
40.10000, 1.
40.11000, 7.
40.12000, 7.
40.13000, 4.
40.14000, 4.
40.15000, 6.
40.16000, 4.
40.17000, 6.
40.18000, 1.
40.19000, 4.
40.20000, 3.
40.21000, 4.
40.22000, 3.
40.23000, 4.
40.24000, 7.
40.25000, 6.
40.26000, 4.
40.27000, 5.
40.28000, 1.
40.29000, 5.
40.30000, 4.
40.31000, 5.
40.32000, 1.
40.33000, 6.
40.34000, 1.
40.35000, 4.
40.36000, 4.
40.37000, 7.
40.38000, 8.
40.39000, 3.
40.40000, 4.
40.41000, 5.
40.42000, 7.
40.43000, 6.
40.44000, 2.
40.45000, 3.
40.46000, 5.
40.47000, 3.
40.48000, 4.
40.49000, 1.
40.50000, 5.
40.51000, 6.
40.52000, 1.
40.53000, 2.
40.54000, 2.
40.55000, 0.
#ENDOFDATA   : 
