#FORMAT      : EMSA/MAS Spectral Data File
#VERSION     : 1.0
#TITLE       : Spectrum 15
#DATE        : 21-AUG-2025
#TIME        : 15:19
#OWNER       : XGT7200
#NPOINTS     : 4096.
#NCOLUMNS    : 1.
#XUNITS      : keV
#YUNITS      : counts
#DATATYPE    : XY
#XPERCHAN    : 0.0100000
#OFFSET      : -0.400000
#SIGNALTYPE  : EDS
#CHOFFSET    : 40.0000
#LIVETIME    : 30.000000
#REALTIME    : 39.562397
#BEAMKV      : 50.0000
#PROBECUR    : 693000.
#MAGCAM      : 100.000
#XTILTSTGE   : 0.0
#AZIMANGLE   : 0.0
#ELEVANGLE   : 45.0
#XPOSITION mm: 0.0000
#YPOSITION mm: 0.0000
#ZPOSITION mm: 0.0000
##OXINSTPT   : 4
##OXINSTSTROB: 72.25
#SPECTRUM    : Spectral Data Starts Here
-0.40000, 0.
-0.39000, 0.
-0.38000, 0.
-0.37000, 0.
-0.36000, 0.
-0.35000, 0.
-0.34000, 0.
-0.33000, 0.
-0.32000, 0.
-0.31000, 0.
-0.30000, 0.
-0.29000, 0.
-0.28000, 0.
-0.27000, 0.
-0.26000, 0.
-0.25000, 0.
-0.24000, 0.
-0.23000, 0.
-0.22000, 0.
-0.21000, 0.
-0.20000, 0.
-0.19000, 0.
-0.18000, 0.
-0.17000, 0.
-0.16000, 0.
-0.15000, 0.
-0.14000, 0.
-0.13000, 0.
-0.12000, 0.
-0.11000, 0.
-0.10000, 0.
-0.09000, 0.
-0.08000, 0.
-0.07000, 0.
-0.06000, 0.
-0.05000, 0.
-0.04000, 0.
-0.03000, 0.
-0.02000, 0.
-0.01000, 0.
0.00000, 0.
0.01000, 0.
0.02000, 0.
0.03000, 0.
0.04000, 0.
0.05000, 0.
0.06000, 0.
0.07000, 0.
0.08000, 0.
0.09000, 0.
0.10000, 0.
0.11000, 0.
0.12000, 0.
0.13000, 0.
0.14000, 0.
0.15000, 0.
0.16000, 0.
0.17000, 0.
0.18000, 0.
0.19000, 0.
0.20000, 0.
0.21000, 0.
0.22000, 0.
0.23000, 0.
0.24000, 0.
0.25000, 0.
0.26000, 0.
0.27000, 0.
0.28000, 0.
0.29000, 0.
0.30000, 0.
0.31000, 0.
0.32000, 0.
0.33000, 0.
0.34000, 0.
0.35000, 1.
0.36000, 4.
0.37000, 10.
0.38000, 12.
0.39000, 19.
0.40000, 27.
0.41000, 25.
0.42000, 32.
0.43000, 37.
0.44000, 54.
0.45000, 43.
0.46000, 40.
0.47000, 47.
0.48000, 41.
0.49000, 34.
0.50000, 44.
0.51000, 40.
0.52000, 50.
0.53000, 49.
0.54000, 45.
0.55000, 63.
0.56000, 45.
0.57000, 77.
0.58000, 49.
0.59000, 51.
0.60000, 59.
0.61000, 53.
0.62000, 62.
0.63000, 46.
0.64000, 41.
0.65000, 42.
0.66000, 42.
0.67000, 40.
0.68000, 31.
0.69000, 38.
0.70000, 48.
0.71000, 47.
0.72000, 48.
0.73000, 39.
0.74000, 41.
0.75000, 39.
0.76000, 39.
0.77000, 34.
0.78000, 33.
0.79000, 46.
0.80000, 32.
0.81000, 57.
0.82000, 52.
0.83000, 51.
0.84000, 61.
0.85000, 54.
0.86000, 71.
0.87000, 63.
0.88000, 67.
0.89000, 54.
0.90000, 50.
0.91000, 52.
0.92000, 65.
0.93000, 50.
0.94000, 58.
0.95000, 67.
0.96000, 66.
0.97000, 59.
0.98000, 57.
0.99000, 52.
1.00000, 69.
1.01000, 43.
1.02000, 67.
1.03000, 68.
1.04000, 76.
1.05000, 84.
1.06000, 71.
1.07000, 59.
1.08000, 71.
1.09000, 58.
1.10000, 60.
1.11000, 41.
1.12000, 45.
1.13000, 39.
1.14000, 42.
1.15000, 50.
1.16000, 47.
1.17000, 30.
1.18000, 44.
1.19000, 63.
1.20000, 46.
1.21000, 61.
1.22000, 52.
1.23000, 82.
1.24000, 102.
1.25000, 72.
1.26000, 78.
1.27000, 91.
1.28000, 87.
1.29000, 65.
1.30000, 78.
1.31000, 55.
1.32000, 49.
1.33000, 34.
1.34000, 46.
1.35000, 32.
1.36000, 42.
1.37000, 35.
1.38000, 56.
1.39000, 69.
1.40000, 94.
1.41000, 121.
1.42000, 152.
1.43000, 235.
1.44000, 303.
1.45000, 438.
1.46000, 464.
1.47000, 604.
1.48000, 663.
1.49000, 657.
1.50000, 650.
1.51000, 640.
1.52000, 581.
1.53000, 468.
1.54000, 412.
1.55000, 303.
1.56000, 232.
1.57000, 177.
1.58000, 134.
1.59000, 101.
1.60000, 118.
1.61000, 109.
1.62000, 141.
1.63000, 200.
1.64000, 303.
1.65000, 506.
1.66000, 837.
1.67000, 1344.
1.68000, 1832.
1.69000, 2522.
1.70000, 3349.
1.71000, 4261.
1.72000, 5123.
1.73000, 5781.
1.74000, 6130.
1.75000, 6105.
1.76000, 5974.
1.77000, 5183.
1.78000, 4622.
1.79000, 3643.
1.80000, 2844.
1.81000, 2154.
1.82000, 1554.
1.83000, 1103.
1.84000, 769.
1.85000, 546.
1.86000, 380.
1.87000, 300.
1.88000, 230.
1.89000, 205.
1.90000, 119.
1.91000, 120.
1.92000, 90.
1.93000, 72.
1.94000, 71.
1.95000, 56.
1.96000, 81.
1.97000, 60.
1.98000, 74.
1.99000, 67.
2.00000, 67.
2.01000, 74.
2.02000, 68.
2.03000, 75.
2.04000, 67.
2.05000, 61.
2.06000, 44.
2.07000, 46.
2.08000, 53.
2.09000, 38.
2.10000, 36.
2.11000, 38.
2.12000, 33.
2.13000, 23.
2.14000, 46.
2.15000, 31.
2.16000, 45.
2.17000, 37.
2.18000, 73.
2.19000, 57.
2.20000, 67.
2.21000, 101.
2.22000, 142.
2.23000, 221.
2.24000, 263.
2.25000, 345.
2.26000, 476.
2.27000, 557.
2.28000, 597.
2.29000, 713.
2.30000, 800.
2.31000, 836.
2.32000, 829.
2.33000, 776.
2.34000, 684.
2.35000, 561.
2.36000, 475.
2.37000, 348.
2.38000, 310.
2.39000, 225.
2.40000, 173.
2.41000, 121.
2.42000, 128.
2.43000, 104.
2.44000, 102.
2.45000, 83.
2.46000, 111.
2.47000, 107.
2.48000, 117.
2.49000, 125.
2.50000, 143.
2.51000, 196.
2.52000, 219.
2.53000, 259.
2.54000, 382.
2.55000, 506.
2.56000, 689.
2.57000, 856.
2.58000, 1025.
2.59000, 1253.
2.60000, 1437.
2.61000, 1671.
2.62000, 1739.
2.63000, 1880.
2.64000, 1890.
2.65000, 1668.
2.66000, 1572.
2.67000, 1466.
2.68000, 1343.
2.69000, 1085.
2.70000, 948.
2.71000, 837.
2.72000, 725.
2.73000, 587.
2.74000, 509.
2.75000, 427.
2.76000, 395.
2.77000, 363.
2.78000, 353.
2.79000, 330.
2.80000, 382.
2.81000, 410.
2.82000, 405.
2.83000, 384.
2.84000, 367.
2.85000, 322.
2.86000, 298.
2.87000, 270.
2.88000, 261.
2.89000, 215.
2.90000, 169.
2.91000, 161.
2.92000, 130.
2.93000, 115.
2.94000, 86.
2.95000, 90.
2.96000, 84.
2.97000, 71.
2.98000, 60.
2.99000, 71.
3.00000, 60.
3.01000, 65.
3.02000, 40.
3.03000, 43.
3.04000, 36.
3.05000, 41.
3.06000, 35.
3.07000, 30.
3.08000, 40.
3.09000, 33.
3.10000, 39.
3.11000, 32.
3.12000, 36.
3.13000, 37.
3.14000, 31.
3.15000, 31.
3.16000, 24.
3.17000, 36.
3.18000, 46.
3.19000, 55.
3.20000, 69.
3.21000, 80.
3.22000, 119.
3.23000, 157.
3.24000, 201.
3.25000, 230.
3.26000, 296.
3.27000, 343.
3.28000, 419.
3.29000, 502.
3.30000, 502.
3.31000, 546.
3.32000, 601.
3.33000, 552.
3.34000, 483.
3.35000, 460.
3.36000, 401.
3.37000, 339.
3.38000, 286.
3.39000, 199.
3.40000, 163.
3.41000, 99.
3.42000, 101.
3.43000, 85.
3.44000, 57.
3.45000, 54.
3.46000, 48.
3.47000, 37.
3.48000, 36.
3.49000, 45.
3.50000, 57.
3.51000, 45.
3.52000, 73.
3.53000, 103.
3.54000, 94.
3.55000, 95.
3.56000, 130.
3.57000, 190.
3.58000, 212.
3.59000, 243.
3.60000, 338.
3.61000, 368.
3.62000, 502.
3.63000, 578.
3.64000, 733.
3.65000, 813.
3.66000, 1026.
3.67000, 1119.
3.68000, 1201.
3.69000, 1191.
3.70000, 1171.
3.71000, 1131.
3.72000, 1129.
3.73000, 1011.
3.74000, 837.
3.75000, 702.
3.76000, 573.
3.77000, 448.
3.78000, 294.
3.79000, 235.
3.80000, 158.
3.81000, 103.
3.82000, 73.
3.83000, 71.
3.84000, 45.
3.85000, 34.
3.86000, 34.
3.87000, 36.
3.88000, 48.
3.89000, 38.
3.90000, 45.
3.91000, 40.
3.92000, 60.
3.93000, 76.
3.94000, 97.
3.95000, 104.
3.96000, 140.
3.97000, 138.
3.98000, 164.
3.99000, 180.
4.00000, 181.
4.01000, 219.
4.02000, 206.
4.03000, 210.
4.04000, 190.
4.05000, 191.
4.06000, 142.
4.07000, 120.
4.08000, 143.
4.09000, 113.
4.10000, 77.
4.11000, 64.
4.12000, 55.
4.13000, 45.
4.14000, 36.
4.15000, 34.
4.16000, 28.
4.17000, 20.
4.18000, 37.
4.19000, 30.
4.20000, 29.
4.21000, 34.
4.22000, 39.
4.23000, 41.
4.24000, 36.
4.25000, 30.
4.26000, 26.
4.27000, 30.
4.28000, 34.
4.29000, 28.
4.30000, 30.
4.31000, 43.
4.32000, 37.
4.33000, 36.
4.34000, 46.
4.35000, 43.
4.36000, 46.
4.37000, 63.
4.38000, 68.
4.39000, 83.
4.40000, 130.
4.41000, 132.
4.42000, 162.
4.43000, 233.
4.44000, 261.
4.45000, 310.
4.46000, 395.
4.47000, 427.
4.48000, 505.
4.49000, 503.
4.50000, 558.
4.51000, 544.
4.52000, 576.
4.53000, 538.
4.54000, 551.
4.55000, 471.
4.56000, 361.
4.57000, 359.
4.58000, 272.
4.59000, 235.
4.60000, 182.
4.61000, 160.
4.62000, 168.
4.63000, 122.
4.64000, 121.
4.65000, 124.
4.66000, 92.
4.67000, 90.
4.68000, 93.
4.69000, 96.
4.70000, 78.
4.71000, 69.
4.72000, 68.
4.73000, 66.
4.74000, 63.
4.75000, 56.
4.76000, 69.
4.77000, 78.
4.78000, 71.
4.79000, 67.
4.80000, 78.
4.81000, 69.
4.82000, 74.
4.83000, 85.
4.84000, 91.
4.85000, 104.
4.86000, 128.
4.87000, 120.
4.88000, 123.
4.89000, 126.
4.90000, 141.
4.91000, 143.
4.92000, 149.
4.93000, 147.
4.94000, 145.
4.95000, 154.
4.96000, 156.
4.97000, 116.
4.98000, 122.
4.99000, 119.
5.00000, 91.
5.01000, 89.
5.02000, 74.
5.03000, 80.
5.04000, 62.
5.05000, 57.
5.06000, 57.
5.07000, 48.
5.08000, 42.
5.09000, 51.
5.10000, 35.
5.11000, 62.
5.12000, 54.
5.13000, 49.
5.14000, 46.
5.15000, 49.
5.16000, 57.
5.17000, 64.
5.18000, 57.
5.19000, 61.
5.20000, 55.
5.21000, 61.
5.22000, 58.
5.23000, 52.
5.24000, 57.
5.25000, 47.
5.26000, 72.
5.27000, 57.
5.28000, 68.
5.29000, 59.
5.30000, 66.
5.31000, 61.
5.32000, 70.
5.33000, 57.
5.34000, 65.
5.35000, 72.
5.36000, 56.
5.37000, 81.
5.38000, 58.
5.39000, 75.
5.40000, 83.
5.41000, 81.
5.42000, 83.
5.43000, 69.
5.44000, 90.
5.45000, 73.
5.46000, 78.
5.47000, 69.
5.48000, 65.
5.49000, 61.
5.50000, 76.
5.51000, 64.
5.52000, 67.
5.53000, 74.
5.54000, 63.
5.55000, 61.
5.56000, 72.
5.57000, 76.
5.58000, 45.
5.59000, 43.
5.60000, 52.
5.61000, 49.
5.62000, 60.
5.63000, 46.
5.64000, 45.
5.65000, 63.
5.66000, 58.
5.67000, 48.
5.68000, 51.
5.69000, 43.
5.70000, 51.
5.71000, 51.
5.72000, 52.
5.73000, 56.
5.74000, 46.
5.75000, 62.
5.76000, 72.
5.77000, 74.
5.78000, 87.
5.79000, 66.
5.80000, 67.
5.81000, 87.
5.82000, 113.
5.83000, 126.
5.84000, 140.
5.85000, 127.
5.86000, 154.
5.87000, 167.
5.88000, 172.
5.89000, 184.
5.90000, 146.
5.91000, 168.
5.92000, 156.
5.93000, 176.
5.94000, 144.
5.95000, 140.
5.96000, 108.
5.97000, 100.
5.98000, 101.
5.99000, 87.
6.00000, 113.
6.01000, 71.
6.02000, 88.
6.03000, 77.
6.04000, 63.
6.05000, 99.
6.06000, 87.
6.07000, 79.
6.08000, 76.
6.09000, 78.
6.10000, 94.
6.11000, 76.
6.12000, 75.
6.13000, 77.
6.14000, 98.
6.15000, 86.
6.16000, 120.
6.17000, 106.
6.18000, 126.
6.19000, 161.
6.20000, 193.
6.21000, 245.
6.22000, 320.
6.23000, 467.
6.24000, 610.
6.25000, 830.
6.26000, 1183.
6.27000, 1617.
6.28000, 2239.
6.29000, 2946.
6.30000, 3954.
6.31000, 4876.
6.32000, 6141.
6.33000, 7480.
6.34000, 8864.
6.35000, 10243.
6.36000, 11490.
6.37000, 12506.
6.38000, 13236.
6.39000, 13813.
6.40000, 14054.
6.41000, 13598.
6.42000, 13151.
6.43000, 12493.
6.44000, 11469.
6.45000, 9911.
6.46000, 8589.
6.47000, 7214.
6.48000, 5923.
6.49000, 4798.
6.50000, 3717.
6.51000, 2757.
6.52000, 2174.
6.53000, 1551.
6.54000, 1130.
6.55000, 793.
6.56000, 635.
6.57000, 395.
6.58000, 273.
6.59000, 206.
6.60000, 166.
6.61000, 156.
6.62000, 128.
6.63000, 119.
6.64000, 94.
6.65000, 77.
6.66000, 90.
6.67000, 107.
6.68000, 104.
6.69000, 89.
6.70000, 105.
6.71000, 102.
6.72000, 108.
6.73000, 103.
6.74000, 101.
6.75000, 100.
6.76000, 99.
6.77000, 104.
6.78000, 112.
6.79000, 104.
6.80000, 118.
6.81000, 104.
6.82000, 134.
6.83000, 124.
6.84000, 145.
6.85000, 140.
6.86000, 143.
6.87000, 200.
6.88000, 189.
6.89000, 252.
6.90000, 241.
6.91000, 357.
6.92000, 405.
6.93000, 514.
6.94000, 613.
6.95000, 736.
6.96000, 884.
6.97000, 1061.
6.98000, 1253.
6.99000, 1485.
7.00000, 1727.
7.01000, 1889.
7.02000, 1999.
7.03000, 2075.
7.04000, 2141.
7.05000, 2277.
7.06000, 2314.
7.07000, 2150.
7.08000, 2133.
7.09000, 1916.
7.10000, 1772.
7.11000, 1543.
7.12000, 1284.
7.13000, 1179.
7.14000, 954.
7.15000, 761.
7.16000, 661.
7.17000, 496.
7.18000, 417.
7.19000, 289.
7.20000, 250.
7.21000, 199.
7.22000, 163.
7.23000, 122.
7.24000, 93.
7.25000, 123.
7.26000, 79.
7.27000, 79.
7.28000, 71.
7.29000, 80.
7.30000, 69.
7.31000, 56.
7.32000, 60.
7.33000, 87.
7.34000, 72.
7.35000, 86.
7.36000, 78.
7.37000, 76.
7.38000, 80.
7.39000, 81.
7.40000, 88.
7.41000, 91.
7.42000, 76.
7.43000, 86.
7.44000, 118.
7.45000, 83.
7.46000, 78.
7.47000, 94.
7.48000, 94.
7.49000, 101.
7.50000, 81.
7.51000, 100.
7.52000, 77.
7.53000, 82.
7.54000, 100.
7.55000, 77.
7.56000, 70.
7.57000, 72.
7.58000, 83.
7.59000, 75.
7.60000, 81.
7.61000, 66.
7.62000, 64.
7.63000, 68.
7.64000, 74.
7.65000, 67.
7.66000, 55.
7.67000, 75.
7.68000, 86.
7.69000, 74.
7.70000, 80.
7.71000, 78.
7.72000, 85.
7.73000, 67.
7.74000, 81.
7.75000, 68.
7.76000, 87.
7.77000, 83.
7.78000, 88.
7.79000, 72.
7.80000, 81.
7.81000, 102.
7.82000, 97.
7.83000, 107.
7.84000, 115.
7.85000, 122.
7.86000, 93.
7.87000, 93.
7.88000, 102.
7.89000, 116.
7.90000, 118.
7.91000, 126.
7.92000, 145.
7.93000, 133.
7.94000, 150.
7.95000, 185.
7.96000, 206.
7.97000, 201.
7.98000, 185.
7.99000, 208.
8.00000, 253.
8.01000, 247.
8.02000, 248.
8.03000, 254.
8.04000, 261.
8.05000, 283.
8.06000, 264.
8.07000, 268.
8.08000, 234.
8.09000, 224.
8.10000, 253.
8.11000, 221.
8.12000, 211.
8.13000, 187.
8.14000, 155.
8.15000, 141.
8.16000, 167.
8.17000, 141.
8.18000, 143.
8.19000, 116.
8.20000, 111.
8.21000, 138.
8.22000, 131.
8.23000, 112.
8.24000, 121.
8.25000, 111.
8.26000, 120.
8.27000, 102.
8.28000, 98.
8.29000, 103.
8.30000, 94.
8.31000, 114.
8.32000, 98.
8.33000, 113.
8.34000, 94.
8.35000, 107.
8.36000, 102.
8.37000, 129.
8.38000, 103.
8.39000, 111.
8.40000, 105.
8.41000, 108.
8.42000, 109.
8.43000, 125.
8.44000, 106.
8.45000, 123.
8.46000, 122.
8.47000, 120.
8.48000, 134.
8.49000, 128.
8.50000, 120.
8.51000, 128.
8.52000, 179.
8.53000, 204.
8.54000, 179.
8.55000, 214.
8.56000, 228.
8.57000, 253.
8.58000, 262.
8.59000, 298.
8.60000, 289.
8.61000, 310.
8.62000, 299.
8.63000, 304.
8.64000, 271.
8.65000, 256.
8.66000, 289.
8.67000, 302.
8.68000, 273.
8.69000, 250.
8.70000, 237.
8.71000, 214.
8.72000, 197.
8.73000, 190.
8.74000, 162.
8.75000, 148.
8.76000, 133.
8.77000, 175.
8.78000, 142.
8.79000, 139.
8.80000, 140.
8.81000, 122.
8.82000, 127.
8.83000, 120.
8.84000, 130.
8.85000, 145.
8.86000, 129.
8.87000, 143.
8.88000, 113.
8.89000, 139.
8.90000, 130.
8.91000, 117.
8.92000, 136.
8.93000, 147.
8.94000, 143.
8.95000, 154.
8.96000, 137.
8.97000, 112.
8.98000, 131.
8.99000, 104.
9.00000, 134.
9.01000, 133.
9.02000, 139.
9.03000, 117.
9.04000, 112.
9.05000, 125.
9.06000, 111.
9.07000, 110.
9.08000, 128.
9.09000, 117.
9.10000, 128.
9.11000, 125.
9.12000, 129.
9.13000, 112.
9.14000, 113.
9.15000, 127.
9.16000, 126.
9.17000, 109.
9.18000, 132.
9.19000, 128.
9.20000, 141.
9.21000, 163.
9.22000, 134.
9.23000, 116.
9.24000, 137.
9.25000, 137.
9.26000, 138.
9.27000, 134.
9.28000, 141.
9.29000, 125.
9.30000, 131.
9.31000, 120.
9.32000, 138.
9.33000, 125.
9.34000, 127.
9.35000, 114.
9.36000, 97.
9.37000, 115.
9.38000, 136.
9.39000, 118.
9.40000, 113.
9.41000, 114.
9.42000, 126.
9.43000, 134.
9.44000, 133.
9.45000, 134.
9.46000, 128.
9.47000, 145.
9.48000, 118.
9.49000, 136.
9.50000, 137.
9.51000, 138.
9.52000, 139.
9.53000, 150.
9.54000, 160.
9.55000, 141.
9.56000, 157.
9.57000, 136.
9.58000, 129.
9.59000, 161.
9.60000, 183.
9.61000, 138.
9.62000, 151.
9.63000, 149.
9.64000, 139.
9.65000, 150.
9.66000, 129.
9.67000, 133.
9.68000, 144.
9.69000, 130.
9.70000, 155.
9.71000, 123.
9.72000, 126.
9.73000, 133.
9.74000, 107.
9.75000, 132.
9.76000, 117.
9.77000, 122.
9.78000, 121.
9.79000, 115.
9.80000, 108.
9.81000, 142.
9.82000, 126.
9.83000, 109.
9.84000, 123.
9.85000, 119.
9.86000, 140.
9.87000, 128.
9.88000, 112.
9.89000, 119.
9.90000, 129.
9.91000, 122.
9.92000, 122.
9.93000, 110.
9.94000, 110.
9.95000, 105.
9.96000, 122.
9.97000, 133.
9.98000, 118.
9.99000, 138.
10.00000, 118.
10.01000, 146.
10.02000, 134.
10.03000, 128.
10.04000, 127.
10.05000, 135.
10.06000, 109.
10.07000, 137.
10.08000, 129.
10.09000, 112.
10.10000, 143.
10.11000, 119.
10.12000, 147.
10.13000, 133.
10.14000, 144.
10.15000, 122.
10.16000, 115.
10.17000, 136.
10.18000, 139.
10.19000, 131.
10.20000, 103.
10.21000, 123.
10.22000, 128.
10.23000, 114.
10.24000, 122.
10.25000, 126.
10.26000, 143.
10.27000, 140.
10.28000, 148.
10.29000, 129.
10.30000, 132.
10.31000, 116.
10.32000, 142.
10.33000, 151.
10.34000, 127.
10.35000, 132.
10.36000, 120.
10.37000, 130.
10.38000, 136.
10.39000, 151.
10.40000, 151.
10.41000, 166.
10.42000, 154.
10.43000, 138.
10.44000, 182.
10.45000, 149.
10.46000, 159.
10.47000, 215.
10.48000, 169.
10.49000, 209.
10.50000, 166.
10.51000, 222.
10.52000, 210.
10.53000, 191.
10.54000, 199.
10.55000, 211.
10.56000, 203.
10.57000, 216.
10.58000, 197.
10.59000, 176.
10.60000, 177.
10.61000, 187.
10.62000, 179.
10.63000, 168.
10.64000, 174.
10.65000, 161.
10.66000, 166.
10.67000, 135.
10.68000, 150.
10.69000, 172.
10.70000, 137.
10.71000, 116.
10.72000, 137.
10.73000, 160.
10.74000, 124.
10.75000, 133.
10.76000, 133.
10.77000, 122.
10.78000, 120.
10.79000, 145.
10.80000, 125.
10.81000, 116.
10.82000, 145.
10.83000, 132.
10.84000, 148.
10.85000, 132.
10.86000, 141.
10.87000, 123.
10.88000, 154.
10.89000, 134.
10.90000, 149.
10.91000, 148.
10.92000, 137.
10.93000, 126.
10.94000, 131.
10.95000, 136.
10.96000, 116.
10.97000, 150.
10.98000, 141.
10.99000, 162.
11.00000, 141.
11.01000, 131.
11.02000, 146.
11.03000, 133.
11.04000, 135.
11.05000, 145.
11.06000, 152.
11.07000, 131.
11.08000, 163.
11.09000, 121.
11.10000, 138.
11.11000, 142.
11.12000, 128.
11.13000, 137.
11.14000, 131.
11.15000, 147.
11.16000, 146.
11.17000, 145.
11.18000, 129.
11.19000, 161.
11.20000, 144.
11.21000, 134.
11.22000, 155.
11.23000, 143.
11.24000, 122.
11.25000, 140.
11.26000, 118.
11.27000, 138.
11.28000, 138.
11.29000, 130.
11.30000, 164.
11.31000, 142.
11.32000, 135.
11.33000, 133.
11.34000, 139.
11.35000, 134.
11.36000, 147.
11.37000, 143.
11.38000, 155.
11.39000, 157.
11.40000, 155.
11.41000, 182.
11.42000, 136.
11.43000, 131.
11.44000, 151.
11.45000, 144.
11.46000, 136.
11.47000, 161.
11.48000, 145.
11.49000, 143.
11.50000, 144.
11.51000, 140.
11.52000, 143.
11.53000, 142.
11.54000, 137.
11.55000, 159.
11.56000, 150.
11.57000, 149.
11.58000, 146.
11.59000, 153.
11.60000, 160.
11.61000, 142.
11.62000, 131.
11.63000, 161.
11.64000, 129.
11.65000, 177.
11.66000, 131.
11.67000, 149.
11.68000, 132.
11.69000, 156.
11.70000, 173.
11.71000, 166.
11.72000, 161.
11.73000, 167.
11.74000, 174.
11.75000, 178.
11.76000, 193.
11.77000, 214.
11.78000, 201.
11.79000, 216.
11.80000, 221.
11.81000, 273.
11.82000, 248.
11.83000, 298.
11.84000, 271.
11.85000, 294.
11.86000, 278.
11.87000, 318.
11.88000, 319.
11.89000, 312.
11.90000, 344.
11.91000, 368.
11.92000, 330.
11.93000, 316.
11.94000, 313.
11.95000, 314.
11.96000, 270.
11.97000, 268.
11.98000, 236.
11.99000, 254.
12.00000, 219.
12.01000, 190.
12.02000, 205.
12.03000, 181.
12.04000, 193.
12.05000, 214.
12.06000, 166.
12.07000, 141.
12.08000, 180.
12.09000, 137.
12.10000, 157.
12.11000, 159.
12.12000, 131.
12.13000, 135.
12.14000, 139.
12.15000, 161.
12.16000, 156.
12.17000, 144.
12.18000, 178.
12.19000, 135.
12.20000, 143.
12.21000, 156.
12.22000, 151.
12.23000, 160.
12.24000, 155.
12.25000, 166.
12.26000, 146.
12.27000, 157.
12.28000, 146.
12.29000, 165.
12.30000, 148.
12.31000, 159.
12.32000, 145.
12.33000, 176.
12.34000, 157.
12.35000, 133.
12.36000, 147.
12.37000, 146.
12.38000, 149.
12.39000, 140.
12.40000, 151.
12.41000, 143.
12.42000, 154.
12.43000, 172.
12.44000, 150.
12.45000, 156.
12.46000, 149.
12.47000, 171.
12.48000, 177.
12.49000, 169.
12.50000, 190.
12.51000, 172.
12.52000, 192.
12.53000, 159.
12.54000, 207.
12.55000, 184.
12.56000, 230.
12.57000, 207.
12.58000, 191.
12.59000, 211.
12.60000, 191.
12.61000, 206.
12.62000, 212.
12.63000, 199.
12.64000, 212.
12.65000, 222.
12.66000, 213.
12.67000, 186.
12.68000, 178.
12.69000, 184.
12.70000, 182.
12.71000, 179.
12.72000, 200.
12.73000, 189.
12.74000, 190.
12.75000, 179.
12.76000, 200.
12.77000, 191.
12.78000, 187.
12.79000, 181.
12.80000, 200.
12.81000, 182.
12.82000, 188.
12.83000, 187.
12.84000, 186.
12.85000, 202.
12.86000, 158.
12.87000, 194.
12.88000, 163.
12.89000, 165.
12.90000, 163.
12.91000, 157.
12.92000, 170.
12.93000, 146.
12.94000, 173.
12.95000, 161.
12.96000, 167.
12.97000, 166.
12.98000, 208.
12.99000, 170.
13.00000, 155.
13.01000, 156.
13.02000, 152.
13.03000, 169.
13.04000, 164.
13.05000, 165.
13.06000, 167.
13.07000, 174.
13.08000, 173.
13.09000, 138.
13.10000, 157.
13.11000, 157.
13.12000, 174.
13.13000, 155.
13.14000, 199.
13.15000, 165.
13.16000, 170.
13.17000, 163.
13.18000, 185.
13.19000, 182.
13.20000, 177.
13.21000, 168.
13.22000, 187.
13.23000, 190.
13.24000, 210.
13.25000, 188.
13.26000, 197.
13.27000, 223.
13.28000, 212.
13.29000, 189.
13.30000, 243.
13.31000, 209.
13.32000, 205.
13.33000, 211.
13.34000, 240.
13.35000, 218.
13.36000, 220.
13.37000, 248.
13.38000, 204.
13.39000, 224.
13.40000, 216.
13.41000, 207.
13.42000, 207.
13.43000, 231.
13.44000, 213.
13.45000, 197.
13.46000, 192.
13.47000, 169.
13.48000, 191.
13.49000, 162.
13.50000, 169.
13.51000, 177.
13.52000, 186.
13.53000, 170.
13.54000, 190.
13.55000, 147.
13.56000, 155.
13.57000, 135.
13.58000, 174.
13.59000, 164.
13.60000, 145.
13.61000, 163.
13.62000, 160.
13.63000, 179.
13.64000, 155.
13.65000, 177.
13.66000, 153.
13.67000, 153.
13.68000, 141.
13.69000, 171.
13.70000, 130.
13.71000, 158.
13.72000, 165.
13.73000, 142.
13.74000, 140.
13.75000, 163.
13.76000, 154.
13.77000, 164.
13.78000, 160.
13.79000, 149.
13.80000, 163.
13.81000, 150.
13.82000, 167.
13.83000, 142.
13.84000, 168.
13.85000, 136.
13.86000, 176.
13.87000, 182.
13.88000, 171.
13.89000, 163.
13.90000, 174.
13.91000, 164.
13.92000, 153.
13.93000, 183.
13.94000, 184.
13.95000, 183.
13.96000, 234.
13.97000, 218.
13.98000, 223.
13.99000, 264.
14.00000, 266.
14.01000, 249.
14.02000, 274.
14.03000, 291.
14.04000, 339.
14.05000, 328.
14.06000, 355.
14.07000, 376.
14.08000, 382.
14.09000, 379.
14.10000, 401.
14.11000, 461.
14.12000, 413.
14.13000, 438.
14.14000, 400.
14.15000, 411.
14.16000, 396.
14.17000, 419.
14.18000, 396.
14.19000, 345.
14.20000, 335.
14.21000, 319.
14.22000, 342.
14.23000, 284.
14.24000, 264.
14.25000, 255.
14.26000, 223.
14.27000, 226.
14.28000, 195.
14.29000, 201.
14.30000, 188.
14.31000, 181.
14.32000, 153.
14.33000, 162.
14.34000, 164.
14.35000, 151.
14.36000, 150.
14.37000, 156.
14.38000, 137.
14.39000, 163.
14.40000, 160.
14.41000, 144.
14.42000, 154.
14.43000, 134.
14.44000, 150.
14.45000, 149.
14.46000, 158.
14.47000, 144.
14.48000, 137.
14.49000, 157.
14.50000, 146.
14.51000, 140.
14.52000, 151.
14.53000, 131.
14.54000, 145.
14.55000, 147.
14.56000, 167.
14.57000, 137.
14.58000, 163.
14.59000, 136.
14.60000, 164.
14.61000, 135.
14.62000, 173.
14.63000, 167.
14.64000, 138.
14.65000, 159.
14.66000, 150.
14.67000, 162.
14.68000, 177.
14.69000, 127.
14.70000, 161.
14.71000, 162.
14.72000, 150.
14.73000, 183.
14.74000, 147.
14.75000, 158.
14.76000, 154.
14.77000, 161.
14.78000, 191.
14.79000, 182.
14.80000, 141.
14.81000, 156.
14.82000, 168.
14.83000, 155.
14.84000, 183.
14.85000, 181.
14.86000, 165.
14.87000, 153.
14.88000, 159.
14.89000, 149.
14.90000, 176.
14.91000, 180.
14.92000, 170.
14.93000, 178.
14.94000, 181.
14.95000, 182.
14.96000, 178.
14.97000, 168.
14.98000, 191.
14.99000, 177.
15.00000, 153.
15.01000, 161.
15.02000, 166.
15.03000, 138.
15.04000, 153.
15.05000, 169.
15.06000, 159.
15.07000, 164.
15.08000, 167.
15.09000, 157.
15.10000, 132.
15.11000, 158.
15.12000, 150.
15.13000, 148.
15.14000, 143.
15.15000, 145.
15.16000, 160.
15.17000, 152.
15.18000, 137.
15.19000, 175.
15.20000, 145.
15.21000, 159.
15.22000, 163.
15.23000, 153.
15.24000, 168.
15.25000, 144.
15.26000, 167.
15.27000, 166.
15.28000, 139.
15.29000, 133.
15.30000, 166.
15.31000, 141.
15.32000, 180.
15.33000, 163.
15.34000, 140.
15.35000, 151.
15.36000, 146.
15.37000, 144.
15.38000, 156.
15.39000, 162.
15.40000, 134.
15.41000, 144.
15.42000, 151.
15.43000, 140.
15.44000, 158.
15.45000, 137.
15.46000, 144.
15.47000, 150.
15.48000, 166.
15.49000, 150.
15.50000, 148.
15.51000, 168.
15.52000, 171.
15.53000, 143.
15.54000, 182.
15.55000, 177.
15.56000, 153.
15.57000, 182.
15.58000, 185.
15.59000, 194.
15.60000, 193.
15.61000, 212.
15.62000, 195.
15.63000, 204.
15.64000, 207.
15.65000, 224.
15.66000, 258.
15.67000, 243.
15.68000, 271.
15.69000, 285.
15.70000, 254.
15.71000, 315.
15.72000, 293.
15.73000, 291.
15.74000, 311.
15.75000, 287.
15.76000, 276.
15.77000, 294.
15.78000, 314.
15.79000, 284.
15.80000, 274.
15.81000, 294.
15.82000, 261.
15.83000, 226.
15.84000, 260.
15.85000, 271.
15.86000, 239.
15.87000, 204.
15.88000, 223.
15.89000, 198.
15.90000, 199.
15.91000, 184.
15.92000, 186.
15.93000, 162.
15.94000, 165.
15.95000, 178.
15.96000, 158.
15.97000, 178.
15.98000, 144.
15.99000, 153.
16.00000, 149.
16.01000, 150.
16.02000, 172.
16.03000, 155.
16.04000, 147.
16.05000, 168.
16.06000, 148.
16.07000, 155.
16.08000, 167.
16.09000, 136.
16.10000, 144.
16.11000, 147.
16.12000, 152.
16.13000, 151.
16.14000, 145.
16.15000, 161.
16.16000, 151.
16.17000, 155.
16.18000, 163.
16.19000, 139.
16.20000, 140.
16.21000, 151.
16.22000, 165.
16.23000, 122.
16.24000, 153.
16.25000, 155.
16.26000, 165.
16.27000, 146.
16.28000, 137.
16.29000, 133.
16.30000, 140.
16.31000, 128.
16.32000, 143.
16.33000, 148.
16.34000, 162.
16.35000, 145.
16.36000, 148.
16.37000, 147.
16.38000, 148.
16.39000, 142.
16.40000, 178.
16.41000, 158.
16.42000, 161.
16.43000, 163.
16.44000, 182.
16.45000, 149.
16.46000, 154.
16.47000, 152.
16.48000, 165.
16.49000, 152.
16.50000, 163.
16.51000, 155.
16.52000, 158.
16.53000, 152.
16.54000, 161.
16.55000, 152.
16.56000, 159.
16.57000, 150.
16.58000, 162.
16.59000, 161.
16.60000, 165.
16.61000, 154.
16.62000, 152.
16.63000, 146.
16.64000, 147.
16.65000, 140.
16.66000, 164.
16.67000, 149.
16.68000, 158.
16.69000, 163.
16.70000, 153.
16.71000, 142.
16.72000, 155.
16.73000, 159.
16.74000, 167.
16.75000, 163.
16.76000, 151.
16.77000, 141.
16.78000, 160.
16.79000, 141.
16.80000, 153.
16.81000, 147.
16.82000, 159.
16.83000, 161.
16.84000, 169.
16.85000, 134.
16.86000, 166.
16.87000, 131.
16.88000, 139.
16.89000, 153.
16.90000, 154.
16.91000, 137.
16.92000, 146.
16.93000, 168.
16.94000, 161.
16.95000, 137.
16.96000, 149.
16.97000, 146.
16.98000, 140.
16.99000, 165.
17.00000, 144.
17.01000, 141.
17.02000, 145.
17.03000, 135.
17.04000, 125.
17.05000, 158.
17.06000, 151.
17.07000, 176.
17.08000, 156.
17.09000, 156.
17.10000, 156.
17.11000, 156.
17.12000, 133.
17.13000, 150.
17.14000, 173.
17.15000, 155.
17.16000, 127.
17.17000, 154.
17.18000, 168.
17.19000, 145.
17.20000, 175.
17.21000, 165.
17.22000, 141.
17.23000, 164.
17.24000, 185.
17.25000, 136.
17.26000, 150.
17.27000, 171.
17.28000, 172.
17.29000, 142.
17.30000, 152.
17.31000, 166.
17.32000, 161.
17.33000, 173.
17.34000, 188.
17.35000, 157.
17.36000, 167.
17.37000, 154.
17.38000, 146.
17.39000, 162.
17.40000, 159.
17.41000, 155.
17.42000, 171.
17.43000, 168.
17.44000, 170.
17.45000, 186.
17.46000, 183.
17.47000, 163.
17.48000, 173.
17.49000, 183.
17.50000, 175.
17.51000, 189.
17.52000, 191.
17.53000, 181.
17.54000, 170.
17.55000, 204.
17.56000, 197.
17.57000, 173.
17.58000, 212.
17.59000, 193.
17.60000, 208.
17.61000, 224.
17.62000, 214.
17.63000, 197.
17.64000, 203.
17.65000, 220.
17.66000, 199.
17.67000, 177.
17.68000, 220.
17.69000, 215.
17.70000, 208.
17.71000, 214.
17.72000, 244.
17.73000, 163.
17.74000, 205.
17.75000, 161.
17.76000, 204.
17.77000, 212.
17.78000, 198.
17.79000, 176.
17.80000, 190.
17.81000, 220.
17.82000, 202.
17.83000, 210.
17.84000, 245.
17.85000, 203.
17.86000, 205.
17.87000, 197.
17.88000, 214.
17.89000, 216.
17.90000, 206.
17.91000, 236.
17.92000, 219.
17.93000, 203.
17.94000, 230.
17.95000, 214.
17.96000, 218.
17.97000, 205.
17.98000, 202.
17.99000, 212.
18.00000, 266.
18.01000, 273.
18.02000, 251.
18.03000, 258.
18.04000, 203.
18.05000, 236.
18.06000, 257.
18.07000, 221.
18.08000, 238.
18.09000, 219.
18.10000, 234.
18.11000, 230.
18.12000, 249.
18.13000, 240.
18.14000, 235.
18.15000, 249.
18.16000, 235.
18.17000, 259.
18.18000, 268.
18.19000, 259.
18.20000, 295.
18.21000, 261.
18.22000, 304.
18.23000, 277.
18.24000, 315.
18.25000, 280.
18.26000, 311.
18.27000, 359.
18.28000, 326.
18.29000, 347.
18.30000, 349.
18.31000, 368.
18.32000, 289.
18.33000, 350.
18.34000, 377.
18.35000, 359.
18.36000, 396.
18.37000, 430.
18.38000, 394.
18.39000, 417.
18.40000, 454.
18.41000, 466.
18.42000, 450.
18.43000, 510.
18.44000, 520.
18.45000, 512.
18.46000, 511.
18.47000, 546.
18.48000, 552.
18.49000, 532.
18.50000, 505.
18.51000, 586.
18.52000, 589.
18.53000, 627.
18.54000, 649.
18.55000, 636.
18.56000, 656.
18.57000, 728.
18.58000, 741.
18.59000, 774.
18.60000, 709.
18.61000, 793.
18.62000, 767.
18.63000, 762.
18.64000, 806.
18.65000, 833.
18.66000, 812.
18.67000, 886.
18.68000, 868.
18.69000, 891.
18.70000, 899.
18.71000, 924.
18.72000, 874.
18.73000, 884.
18.74000, 937.
18.75000, 914.
18.76000, 864.
18.77000, 875.
18.78000, 981.
18.79000, 925.
18.80000, 938.
18.81000, 901.
18.82000, 937.
18.83000, 899.
18.84000, 928.
18.85000, 885.
18.86000, 876.
18.87000, 874.
18.88000, 848.
18.89000, 904.
18.90000, 847.
18.91000, 823.
18.92000, 862.
18.93000, 843.
18.94000, 834.
18.95000, 797.
18.96000, 785.
18.97000, 783.
18.98000, 721.
18.99000, 750.
19.00000, 702.
19.01000, 702.
19.02000, 686.
19.03000, 674.
19.04000, 658.
19.05000, 678.
19.06000, 627.
19.07000, 587.
19.08000, 580.
19.09000, 569.
19.10000, 607.
19.11000, 507.
19.12000, 513.
19.13000, 490.
19.14000, 480.
19.15000, 488.
19.16000, 421.
19.17000, 417.
19.18000, 439.
19.19000, 409.
19.20000, 381.
19.21000, 411.
19.22000, 391.
19.23000, 372.
19.24000, 396.
19.25000, 365.
19.26000, 358.
19.27000, 363.
19.28000, 335.
19.29000, 275.
19.30000, 333.
19.31000, 319.
19.32000, 311.
19.33000, 293.
19.34000, 295.
19.35000, 290.
19.36000, 284.
19.37000, 272.
19.38000, 255.
19.39000, 267.
19.40000, 286.
19.41000, 260.
19.42000, 258.
19.43000, 275.
19.44000, 233.
19.45000, 257.
19.46000, 254.
19.47000, 217.
19.48000, 227.
19.49000, 217.
19.50000, 217.
19.51000, 219.
19.52000, 203.
19.53000, 220.
19.54000, 243.
19.55000, 201.
19.56000, 199.
19.57000, 230.
19.58000, 192.
19.59000, 207.
19.60000, 230.
19.61000, 173.
19.62000, 210.
19.63000, 185.
19.64000, 198.
19.65000, 171.
19.66000, 177.
19.67000, 180.
19.68000, 172.
19.69000, 196.
19.70000, 187.
19.71000, 164.
19.72000, 170.
19.73000, 157.
19.74000, 181.
19.75000, 186.
19.76000, 144.
19.77000, 182.
19.78000, 158.
19.79000, 179.
19.80000, 161.
19.81000, 159.
19.82000, 166.
19.83000, 193.
19.84000, 189.
19.85000, 151.
19.86000, 200.
19.87000, 210.
19.88000, 207.
19.89000, 196.
19.90000, 245.
19.91000, 227.
19.92000, 237.
19.93000, 250.
19.94000, 265.
19.95000, 302.
19.96000, 296.
19.97000, 327.
19.98000, 335.
19.99000, 340.
20.00000, 365.
20.01000, 403.
20.02000, 391.
20.03000, 400.
20.04000, 450.
20.05000, 443.
20.06000, 455.
20.07000, 466.
20.08000, 478.
20.09000, 497.
20.10000, 565.
20.11000, 537.
20.12000, 547.
20.13000, 552.
20.14000, 540.
20.15000, 581.
20.16000, 559.
20.17000, 521.
20.18000, 534.
20.19000, 552.
20.20000, 524.
20.21000, 491.
20.22000, 501.
20.23000, 446.
20.24000, 448.
20.25000, 419.
20.26000, 405.
20.27000, 362.
20.28000, 324.
20.29000, 336.
20.30000, 346.
20.31000, 299.
20.32000, 273.
20.33000, 259.
20.34000, 230.
20.35000, 214.
20.36000, 201.
20.37000, 201.
20.38000, 214.
20.39000, 187.
20.40000, 189.
20.41000, 179.
20.42000, 163.
20.43000, 181.
20.44000, 158.
20.45000, 155.
20.46000, 151.
20.47000, 154.
20.48000, 168.
20.49000, 181.
20.50000, 142.
20.51000, 169.
20.52000, 163.
20.53000, 165.
20.54000, 176.
20.55000, 159.
20.56000, 157.
20.57000, 156.
20.58000, 181.
20.59000, 181.
20.60000, 173.
20.61000, 201.
20.62000, 172.
20.63000, 188.
20.64000, 170.
20.65000, 200.
20.66000, 193.
20.67000, 195.
20.68000, 192.
20.69000, 190.
20.70000, 208.
20.71000, 203.
20.72000, 201.
20.73000, 187.
20.74000, 200.
20.75000, 234.
20.76000, 218.
20.77000, 204.
20.78000, 213.
20.79000, 209.
20.80000, 214.
20.81000, 226.
20.82000, 237.
20.83000, 239.
20.84000, 205.
20.85000, 216.
20.86000, 233.
20.87000, 235.
20.88000, 241.
20.89000, 238.
20.90000, 226.
20.91000, 235.
20.92000, 234.
20.93000, 241.
20.94000, 261.
20.95000, 245.
20.96000, 257.
20.97000, 238.
20.98000, 255.
20.99000, 246.
21.00000, 247.
21.01000, 252.
21.02000, 272.
21.03000, 262.
21.04000, 250.
21.05000, 229.
21.06000, 231.
21.07000, 259.
21.08000, 210.
21.09000, 217.
21.10000, 278.
21.11000, 259.
21.12000, 252.
21.13000, 210.
21.14000, 253.
21.15000, 223.
21.16000, 214.
21.17000, 262.
21.18000, 202.
21.19000, 212.
21.20000, 195.
21.21000, 218.
21.22000, 197.
21.23000, 195.
21.24000, 197.
21.25000, 191.
21.26000, 205.
21.27000, 187.
21.28000, 196.
21.29000, 182.
21.30000, 172.
21.31000, 173.
21.32000, 201.
21.33000, 186.
21.34000, 209.
21.35000, 184.
21.36000, 155.
21.37000, 178.
21.38000, 155.
21.39000, 156.
21.40000, 161.
21.41000, 169.
21.42000, 159.
21.43000, 161.
21.44000, 156.
21.45000, 141.
21.46000, 146.
21.47000, 158.
21.48000, 154.
21.49000, 153.
21.50000, 138.
21.51000, 172.
21.52000, 140.
21.53000, 136.
21.54000, 145.
21.55000, 134.
21.56000, 144.
21.57000, 144.
21.58000, 133.
21.59000, 163.
21.60000, 125.
21.61000, 128.
21.62000, 124.
21.63000, 155.
21.64000, 138.
21.65000, 137.
21.66000, 123.
21.67000, 124.
21.68000, 116.
21.69000, 120.
21.70000, 127.
21.71000, 126.
21.72000, 103.
21.73000, 112.
21.74000, 99.
21.75000, 110.
21.76000, 122.
21.77000, 109.
21.78000, 88.
21.79000, 100.
21.80000, 107.
21.81000, 119.
21.82000, 120.
21.83000, 120.
21.84000, 84.
21.85000, 97.
21.86000, 108.
21.87000, 112.
21.88000, 107.
21.89000, 122.
21.90000, 109.
21.91000, 93.
21.92000, 92.
21.93000, 97.
21.94000, 95.
21.95000, 112.
21.96000, 92.
21.97000, 93.
21.98000, 98.
21.99000, 98.
22.00000, 89.
22.01000, 94.
22.02000, 107.
22.03000, 103.
22.04000, 94.
22.05000, 79.
22.06000, 92.
22.07000, 103.
22.08000, 99.
22.09000, 89.
22.10000, 96.
22.11000, 87.
22.12000, 98.
22.13000, 83.
22.14000, 85.
22.15000, 73.
22.16000, 90.
22.17000, 100.
22.18000, 103.
22.19000, 93.
22.20000, 72.
22.21000, 92.
22.22000, 93.
22.23000, 111.
22.24000, 97.
22.25000, 76.
22.26000, 85.
22.27000, 80.
22.28000, 92.
22.29000, 57.
22.30000, 86.
22.31000, 81.
22.32000, 90.
22.33000, 91.
22.34000, 96.
22.35000, 90.
22.36000, 69.
22.37000, 70.
22.38000, 74.
22.39000, 90.
22.40000, 72.
22.41000, 93.
22.42000, 94.
22.43000, 101.
22.44000, 97.
22.45000, 91.
22.46000, 93.
22.47000, 91.
22.48000, 110.
22.49000, 94.
22.50000, 92.
22.51000, 86.
22.52000, 110.
22.53000, 97.
22.54000, 103.
22.55000, 111.
22.56000, 124.
22.57000, 122.
22.58000, 120.
22.59000, 112.
22.60000, 127.
22.61000, 142.
22.62000, 136.
22.63000, 122.
22.64000, 142.
22.65000, 129.
22.66000, 115.
22.67000, 161.
22.68000, 138.
22.69000, 156.
22.70000, 131.
22.71000, 154.
22.72000, 118.
22.73000, 126.
22.74000, 103.
22.75000, 141.
22.76000, 117.
22.77000, 127.
22.78000, 114.
22.79000, 117.
22.80000, 109.
22.81000, 101.
22.82000, 116.
22.83000, 88.
22.84000, 76.
22.85000, 95.
22.86000, 98.
22.87000, 112.
22.88000, 72.
22.89000, 99.
22.90000, 85.
22.91000, 84.
22.92000, 81.
22.93000, 80.
22.94000, 77.
22.95000, 81.
22.96000, 89.
22.97000, 79.
22.98000, 93.
22.99000, 76.
23.00000, 78.
23.01000, 88.
23.02000, 77.
23.03000, 79.
23.04000, 74.
23.05000, 88.
23.06000, 95.
23.07000, 65.
23.08000, 80.
23.09000, 84.
23.10000, 80.
23.11000, 102.
23.12000, 74.
23.13000, 91.
23.14000, 90.
23.15000, 97.
23.16000, 83.
23.17000, 77.
23.18000, 73.
23.19000, 75.
23.20000, 86.
23.21000, 86.
23.22000, 91.
23.23000, 88.
23.24000, 69.
23.25000, 84.
23.26000, 88.
23.27000, 95.
23.28000, 60.
23.29000, 74.
23.30000, 84.
23.31000, 77.
23.32000, 75.
23.33000, 70.
23.34000, 63.
23.35000, 72.
23.36000, 69.
23.37000, 55.
23.38000, 69.
23.39000, 79.
23.40000, 73.
23.41000, 60.
23.42000, 68.
23.43000, 59.
23.44000, 70.
23.45000, 67.
23.46000, 76.
23.47000, 81.
23.48000, 67.
23.49000, 90.
23.50000, 86.
23.51000, 65.
23.52000, 59.
23.53000, 66.
23.54000, 70.
23.55000, 76.
23.56000, 61.
23.57000, 47.
23.58000, 68.
23.59000, 93.
23.60000, 61.
23.61000, 79.
23.62000, 71.
23.63000, 73.
23.64000, 62.
23.65000, 69.
23.66000, 55.
23.67000, 66.
23.68000, 65.
23.69000, 60.
23.70000, 82.
23.71000, 63.
23.72000, 50.
23.73000, 58.
23.74000, 69.
23.75000, 68.
23.76000, 66.
23.77000, 46.
23.78000, 67.
23.79000, 73.
23.80000, 67.
23.81000, 54.
23.82000, 69.
23.83000, 75.
23.84000, 77.
23.85000, 74.
23.86000, 71.
23.87000, 78.
23.88000, 62.
23.89000, 73.
23.90000, 88.
23.91000, 68.
23.92000, 75.
23.93000, 68.
23.94000, 61.
23.95000, 78.
23.96000, 62.
23.97000, 76.
23.98000, 53.
23.99000, 63.
24.00000, 71.
24.01000, 55.
24.02000, 59.
24.03000, 60.
24.04000, 58.
24.05000, 57.
24.06000, 60.
24.07000, 66.
24.08000, 65.
24.09000, 60.
24.10000, 71.
24.11000, 72.
24.12000, 61.
24.13000, 71.
24.14000, 70.
24.15000, 62.
24.16000, 44.
24.17000, 74.
24.18000, 60.
24.19000, 76.
24.20000, 74.
24.21000, 71.
24.22000, 71.
24.23000, 65.
24.24000, 51.
24.25000, 66.
24.26000, 74.
24.27000, 59.
24.28000, 73.
24.29000, 56.
24.30000, 62.
24.31000, 69.
24.32000, 52.
24.33000, 68.
24.34000, 66.
24.35000, 56.
24.36000, 67.
24.37000, 70.
24.38000, 71.
24.39000, 62.
24.40000, 68.
24.41000, 59.
24.42000, 59.
24.43000, 55.
24.44000, 64.
24.45000, 72.
24.46000, 51.
24.47000, 59.
24.48000, 59.
24.49000, 60.
24.50000, 55.
24.51000, 65.
24.52000, 60.
24.53000, 67.
24.54000, 60.
24.55000, 52.
24.56000, 67.
24.57000, 65.
24.58000, 73.
24.59000, 55.
24.60000, 67.
24.61000, 55.
24.62000, 46.
24.63000, 83.
24.64000, 70.
24.65000, 55.
24.66000, 71.
24.67000, 70.
24.68000, 64.
24.69000, 68.
24.70000, 49.
24.71000, 66.
24.72000, 72.
24.73000, 73.
24.74000, 68.
24.75000, 72.
24.76000, 53.
24.77000, 60.
24.78000, 64.
24.79000, 74.
24.80000, 70.
24.81000, 66.
24.82000, 56.
24.83000, 68.
24.84000, 73.
24.85000, 65.
24.86000, 52.
24.87000, 70.
24.88000, 69.
24.89000, 64.
24.90000, 59.
24.91000, 53.
24.92000, 67.
24.93000, 73.
24.94000, 67.
24.95000, 66.
24.96000, 67.
24.97000, 56.
24.98000, 63.
24.99000, 65.
25.00000, 76.
25.01000, 65.
25.02000, 65.
25.03000, 84.
25.04000, 65.
25.05000, 89.
25.06000, 62.
25.07000, 52.
25.08000, 61.
25.09000, 70.
25.10000, 87.
25.11000, 65.
25.12000, 80.
25.13000, 84.
25.14000, 69.
25.15000, 73.
25.16000, 70.
25.17000, 65.
25.18000, 76.
25.19000, 77.
25.20000, 71.
25.21000, 71.
25.22000, 72.
25.23000, 61.
25.24000, 78.
25.25000, 68.
25.26000, 75.
25.27000, 78.
25.28000, 77.
25.29000, 61.
25.30000, 83.
25.31000, 66.
25.32000, 54.
25.33000, 74.
25.34000, 51.
25.35000, 74.
25.36000, 69.
25.37000, 51.
25.38000, 57.
25.39000, 65.
25.40000, 61.
25.41000, 71.
25.42000, 73.
25.43000, 71.
25.44000, 81.
25.45000, 61.
25.46000, 61.
25.47000, 72.
25.48000, 49.
25.49000, 61.
25.50000, 60.
25.51000, 54.
25.52000, 68.
25.53000, 59.
25.54000, 58.
25.55000, 65.
25.56000, 58.
25.57000, 56.
25.58000, 57.
25.59000, 40.
25.60000, 58.
25.61000, 62.
25.62000, 51.
25.63000, 56.
25.64000, 52.
25.65000, 61.
25.66000, 66.
25.67000, 47.
25.68000, 61.
25.69000, 59.
25.70000, 37.
25.71000, 66.
25.72000, 64.
25.73000, 53.
25.74000, 57.
25.75000, 51.
25.76000, 65.
25.77000, 60.
25.78000, 51.
25.79000, 50.
25.80000, 64.
25.81000, 60.
25.82000, 54.
25.83000, 50.
25.84000, 54.
25.85000, 53.
25.86000, 67.
25.87000, 60.
25.88000, 50.
25.89000, 76.
25.90000, 59.
25.91000, 51.
25.92000, 49.
25.93000, 52.
25.94000, 67.
25.95000, 60.
25.96000, 65.
25.97000, 55.
25.98000, 60.
25.99000, 66.
26.00000, 56.
26.01000, 60.
26.02000, 62.
26.03000, 53.
26.04000, 58.
26.05000, 54.
26.06000, 60.
26.07000, 49.
26.08000, 49.
26.09000, 52.
26.10000, 52.
26.11000, 50.
26.12000, 52.
26.13000, 51.
26.14000, 52.
26.15000, 74.
26.16000, 68.
26.17000, 59.
26.18000, 60.
26.19000, 44.
26.20000, 55.
26.21000, 60.
26.22000, 48.
26.23000, 50.
26.24000, 59.
26.25000, 43.
26.26000, 62.
26.27000, 66.
26.28000, 44.
26.29000, 58.
26.30000, 61.
26.31000, 49.
26.32000, 60.
26.33000, 59.
26.34000, 48.
26.35000, 70.
26.36000, 61.
26.37000, 67.
26.38000, 53.
26.39000, 77.
26.40000, 52.
26.41000, 54.
26.42000, 57.
26.43000, 67.
26.44000, 52.
26.45000, 65.
26.46000, 48.
26.47000, 44.
26.48000, 65.
26.49000, 56.
26.50000, 52.
26.51000, 56.
26.52000, 61.
26.53000, 48.
26.54000, 47.
26.55000, 45.
26.56000, 47.
26.57000, 53.
26.58000, 66.
26.59000, 37.
26.60000, 40.
26.61000, 48.
26.62000, 55.
26.63000, 55.
26.64000, 54.
26.65000, 50.
26.66000, 59.
26.67000, 62.
26.68000, 52.
26.69000, 49.
26.70000, 52.
26.71000, 53.
26.72000, 63.
26.73000, 41.
26.74000, 50.
26.75000, 51.
26.76000, 46.
26.77000, 47.
26.78000, 45.
26.79000, 62.
26.80000, 51.
26.81000, 55.
26.82000, 40.
26.83000, 49.
26.84000, 48.
26.85000, 48.
26.86000, 53.
26.87000, 50.
26.88000, 58.
26.89000, 55.
26.90000, 43.
26.91000, 39.
26.92000, 39.
26.93000, 50.
26.94000, 48.
26.95000, 40.
26.96000, 46.
26.97000, 55.
26.98000, 56.
26.99000, 51.
27.00000, 49.
27.01000, 45.
27.02000, 47.
27.03000, 49.
27.04000, 48.
27.05000, 63.
27.06000, 55.
27.07000, 58.
27.08000, 43.
27.09000, 48.
27.10000, 43.
27.11000, 51.
27.12000, 63.
27.13000, 51.
27.14000, 58.
27.15000, 64.
27.16000, 52.
27.17000, 46.
27.18000, 51.
27.19000, 45.
27.20000, 53.
27.21000, 40.
27.22000, 59.
27.23000, 41.
27.24000, 50.
27.25000, 60.
27.26000, 57.
27.27000, 60.
27.28000, 56.
27.29000, 43.
27.30000, 49.
27.31000, 41.
27.32000, 43.
27.33000, 61.
27.34000, 43.
27.35000, 52.
27.36000, 46.
27.37000, 50.
27.38000, 50.
27.39000, 57.
27.40000, 54.
27.41000, 52.
27.42000, 53.
27.43000, 63.
27.44000, 45.
27.45000, 50.
27.46000, 40.
27.47000, 44.
27.48000, 54.
27.49000, 38.
27.50000, 47.
27.51000, 57.
27.52000, 54.
27.53000, 42.
27.54000, 47.
27.55000, 51.
27.56000, 41.
27.57000, 48.
27.58000, 43.
27.59000, 52.
27.60000, 53.
27.61000, 54.
27.62000, 38.
27.63000, 46.
27.64000, 39.
27.65000, 39.
27.66000, 55.
27.67000, 52.
27.68000, 40.
27.69000, 45.
27.70000, 49.
27.71000, 36.
27.72000, 44.
27.73000, 38.
27.74000, 41.
27.75000, 46.
27.76000, 48.
27.77000, 48.
27.78000, 50.
27.79000, 42.
27.80000, 50.
27.81000, 52.
27.82000, 43.
27.83000, 51.
27.84000, 57.
27.85000, 44.
27.86000, 32.
27.87000, 36.
27.88000, 35.
27.89000, 51.
27.90000, 39.
27.91000, 37.
27.92000, 46.
27.93000, 48.
27.94000, 39.
27.95000, 46.
27.96000, 58.
27.97000, 59.
27.98000, 46.
27.99000, 52.
28.00000, 49.
28.01000, 40.
28.02000, 43.
28.03000, 43.
28.04000, 54.
28.05000, 39.
28.06000, 35.
28.07000, 49.
28.08000, 57.
28.09000, 45.
28.10000, 40.
28.11000, 43.
28.12000, 52.
28.13000, 49.
28.14000, 44.
28.15000, 41.
28.16000, 49.
28.17000, 53.
28.18000, 47.
28.19000, 46.
28.20000, 45.
28.21000, 54.
28.22000, 57.
28.23000, 36.
28.24000, 49.
28.25000, 39.
28.26000, 43.
28.27000, 49.
28.28000, 55.
28.29000, 37.
28.30000, 46.
28.31000, 43.
28.32000, 54.
28.33000, 43.
28.34000, 57.
28.35000, 49.
28.36000, 49.
28.37000, 44.
28.38000, 42.
28.39000, 44.
28.40000, 44.
28.41000, 56.
28.42000, 52.
28.43000, 44.
28.44000, 54.
28.45000, 38.
28.46000, 59.
28.47000, 56.
28.48000, 53.
28.49000, 42.
28.50000, 43.
28.51000, 39.
28.52000, 53.
28.53000, 35.
28.54000, 40.
28.55000, 42.
28.56000, 49.
28.57000, 51.
28.58000, 39.
28.59000, 35.
28.60000, 40.
28.61000, 41.
28.62000, 46.
28.63000, 36.
28.64000, 36.
28.65000, 37.
28.66000, 47.
28.67000, 41.
28.68000, 44.
28.69000, 48.
28.70000, 30.
28.71000, 39.
28.72000, 37.
28.73000, 43.
28.74000, 43.
28.75000, 34.
28.76000, 32.
28.77000, 30.
28.78000, 47.
28.79000, 48.
28.80000, 49.
28.81000, 38.
28.82000, 41.
28.83000, 41.
28.84000, 33.
28.85000, 45.
28.86000, 30.
28.87000, 29.
28.88000, 35.
28.89000, 41.
28.90000, 38.
28.91000, 32.
28.92000, 42.
28.93000, 38.
28.94000, 43.
28.95000, 40.
28.96000, 39.
28.97000, 38.
28.98000, 33.
28.99000, 40.
29.00000, 39.
29.01000, 35.
29.02000, 39.
29.03000, 38.
29.04000, 36.
29.05000, 44.
29.06000, 44.
29.07000, 34.
29.08000, 38.
29.09000, 34.
29.10000, 32.
29.11000, 34.
29.12000, 43.
29.13000, 30.
29.14000, 35.
29.15000, 48.
29.16000, 34.
29.17000, 42.
29.18000, 54.
29.19000, 32.
29.20000, 35.
29.21000, 34.
29.22000, 37.
29.23000, 49.
29.24000, 48.
29.25000, 40.
29.26000, 43.
29.27000, 37.
29.28000, 29.
29.29000, 29.
29.30000, 34.
29.31000, 38.
29.32000, 33.
29.33000, 38.
29.34000, 38.
29.35000, 39.
29.36000, 42.
29.37000, 41.
29.38000, 41.
29.39000, 42.
29.40000, 28.
29.41000, 36.
29.42000, 41.
29.43000, 40.
29.44000, 43.
29.45000, 36.
29.46000, 35.
29.47000, 31.
29.48000, 29.
29.49000, 36.
29.50000, 32.
29.51000, 37.
29.52000, 49.
29.53000, 35.
29.54000, 41.
29.55000, 33.
29.56000, 29.
29.57000, 34.
29.58000, 43.
29.59000, 35.
29.60000, 27.
29.61000, 32.
29.62000, 35.
29.63000, 35.
29.64000, 37.
29.65000, 32.
29.66000, 36.
29.67000, 43.
29.68000, 31.
29.69000, 49.
29.70000, 40.
29.71000, 35.
29.72000, 43.
29.73000, 39.
29.74000, 32.
29.75000, 36.
29.76000, 39.
29.77000, 37.
29.78000, 47.
29.79000, 38.
29.80000, 33.
29.81000, 30.
29.82000, 38.
29.83000, 31.
29.84000, 44.
29.85000, 39.
29.86000, 28.
29.87000, 37.
29.88000, 41.
29.89000, 28.
29.90000, 51.
29.91000, 28.
29.92000, 45.
29.93000, 21.
29.94000, 36.
29.95000, 36.
29.96000, 43.
29.97000, 27.
29.98000, 44.
29.99000, 40.
30.00000, 33.
30.01000, 34.
30.02000, 36.
30.03000, 39.
30.04000, 29.
30.05000, 39.
30.06000, 34.
30.07000, 35.
30.08000, 38.
30.09000, 23.
30.10000, 40.
30.11000, 33.
30.12000, 40.
30.13000, 34.
30.14000, 25.
30.15000, 40.
30.16000, 32.
30.17000, 35.
30.18000, 34.
30.19000, 28.
30.20000, 33.
30.21000, 41.
30.22000, 32.
30.23000, 39.
30.24000, 31.
30.25000, 30.
30.26000, 26.
30.27000, 33.
30.28000, 34.
30.29000, 29.
30.30000, 23.
30.31000, 45.
30.32000, 27.
30.33000, 32.
30.34000, 36.
30.35000, 23.
30.36000, 34.
30.37000, 42.
30.38000, 33.
30.39000, 30.
30.40000, 32.
30.41000, 32.
30.42000, 40.
30.43000, 33.
30.44000, 33.
30.45000, 35.
30.46000, 41.
30.47000, 33.
30.48000, 39.
30.49000, 36.
30.50000, 33.
30.51000, 36.
30.52000, 31.
30.53000, 26.
30.54000, 40.
30.55000, 49.
30.56000, 34.
30.57000, 41.
30.58000, 29.
30.59000, 36.
30.60000, 41.
30.61000, 25.
30.62000, 22.
30.63000, 31.
30.64000, 22.
30.65000, 29.
30.66000, 30.
30.67000, 48.
30.68000, 24.
30.69000, 35.
30.70000, 36.
30.71000, 16.
30.72000, 34.
30.73000, 29.
30.74000, 35.
30.75000, 21.
30.76000, 36.
30.77000, 37.
30.78000, 29.
30.79000, 36.
30.80000, 30.
30.81000, 29.
30.82000, 23.
30.83000, 40.
30.84000, 36.
30.85000, 28.
30.86000, 40.
30.87000, 45.
30.88000, 35.
30.89000, 24.
30.90000, 38.
30.91000, 34.
30.92000, 37.
30.93000, 27.
30.94000, 38.
30.95000, 39.
30.96000, 26.
30.97000, 33.
30.98000, 28.
30.99000, 30.
31.00000, 26.
31.01000, 35.
31.02000, 26.
31.03000, 33.
31.04000, 34.
31.05000, 29.
31.06000, 31.
31.07000, 29.
31.08000, 47.
31.09000, 21.
31.10000, 45.
31.11000, 26.
31.12000, 28.
31.13000, 31.
31.14000, 36.
31.15000, 32.
31.16000, 24.
31.17000, 27.
31.18000, 22.
31.19000, 25.
31.20000, 20.
31.21000, 26.
31.22000, 29.
31.23000, 26.
31.24000, 28.
31.25000, 42.
31.26000, 34.
31.27000, 29.
31.28000, 26.
31.29000, 24.
31.30000, 21.
31.31000, 21.
31.32000, 30.
31.33000, 29.
31.34000, 34.
31.35000, 37.
31.36000, 43.
31.37000, 32.
31.38000, 26.
31.39000, 21.
31.40000, 28.
31.41000, 35.
31.42000, 28.
31.43000, 37.
31.44000, 15.
31.45000, 36.
31.46000, 45.
31.47000, 28.
31.48000, 27.
31.49000, 27.
31.50000, 31.
31.51000, 22.
31.52000, 31.
31.53000, 30.
31.54000, 31.
31.55000, 24.
31.56000, 32.
31.57000, 27.
31.58000, 31.
31.59000, 39.
31.60000, 28.
31.61000, 37.
31.62000, 32.
31.63000, 31.
31.64000, 29.
31.65000, 41.
31.66000, 26.
31.67000, 35.
31.68000, 31.
31.69000, 46.
31.70000, 34.
31.71000, 39.
31.72000, 45.
31.73000, 31.
31.74000, 25.
31.75000, 36.
31.76000, 22.
31.77000, 40.
31.78000, 29.
31.79000, 35.
31.80000, 33.
31.81000, 32.
31.82000, 42.
31.83000, 24.
31.84000, 36.
31.85000, 32.
31.86000, 28.
31.87000, 32.
31.88000, 32.
31.89000, 28.
31.90000, 30.
31.91000, 28.
31.92000, 29.
31.93000, 25.
31.94000, 38.
31.95000, 33.
31.96000, 39.
31.97000, 33.
31.98000, 30.
31.99000, 39.
32.00000, 41.
32.01000, 23.
32.02000, 24.
32.03000, 33.
32.04000, 23.
32.05000, 37.
32.06000, 43.
32.07000, 33.
32.08000, 30.
32.09000, 35.
32.10000, 37.
32.11000, 43.
32.12000, 35.
32.13000, 36.
32.14000, 36.
32.15000, 31.
32.16000, 46.
32.17000, 30.
32.18000, 41.
32.19000, 40.
32.20000, 31.
32.21000, 42.
32.22000, 33.
32.23000, 30.
32.24000, 43.
32.25000, 33.
32.26000, 41.
32.27000, 37.
32.28000, 20.
32.29000, 28.
32.30000, 37.
32.31000, 34.
32.32000, 32.
32.33000, 30.
32.34000, 21.
32.35000, 29.
32.36000, 23.
32.37000, 31.
32.38000, 27.
32.39000, 32.
32.40000, 30.
32.41000, 32.
32.42000, 28.
32.43000, 30.
32.44000, 27.
32.45000, 35.
32.46000, 16.
32.47000, 22.
32.48000, 30.
32.49000, 27.
32.50000, 23.
32.51000, 34.
32.52000, 27.
32.53000, 26.
32.54000, 16.
32.55000, 23.
32.56000, 23.
32.57000, 26.
32.58000, 22.
32.59000, 18.
32.60000, 22.
32.61000, 26.
32.62000, 16.
32.63000, 25.
32.64000, 23.
32.65000, 28.
32.66000, 21.
32.67000, 28.
32.68000, 26.
32.69000, 15.
32.70000, 23.
32.71000, 27.
32.72000, 21.
32.73000, 21.
32.74000, 17.
32.75000, 20.
32.76000, 24.
32.77000, 23.
32.78000, 25.
32.79000, 27.
32.80000, 24.
32.81000, 31.
32.82000, 30.
32.83000, 24.
32.84000, 28.
32.85000, 23.
32.86000, 33.
32.87000, 36.
32.88000, 25.
32.89000, 27.
32.90000, 20.
32.91000, 28.
32.92000, 19.
32.93000, 24.
32.94000, 28.
32.95000, 15.
32.96000, 19.
32.97000, 20.
32.98000, 12.
32.99000, 23.
33.00000, 26.
33.01000, 24.
33.02000, 25.
33.03000, 16.
33.04000, 24.
33.05000, 18.
33.06000, 18.
33.07000, 19.
33.08000, 21.
33.09000, 27.
33.10000, 16.
33.11000, 21.
33.12000, 22.
33.13000, 22.
33.14000, 31.
33.15000, 18.
33.16000, 30.
33.17000, 31.
33.18000, 19.
33.19000, 26.
33.20000, 22.
33.21000, 23.
33.22000, 17.
33.23000, 31.
33.24000, 26.
33.25000, 38.
33.26000, 21.
33.27000, 21.
33.28000, 27.
33.29000, 18.
33.30000, 25.
33.31000, 20.
33.32000, 16.
33.33000, 28.
33.34000, 26.
33.35000, 16.
33.36000, 20.
33.37000, 21.
33.38000, 26.
33.39000, 19.
33.40000, 23.
33.41000, 8.
33.42000, 24.
33.43000, 17.
33.44000, 23.
33.45000, 27.
33.46000, 29.
33.47000, 25.
33.48000, 29.
33.49000, 21.
33.50000, 17.
33.51000, 23.
33.52000, 24.
33.53000, 15.
33.54000, 22.
33.55000, 29.
33.56000, 17.
33.57000, 16.
33.58000, 29.
33.59000, 18.
33.60000, 23.
33.61000, 16.
33.62000, 19.
33.63000, 20.
33.64000, 25.
33.65000, 23.
33.66000, 18.
33.67000, 19.
33.68000, 20.
33.69000, 20.
33.70000, 25.
33.71000, 25.
33.72000, 13.
33.73000, 19.
33.74000, 26.
33.75000, 21.
33.76000, 22.
33.77000, 21.
33.78000, 21.
33.79000, 24.
33.80000, 20.
33.81000, 25.
33.82000, 20.
33.83000, 21.
33.84000, 22.
33.85000, 17.
33.86000, 28.
33.87000, 24.
33.88000, 20.
33.89000, 22.
33.90000, 17.
33.91000, 18.
33.92000, 23.
33.93000, 25.
33.94000, 21.
33.95000, 24.
33.96000, 21.
33.97000, 21.
33.98000, 21.
33.99000, 25.
34.00000, 19.
34.01000, 21.
34.02000, 26.
34.03000, 20.
34.04000, 15.
34.05000, 11.
34.06000, 21.
34.07000, 14.
34.08000, 23.
34.09000, 19.
34.10000, 17.
34.11000, 16.
34.12000, 13.
34.13000, 22.
34.14000, 11.
34.15000, 26.
34.16000, 16.
34.17000, 18.
34.18000, 16.
34.19000, 16.
34.20000, 23.
34.21000, 26.
34.22000, 28.
34.23000, 15.
34.24000, 21.
34.25000, 25.
34.26000, 24.
34.27000, 22.
34.28000, 20.
34.29000, 24.
34.30000, 18.
34.31000, 15.
34.32000, 19.
34.33000, 32.
34.34000, 17.
34.35000, 22.
34.36000, 16.
34.37000, 14.
34.38000, 16.
34.39000, 11.
34.40000, 21.
34.41000, 18.
34.42000, 14.
34.43000, 17.
34.44000, 16.
34.45000, 26.
34.46000, 21.
34.47000, 17.
34.48000, 17.
34.49000, 15.
34.50000, 17.
34.51000, 18.
34.52000, 13.
34.53000, 22.
34.54000, 23.
34.55000, 17.
34.56000, 13.
34.57000, 20.
34.58000, 20.
34.59000, 16.
34.60000, 17.
34.61000, 16.
34.62000, 20.
34.63000, 14.
34.64000, 16.
34.65000, 14.
34.66000, 23.
34.67000, 21.
34.68000, 21.
34.69000, 20.
34.70000, 14.
34.71000, 16.
34.72000, 17.
34.73000, 19.
34.74000, 19.
34.75000, 17.
34.76000, 16.
34.77000, 11.
34.78000, 23.
34.79000, 18.
34.80000, 16.
34.81000, 16.
34.82000, 16.
34.83000, 20.
34.84000, 11.
34.85000, 16.
34.86000, 14.
34.87000, 9.
34.88000, 19.
34.89000, 15.
34.90000, 17.
34.91000, 23.
34.92000, 25.
34.93000, 13.
34.94000, 16.
34.95000, 14.
34.96000, 17.
34.97000, 20.
34.98000, 14.
34.99000, 29.
35.00000, 11.
35.01000, 15.
35.02000, 17.
35.03000, 13.
35.04000, 19.
35.05000, 15.
35.06000, 17.
35.07000, 13.
35.08000, 21.
35.09000, 17.
35.10000, 20.
35.11000, 16.
35.12000, 21.
35.13000, 13.
35.14000, 14.
35.15000, 12.
35.16000, 8.
35.17000, 19.
35.18000, 19.
35.19000, 18.
35.20000, 13.
35.21000, 10.
35.22000, 13.
35.23000, 17.
35.24000, 21.
35.25000, 15.
35.26000, 11.
35.27000, 14.
35.28000, 16.
35.29000, 12.
35.30000, 17.
35.31000, 17.
35.32000, 11.
35.33000, 18.
35.34000, 18.
35.35000, 10.
35.36000, 12.
35.37000, 15.
35.38000, 11.
35.39000, 15.
35.40000, 18.
35.41000, 11.
35.42000, 14.
35.43000, 20.
35.44000, 14.
35.45000, 16.
35.46000, 15.
35.47000, 21.
35.48000, 17.
35.49000, 10.
35.50000, 16.
35.51000, 13.
35.52000, 22.
35.53000, 18.
35.54000, 13.
35.55000, 16.
35.56000, 14.
35.57000, 16.
35.58000, 15.
35.59000, 15.
35.60000, 20.
35.61000, 14.
35.62000, 21.
35.63000, 13.
35.64000, 19.
35.65000, 14.
35.66000, 14.
35.67000, 20.
35.68000, 14.
35.69000, 11.
35.70000, 16.
35.71000, 18.
35.72000, 11.
35.73000, 13.
35.74000, 16.
35.75000, 15.
35.76000, 14.
35.77000, 9.
35.78000, 19.
35.79000, 15.
35.80000, 10.
35.81000, 12.
35.82000, 15.
35.83000, 11.
35.84000, 20.
35.85000, 10.
35.86000, 15.
35.87000, 12.
35.88000, 15.
35.89000, 12.
35.90000, 6.
35.91000, 18.
35.92000, 13.
35.93000, 12.
35.94000, 18.
35.95000, 16.
35.96000, 18.
35.97000, 18.
35.98000, 23.
35.99000, 15.
36.00000, 9.
36.01000, 8.
36.02000, 8.
36.03000, 10.
36.04000, 19.
36.05000, 17.
36.06000, 13.
36.07000, 13.
36.08000, 16.
36.09000, 9.
36.10000, 13.
36.11000, 16.
36.12000, 18.
36.13000, 16.
36.14000, 10.
36.15000, 19.
36.16000, 19.
36.17000, 12.
36.18000, 14.
36.19000, 11.
36.20000, 12.
36.21000, 21.
36.22000, 17.
36.23000, 10.
36.24000, 16.
36.25000, 19.
36.26000, 7.
36.27000, 21.
36.28000, 20.
36.29000, 16.
36.30000, 14.
36.31000, 16.
36.32000, 13.
36.33000, 12.
36.34000, 10.
36.35000, 15.
36.36000, 22.
36.37000, 14.
36.38000, 16.
36.39000, 13.
36.40000, 12.
36.41000, 11.
36.42000, 11.
36.43000, 10.
36.44000, 12.
36.45000, 17.
36.46000, 18.
36.47000, 11.
36.48000, 9.
36.49000, 13.
36.50000, 11.
36.51000, 10.
36.52000, 11.
36.53000, 9.
36.54000, 9.
36.55000, 11.
36.56000, 9.
36.57000, 15.
36.58000, 18.
36.59000, 13.
36.60000, 9.
36.61000, 16.
36.62000, 12.
36.63000, 9.
36.64000, 7.
36.65000, 17.
36.66000, 10.
36.67000, 12.
36.68000, 12.
36.69000, 11.
36.70000, 11.
36.71000, 12.
36.72000, 18.
36.73000, 10.
36.74000, 13.
36.75000, 12.
36.76000, 14.
36.77000, 11.
36.78000, 6.
36.79000, 12.
36.80000, 9.
36.81000, 12.
36.82000, 14.
36.83000, 8.
36.84000, 14.
36.85000, 15.
36.86000, 18.
36.87000, 11.
36.88000, 7.
36.89000, 13.
36.90000, 10.
36.91000, 13.
36.92000, 10.
36.93000, 18.
36.94000, 8.
36.95000, 10.
36.96000, 12.
36.97000, 12.
36.98000, 13.
36.99000, 15.
37.00000, 7.
37.01000, 14.
37.02000, 6.
37.03000, 16.
37.04000, 16.
37.05000, 8.
37.06000, 8.
37.07000, 13.
37.08000, 20.
37.09000, 17.
37.10000, 9.
37.11000, 15.
37.12000, 13.
37.13000, 14.
37.14000, 9.
37.15000, 11.
37.16000, 14.
37.17000, 15.
37.18000, 12.
37.19000, 9.
37.20000, 12.
37.21000, 10.
37.22000, 11.
37.23000, 7.
37.24000, 11.
37.25000, 8.
37.26000, 10.
37.27000, 9.
37.28000, 13.
37.29000, 10.
37.30000, 11.
37.31000, 10.
37.32000, 8.
37.33000, 11.
37.34000, 10.
37.35000, 8.
37.36000, 11.
37.37000, 12.
37.38000, 15.
37.39000, 13.
37.40000, 10.
37.41000, 13.
37.42000, 6.
37.43000, 13.
37.44000, 9.
37.45000, 20.
37.46000, 11.
37.47000, 11.
37.48000, 13.
37.49000, 7.
37.50000, 10.
37.51000, 6.
37.52000, 11.
37.53000, 9.
37.54000, 8.
37.55000, 7.
37.56000, 13.
37.57000, 12.
37.58000, 15.
37.59000, 3.
37.60000, 7.
37.61000, 9.
37.62000, 11.
37.63000, 4.
37.64000, 19.
37.65000, 15.
37.66000, 6.
37.67000, 14.
37.68000, 7.
37.69000, 6.
37.70000, 9.
37.71000, 15.
37.72000, 11.
37.73000, 12.
37.74000, 6.
37.75000, 12.
37.76000, 13.
37.77000, 6.
37.78000, 14.
37.79000, 8.
37.80000, 11.
37.81000, 7.
37.82000, 9.
37.83000, 11.
37.84000, 12.
37.85000, 10.
37.86000, 6.
37.87000, 9.
37.88000, 8.
37.89000, 10.
37.90000, 9.
37.91000, 9.
37.92000, 8.
37.93000, 14.
37.94000, 14.
37.95000, 8.
37.96000, 8.
37.97000, 7.
37.98000, 8.
37.99000, 15.
38.00000, 11.
38.01000, 6.
38.02000, 11.
38.03000, 8.
38.04000, 9.
38.05000, 13.
38.06000, 13.
38.07000, 6.
38.08000, 5.
38.09000, 9.
38.10000, 5.
38.11000, 9.
38.12000, 7.
38.13000, 11.
38.14000, 13.
38.15000, 11.
38.16000, 6.
38.17000, 14.
38.18000, 5.
38.19000, 14.
38.20000, 6.
38.21000, 11.
38.22000, 14.
38.23000, 6.
38.24000, 9.
38.25000, 10.
38.26000, 9.
38.27000, 7.
38.28000, 8.
38.29000, 12.
38.30000, 13.
38.31000, 8.
38.32000, 4.
38.33000, 13.
38.34000, 5.
38.35000, 8.
38.36000, 11.
38.37000, 11.
38.38000, 9.
38.39000, 6.
38.40000, 9.
38.41000, 8.
38.42000, 6.
38.43000, 8.
38.44000, 8.
38.45000, 6.
38.46000, 9.
38.47000, 9.
38.48000, 11.
38.49000, 12.
38.50000, 7.
38.51000, 10.
38.52000, 14.
38.53000, 3.
38.54000, 7.
38.55000, 8.
38.56000, 11.
38.57000, 12.
38.58000, 10.
38.59000, 3.
38.60000, 4.
38.61000, 1.
38.62000, 5.
38.63000, 9.
38.64000, 5.
38.65000, 5.
38.66000, 13.
38.67000, 4.
38.68000, 4.
38.69000, 7.
38.70000, 7.
38.71000, 12.
38.72000, 6.
38.73000, 12.
38.74000, 8.
38.75000, 9.
38.76000, 6.
38.77000, 11.
38.78000, 12.
38.79000, 6.
38.80000, 6.
38.81000, 12.
38.82000, 7.
38.83000, 6.
38.84000, 9.
38.85000, 6.
38.86000, 9.
38.87000, 9.
38.88000, 11.
38.89000, 8.
38.90000, 10.
38.91000, 7.
38.92000, 6.
38.93000, 5.
38.94000, 6.
38.95000, 4.
38.96000, 11.
38.97000, 11.
38.98000, 9.
38.99000, 7.
39.00000, 6.
39.01000, 2.
39.02000, 5.
39.03000, 3.
39.04000, 7.
39.05000, 8.
39.06000, 3.
39.07000, 10.
39.08000, 6.
39.09000, 13.
39.10000, 5.
39.11000, 5.
39.12000, 15.
39.13000, 11.
39.14000, 7.
39.15000, 7.
39.16000, 6.
39.17000, 6.
39.18000, 5.
39.19000, 9.
39.20000, 7.
39.21000, 4.
39.22000, 8.
39.23000, 5.
39.24000, 6.
39.25000, 9.
39.26000, 3.
39.27000, 8.
39.28000, 8.
39.29000, 3.
39.30000, 5.
39.31000, 11.
39.32000, 6.
39.33000, 8.
39.34000, 7.
39.35000, 5.
39.36000, 5.
39.37000, 9.
39.38000, 4.
39.39000, 2.
39.40000, 3.
39.41000, 4.
39.42000, 11.
39.43000, 5.
39.44000, 9.
39.45000, 10.
39.46000, 5.
39.47000, 12.
39.48000, 5.
39.49000, 9.
39.50000, 6.
39.51000, 11.
39.52000, 7.
39.53000, 3.
39.54000, 8.
39.55000, 7.
39.56000, 6.
39.57000, 4.
39.58000, 3.
39.59000, 6.
39.60000, 2.
39.61000, 2.
39.62000, 12.
39.63000, 1.
39.64000, 7.
39.65000, 4.
39.66000, 3.
39.67000, 4.
39.68000, 7.
39.69000, 6.
39.70000, 2.
39.71000, 4.
39.72000, 6.
39.73000, 4.
39.74000, 6.
39.75000, 6.
39.76000, 4.
39.77000, 4.
39.78000, 2.
39.79000, 2.
39.80000, 5.
39.81000, 9.
39.82000, 3.
39.83000, 7.
39.84000, 5.
39.85000, 6.
39.86000, 7.
39.87000, 2.
39.88000, 3.
39.89000, 7.
39.90000, 9.
39.91000, 4.
39.92000, 3.
39.93000, 4.
39.94000, 4.
39.95000, 5.
39.96000, 5.
39.97000, 7.
39.98000, 4.
39.99000, 9.
40.00000, 6.
40.01000, 5.
40.02000, 5.
40.03000, 4.
40.04000, 4.
40.05000, 7.
40.06000, 6.
40.07000, 7.
40.08000, 2.
40.09000, 4.
40.10000, 7.
40.11000, 2.
40.12000, 6.
40.13000, 6.
40.14000, 4.
40.15000, 3.
40.16000, 2.
40.17000, 11.
40.18000, 8.
40.19000, 1.
40.20000, 5.
40.21000, 7.
40.22000, 3.
40.23000, 2.
40.24000, 2.
40.25000, 3.
40.26000, 6.
40.27000, 2.
40.28000, 4.
40.29000, 6.
40.30000, 7.
40.31000, 5.
40.32000, 4.
40.33000, 2.
40.34000, 6.
40.35000, 3.
40.36000, 7.
40.37000, 5.
40.38000, 5.
40.39000, 5.
40.40000, 5.
40.41000, 2.
40.42000, 10.
40.43000, 1.
40.44000, 6.
40.45000, 7.
40.46000, 7.
40.47000, 5.
40.48000, 4.
40.49000, 3.
40.50000, 5.
40.51000, 5.
40.52000, 4.
40.53000, 9.
40.54000, 3.
40.55000, 0.
#ENDOFDATA   : 
