#FORMAT      : EMSA/MAS Spectral Data File
#VERSION     : 1.0
#TITLE       : Spectrum 17
#DATE        : 21-AUG-2025
#TIME        : 15:21
#OWNER       : XGT7200
#NPOINTS     : 4096.
#NCOLUMNS    : 1.
#XUNITS      : keV
#YUNITS      : counts
#DATATYPE    : XY
#XPERCHAN    : 0.0100000
#OFFSET      : -0.400000
#SIGNALTYPE  : EDS
#CHOFFSET    : 40.0000
#LIVETIME    : 30.000000
#REALTIME    : 39.561996
#BEAMKV      : 50.0000
#PROBECUR    : 703000.
#MAGCAM      : 100.000
#XTILTSTGE   : 0.0
#AZIMANGLE   : 0.0
#ELEVANGLE   : 45.0
#XPOSITION mm: 0.0000
#YPOSITION mm: 0.0000
#ZPOSITION mm: 0.0000
##OXINSTPT   : 4
##OXINSTSTROB: 71.81
#SPECTRUM    : Spectral Data Starts Here
-0.40000, 0.
-0.39000, 0.
-0.38000, 0.
-0.37000, 0.
-0.36000, 0.
-0.35000, 0.
-0.34000, 0.
-0.33000, 0.
-0.32000, 0.
-0.31000, 0.
-0.30000, 0.
-0.29000, 0.
-0.28000, 0.
-0.27000, 0.
-0.26000, 0.
-0.25000, 0.
-0.24000, 0.
-0.23000, 0.
-0.22000, 0.
-0.21000, 0.
-0.20000, 0.
-0.19000, 0.
-0.18000, 0.
-0.17000, 0.
-0.16000, 0.
-0.15000, 0.
-0.14000, 0.
-0.13000, 0.
-0.12000, 0.
-0.11000, 0.
-0.10000, 0.
-0.09000, 0.
-0.08000, 0.
-0.07000, 0.
-0.06000, 0.
-0.05000, 0.
-0.04000, 0.
-0.03000, 0.
-0.02000, 0.
-0.01000, 0.
0.00000, 0.
0.01000, 0.
0.02000, 0.
0.03000, 0.
0.04000, 0.
0.05000, 0.
0.06000, 0.
0.07000, 0.
0.08000, 0.
0.09000, 0.
0.10000, 0.
0.11000, 0.
0.12000, 0.
0.13000, 0.
0.14000, 0.
0.15000, 0.
0.16000, 0.
0.17000, 0.
0.18000, 0.
0.19000, 0.
0.20000, 0.
0.21000, 0.
0.22000, 0.
0.23000, 0.
0.24000, 0.
0.25000, 0.
0.26000, 0.
0.27000, 0.
0.28000, 0.
0.29000, 0.
0.30000, 0.
0.31000, 0.
0.32000, 0.
0.33000, 1.
0.34000, 1.
0.35000, 3.
0.36000, 7.
0.37000, 6.
0.38000, 14.
0.39000, 11.
0.40000, 26.
0.41000, 29.
0.42000, 33.
0.43000, 46.
0.44000, 38.
0.45000, 36.
0.46000, 55.
0.47000, 39.
0.48000, 42.
0.49000, 46.
0.50000, 60.
0.51000, 50.
0.52000, 41.
0.53000, 59.
0.54000, 47.
0.55000, 57.
0.56000, 37.
0.57000, 43.
0.58000, 67.
0.59000, 57.
0.60000, 50.
0.61000, 55.
0.62000, 52.
0.63000, 42.
0.64000, 37.
0.65000, 34.
0.66000, 41.
0.67000, 50.
0.68000, 45.
0.69000, 41.
0.70000, 31.
0.71000, 36.
0.72000, 42.
0.73000, 32.
0.74000, 41.
0.75000, 45.
0.76000, 50.
0.77000, 42.
0.78000, 36.
0.79000, 33.
0.80000, 47.
0.81000, 35.
0.82000, 41.
0.83000, 57.
0.84000, 48.
0.85000, 62.
0.86000, 56.
0.87000, 67.
0.88000, 65.
0.89000, 58.
0.90000, 67.
0.91000, 58.
0.92000, 55.
0.93000, 60.
0.94000, 58.
0.95000, 59.
0.96000, 55.
0.97000, 52.
0.98000, 51.
0.99000, 65.
1.00000, 66.
1.01000, 71.
1.02000, 65.
1.03000, 68.
1.04000, 46.
1.05000, 78.
1.06000, 75.
1.07000, 56.
1.08000, 60.
1.09000, 50.
1.10000, 47.
1.11000, 53.
1.12000, 51.
1.13000, 37.
1.14000, 33.
1.15000, 43.
1.16000, 45.
1.17000, 45.
1.18000, 41.
1.19000, 54.
1.20000, 51.
1.21000, 61.
1.22000, 55.
1.23000, 78.
1.24000, 89.
1.25000, 92.
1.26000, 78.
1.27000, 91.
1.28000, 80.
1.29000, 90.
1.30000, 66.
1.31000, 41.
1.32000, 46.
1.33000, 50.
1.34000, 41.
1.35000, 38.
1.36000, 43.
1.37000, 39.
1.38000, 52.
1.39000, 60.
1.40000, 87.
1.41000, 122.
1.42000, 205.
1.43000, 245.
1.44000, 345.
1.45000, 449.
1.46000, 465.
1.47000, 619.
1.48000, 685.
1.49000, 742.
1.50000, 724.
1.51000, 602.
1.52000, 569.
1.53000, 479.
1.54000, 363.
1.55000, 318.
1.56000, 238.
1.57000, 177.
1.58000, 156.
1.59000, 112.
1.60000, 94.
1.61000, 93.
1.62000, 140.
1.63000, 187.
1.64000, 285.
1.65000, 466.
1.66000, 805.
1.67000, 1310.
1.68000, 1805.
1.69000, 2614.
1.70000, 3383.
1.71000, 4267.
1.72000, 5076.
1.73000, 5830.
1.74000, 6099.
1.75000, 6117.
1.76000, 5813.
1.77000, 5364.
1.78000, 4599.
1.79000, 3717.
1.80000, 2824.
1.81000, 2115.
1.82000, 1562.
1.83000, 1114.
1.84000, 809.
1.85000, 582.
1.86000, 416.
1.87000, 330.
1.88000, 217.
1.89000, 165.
1.90000, 138.
1.91000, 107.
1.92000, 107.
1.93000, 87.
1.94000, 74.
1.95000, 62.
1.96000, 73.
1.97000, 74.
1.98000, 84.
1.99000, 79.
2.00000, 123.
2.01000, 108.
2.02000, 63.
2.03000, 87.
2.04000, 98.
2.05000, 61.
2.06000, 51.
2.07000, 48.
2.08000, 49.
2.09000, 45.
2.10000, 50.
2.11000, 37.
2.12000, 37.
2.13000, 28.
2.14000, 44.
2.15000, 39.
2.16000, 30.
2.17000, 44.
2.18000, 45.
2.19000, 70.
2.20000, 65.
2.21000, 108.
2.22000, 164.
2.23000, 184.
2.24000, 278.
2.25000, 357.
2.26000, 457.
2.27000, 518.
2.28000, 661.
2.29000, 773.
2.30000, 814.
2.31000, 853.
2.32000, 851.
2.33000, 774.
2.34000, 677.
2.35000, 615.
2.36000, 474.
2.37000, 364.
2.38000, 319.
2.39000, 220.
2.40000, 166.
2.41000, 141.
2.42000, 109.
2.43000, 114.
2.44000, 121.
2.45000, 95.
2.46000, 101.
2.47000, 112.
2.48000, 131.
2.49000, 131.
2.50000, 134.
2.51000, 159.
2.52000, 231.
2.53000, 292.
2.54000, 354.
2.55000, 478.
2.56000, 683.
2.57000, 843.
2.58000, 1052.
2.59000, 1310.
2.60000, 1572.
2.61000, 1645.
2.62000, 1755.
2.63000, 1816.
2.64000, 1821.
2.65000, 1644.
2.66000, 1525.
2.67000, 1408.
2.68000, 1243.
2.69000, 1037.
2.70000, 873.
2.71000, 778.
2.72000, 687.
2.73000, 603.
2.74000, 494.
2.75000, 434.
2.76000, 381.
2.77000, 376.
2.78000, 350.
2.79000, 368.
2.80000, 417.
2.81000, 384.
2.82000, 368.
2.83000, 378.
2.84000, 377.
2.85000, 352.
2.86000, 331.
2.87000, 306.
2.88000, 245.
2.89000, 237.
2.90000, 180.
2.91000, 169.
2.92000, 161.
2.93000, 114.
2.94000, 111.
2.95000, 86.
2.96000, 83.
2.97000, 92.
2.98000, 92.
2.99000, 57.
3.00000, 59.
3.01000, 59.
3.02000, 65.
3.03000, 51.
3.04000, 40.
3.05000, 42.
3.06000, 48.
3.07000, 40.
3.08000, 45.
3.09000, 35.
3.10000, 24.
3.11000, 25.
3.12000, 36.
3.13000, 27.
3.14000, 39.
3.15000, 28.
3.16000, 32.
3.17000, 38.
3.18000, 45.
3.19000, 62.
3.20000, 51.
3.21000, 94.
3.22000, 108.
3.23000, 161.
3.24000, 173.
3.25000, 241.
3.26000, 334.
3.27000, 358.
3.28000, 423.
3.29000, 501.
3.30000, 534.
3.31000, 527.
3.32000, 581.
3.33000, 574.
3.34000, 525.
3.35000, 507.
3.36000, 432.
3.37000, 356.
3.38000, 297.
3.39000, 220.
3.40000, 167.
3.41000, 123.
3.42000, 92.
3.43000, 71.
3.44000, 49.
3.45000, 51.
3.46000, 54.
3.47000, 57.
3.48000, 58.
3.49000, 49.
3.50000, 55.
3.51000, 62.
3.52000, 67.
3.53000, 78.
3.54000, 86.
3.55000, 112.
3.56000, 131.
3.57000, 179.
3.58000, 207.
3.59000, 242.
3.60000, 361.
3.61000, 442.
3.62000, 532.
3.63000, 664.
3.64000, 762.
3.65000, 963.
3.66000, 1092.
3.67000, 1179.
3.68000, 1311.
3.69000, 1410.
3.70000, 1347.
3.71000, 1326.
3.72000, 1186.
3.73000, 1056.
3.74000, 912.
3.75000, 751.
3.76000, 660.
3.77000, 461.
3.78000, 347.
3.79000, 268.
3.80000, 192.
3.81000, 136.
3.82000, 92.
3.83000, 73.
3.84000, 46.
3.85000, 38.
3.86000, 29.
3.87000, 36.
3.88000, 37.
3.89000, 46.
3.90000, 49.
3.91000, 64.
3.92000, 64.
3.93000, 80.
3.94000, 96.
3.95000, 112.
3.96000, 164.
3.97000, 154.
3.98000, 178.
3.99000, 207.
4.00000, 208.
4.01000, 225.
4.02000, 216.
4.03000, 210.
4.04000, 184.
4.05000, 185.
4.06000, 182.
4.07000, 155.
4.08000, 131.
4.09000, 108.
4.10000, 89.
4.11000, 66.
4.12000, 70.
4.13000, 55.
4.14000, 47.
4.15000, 42.
4.16000, 36.
4.17000, 31.
4.18000, 27.
4.19000, 26.
4.20000, 30.
4.21000, 26.
4.22000, 32.
4.23000, 40.
4.24000, 35.
4.25000, 31.
4.26000, 32.
4.27000, 40.
4.28000, 42.
4.29000, 25.
4.30000, 34.
4.31000, 44.
4.32000, 35.
4.33000, 34.
4.34000, 43.
4.35000, 44.
4.36000, 52.
4.37000, 71.
4.38000, 90.
4.39000, 107.
4.40000, 121.
4.41000, 163.
4.42000, 203.
4.43000, 236.
4.44000, 355.
4.45000, 422.
4.46000, 502.
4.47000, 592.
4.48000, 671.
4.49000, 701.
4.50000, 719.
4.51000, 726.
4.52000, 704.
4.53000, 706.
4.54000, 695.
4.55000, 606.
4.56000, 530.
4.57000, 415.
4.58000, 387.
4.59000, 317.
4.60000, 277.
4.61000, 188.
4.62000, 166.
4.63000, 157.
4.64000, 136.
4.65000, 122.
4.66000, 107.
4.67000, 100.
4.68000, 87.
4.69000, 90.
4.70000, 99.
4.71000, 90.
4.72000, 83.
4.73000, 77.
4.74000, 70.
4.75000, 63.
4.76000, 60.
4.77000, 69.
4.78000, 72.
4.79000, 89.
4.80000, 81.
4.81000, 77.
4.82000, 83.
4.83000, 116.
4.84000, 112.
4.85000, 120.
4.86000, 119.
4.87000, 140.
4.88000, 155.
4.89000, 146.
4.90000, 154.
4.91000, 185.
4.92000, 170.
4.93000, 185.
4.94000, 158.
4.95000, 165.
4.96000, 140.
4.97000, 167.
4.98000, 144.
4.99000, 132.
5.00000, 125.
5.01000, 94.
5.02000, 84.
5.03000, 83.
5.04000, 65.
5.05000, 78.
5.06000, 57.
5.07000, 54.
5.08000, 47.
5.09000, 46.
5.10000, 67.
5.11000, 60.
5.12000, 55.
5.13000, 63.
5.14000, 61.
5.15000, 58.
5.16000, 51.
5.17000, 60.
5.18000, 45.
5.19000, 64.
5.20000, 62.
5.21000, 61.
5.22000, 59.
5.23000, 53.
5.24000, 50.
5.25000, 56.
5.26000, 59.
5.27000, 65.
5.28000, 79.
5.29000, 65.
5.30000, 64.
5.31000, 66.
5.32000, 59.
5.33000, 67.
5.34000, 69.
5.35000, 77.
5.36000, 72.
5.37000, 67.
5.38000, 67.
5.39000, 98.
5.40000, 88.
5.41000, 91.
5.42000, 76.
5.43000, 80.
5.44000, 76.
5.45000, 83.
5.46000, 87.
5.47000, 93.
5.48000, 75.
5.49000, 79.
5.50000, 72.
5.51000, 53.
5.52000, 65.
5.53000, 74.
5.54000, 71.
5.55000, 56.
5.56000, 61.
5.57000, 64.
5.58000, 62.
5.59000, 53.
5.60000, 59.
5.61000, 45.
5.62000, 56.
5.63000, 49.
5.64000, 56.
5.65000, 62.
5.66000, 62.
5.67000, 49.
5.68000, 53.
5.69000, 50.
5.70000, 55.
5.71000, 56.
5.72000, 46.
5.73000, 48.
5.74000, 56.
5.75000, 52.
5.76000, 63.
5.77000, 62.
5.78000, 82.
5.79000, 84.
5.80000, 99.
5.81000, 104.
5.82000, 117.
5.83000, 109.
5.84000, 135.
5.85000, 145.
5.86000, 168.
5.87000, 167.
5.88000, 169.
5.89000, 180.
5.90000, 183.
5.91000, 167.
5.92000, 157.
5.93000, 171.
5.94000, 139.
5.95000, 140.
5.96000, 146.
5.97000, 110.
5.98000, 85.
5.99000, 105.
6.00000, 86.
6.01000, 89.
6.02000, 73.
6.03000, 92.
6.04000, 73.
6.05000, 84.
6.06000, 73.
6.07000, 74.
6.08000, 71.
6.09000, 86.
6.10000, 77.
6.11000, 83.
6.12000, 100.
6.13000, 76.
6.14000, 87.
6.15000, 103.
6.16000, 100.
6.17000, 100.
6.18000, 121.
6.19000, 144.
6.20000, 156.
6.21000, 252.
6.22000, 339.
6.23000, 446.
6.24000, 619.
6.25000, 826.
6.26000, 1189.
6.27000, 1691.
6.28000, 2216.
6.29000, 2956.
6.30000, 3928.
6.31000, 4785.
6.32000, 6144.
6.33000, 7734.
6.34000, 9030.
6.35000, 10390.
6.36000, 11411.
6.37000, 12795.
6.38000, 13601.
6.39000, 14052.
6.40000, 14334.
6.41000, 13927.
6.42000, 13481.
6.43000, 12600.
6.44000, 11264.
6.45000, 10145.
6.46000, 8751.
6.47000, 7366.
6.48000, 6114.
6.49000, 4928.
6.50000, 3734.
6.51000, 2798.
6.52000, 2176.
6.53000, 1638.
6.54000, 1119.
6.55000, 732.
6.56000, 559.
6.57000, 376.
6.58000, 310.
6.59000, 211.
6.60000, 178.
6.61000, 140.
6.62000, 137.
6.63000, 123.
6.64000, 93.
6.65000, 96.
6.66000, 99.
6.67000, 111.
6.68000, 112.
6.69000, 89.
6.70000, 81.
6.71000, 100.
6.72000, 83.
6.73000, 113.
6.74000, 118.
6.75000, 84.
6.76000, 101.
6.77000, 109.
6.78000, 115.
6.79000, 107.
6.80000, 116.
6.81000, 126.
6.82000, 129.
6.83000, 115.
6.84000, 136.
6.85000, 148.
6.86000, 149.
6.87000, 188.
6.88000, 184.
6.89000, 218.
6.90000, 252.
6.91000, 355.
6.92000, 412.
6.93000, 480.
6.94000, 620.
6.95000, 736.
6.96000, 904.
6.97000, 1089.
6.98000, 1264.
6.99000, 1448.
7.00000, 1670.
7.01000, 1872.
7.02000, 1984.
7.03000, 2189.
7.04000, 2349.
7.05000, 2308.
7.06000, 2334.
7.07000, 2260.
7.08000, 2057.
7.09000, 1965.
7.10000, 1785.
7.11000, 1620.
7.12000, 1428.
7.13000, 1179.
7.14000, 1034.
7.15000, 835.
7.16000, 710.
7.17000, 544.
7.18000, 389.
7.19000, 326.
7.20000, 240.
7.21000, 195.
7.22000, 141.
7.23000, 141.
7.24000, 111.
7.25000, 91.
7.26000, 82.
7.27000, 70.
7.28000, 82.
7.29000, 62.
7.30000, 103.
7.31000, 68.
7.32000, 64.
7.33000, 61.
7.34000, 76.
7.35000, 76.
7.36000, 81.
7.37000, 90.
7.38000, 70.
7.39000, 76.
7.40000, 78.
7.41000, 75.
7.42000, 84.
7.43000, 74.
7.44000, 92.
7.45000, 74.
7.46000, 71.
7.47000, 87.
7.48000, 72.
7.49000, 92.
7.50000, 70.
7.51000, 87.
7.52000, 97.
7.53000, 71.
7.54000, 73.
7.55000, 73.
7.56000, 61.
7.57000, 64.
7.58000, 81.
7.59000, 80.
7.60000, 61.
7.61000, 68.
7.62000, 77.
7.63000, 84.
7.64000, 65.
7.65000, 69.
7.66000, 74.
7.67000, 90.
7.68000, 72.
7.69000, 73.
7.70000, 78.
7.71000, 77.
7.72000, 84.
7.73000, 91.
7.74000, 80.
7.75000, 86.
7.76000, 82.
7.77000, 93.
7.78000, 80.
7.79000, 98.
7.80000, 79.
7.81000, 101.
7.82000, 86.
7.83000, 98.
7.84000, 75.
7.85000, 81.
7.86000, 104.
7.87000, 115.
7.88000, 101.
7.89000, 126.
7.90000, 122.
7.91000, 102.
7.92000, 117.
7.93000, 133.
7.94000, 151.
7.95000, 180.
7.96000, 145.
7.97000, 190.
7.98000, 187.
7.99000, 239.
8.00000, 194.
8.01000, 231.
8.02000, 250.
8.03000, 267.
8.04000, 222.
8.05000, 248.
8.06000, 233.
8.07000, 250.
8.08000, 242.
8.09000, 202.
8.10000, 249.
8.11000, 215.
8.12000, 180.
8.13000, 196.
8.14000, 157.
8.15000, 187.
8.16000, 151.
8.17000, 162.
8.18000, 137.
8.19000, 150.
8.20000, 114.
8.21000, 127.
8.22000, 112.
8.23000, 116.
8.24000, 98.
8.25000, 112.
8.26000, 90.
8.27000, 115.
8.28000, 102.
8.29000, 97.
8.30000, 110.
8.31000, 95.
8.32000, 87.
8.33000, 107.
8.34000, 88.
8.35000, 108.
8.36000, 109.
8.37000, 102.
8.38000, 111.
8.39000, 94.
8.40000, 106.
8.41000, 110.
8.42000, 96.
8.43000, 112.
8.44000, 111.
8.45000, 106.
8.46000, 110.
8.47000, 117.
8.48000, 124.
8.49000, 124.
8.50000, 139.
8.51000, 160.
8.52000, 177.
8.53000, 183.
8.54000, 218.
8.55000, 217.
8.56000, 256.
8.57000, 236.
8.58000, 286.
8.59000, 310.
8.60000, 347.
8.61000, 360.
8.62000, 336.
8.63000, 337.
8.64000, 327.
8.65000, 339.
8.66000, 296.
8.67000, 301.
8.68000, 269.
8.69000, 283.
8.70000, 229.
8.71000, 222.
8.72000, 208.
8.73000, 202.
8.74000, 170.
8.75000, 157.
8.76000, 134.
8.77000, 124.
8.78000, 130.
8.79000, 110.
8.80000, 142.
8.81000, 139.
8.82000, 120.
8.83000, 117.
8.84000, 148.
8.85000, 151.
8.86000, 131.
8.87000, 137.
8.88000, 135.
8.89000, 152.
8.90000, 152.
8.91000, 161.
8.92000, 125.
8.93000, 120.
8.94000, 152.
8.95000, 139.
8.96000, 124.
8.97000, 123.
8.98000, 126.
8.99000, 130.
9.00000, 110.
9.01000, 142.
9.02000, 110.
9.03000, 111.
9.04000, 111.
9.05000, 108.
9.06000, 100.
9.07000, 133.
9.08000, 116.
9.09000, 129.
9.10000, 126.
9.11000, 114.
9.12000, 131.
9.13000, 112.
9.14000, 107.
9.15000, 101.
9.16000, 122.
9.17000, 128.
9.18000, 112.
9.19000, 128.
9.20000, 109.
9.21000, 122.
9.22000, 137.
9.23000, 116.
9.24000, 130.
9.25000, 110.
9.26000, 127.
9.27000, 122.
9.28000, 107.
9.29000, 133.
9.30000, 112.
9.31000, 115.
9.32000, 103.
9.33000, 126.
9.34000, 117.
9.35000, 126.
9.36000, 122.
9.37000, 112.
9.38000, 112.
9.39000, 114.
9.40000, 113.
9.41000, 130.
9.42000, 113.
9.43000, 107.
9.44000, 107.
9.45000, 131.
9.46000, 124.
9.47000, 136.
9.48000, 134.
9.49000, 134.
9.50000, 136.
9.51000, 140.
9.52000, 153.
9.53000, 155.
9.54000, 138.
9.55000, 142.
9.56000, 152.
9.57000, 143.
9.58000, 159.
9.59000, 158.
9.60000, 161.
9.61000, 142.
9.62000, 143.
9.63000, 158.
9.64000, 145.
9.65000, 138.
9.66000, 133.
9.67000, 148.
9.68000, 143.
9.69000, 123.
9.70000, 119.
9.71000, 130.
9.72000, 131.
9.73000, 114.
9.74000, 113.
9.75000, 126.
9.76000, 118.
9.77000, 98.
9.78000, 116.
9.79000, 109.
9.80000, 116.
9.81000, 133.
9.82000, 122.
9.83000, 116.
9.84000, 136.
9.85000, 115.
9.86000, 107.
9.87000, 130.
9.88000, 116.
9.89000, 124.
9.90000, 125.
9.91000, 120.
9.92000, 115.
9.93000, 124.
9.94000, 111.
9.95000, 112.
9.96000, 149.
9.97000, 129.
9.98000, 145.
9.99000, 135.
10.00000, 110.
10.01000, 129.
10.02000, 101.
10.03000, 135.
10.04000, 99.
10.05000, 108.
10.06000, 129.
10.07000, 122.
10.08000, 119.
10.09000, 111.
10.10000, 118.
10.11000, 130.
10.12000, 108.
10.13000, 115.
10.14000, 110.
10.15000, 102.
10.16000, 134.
10.17000, 136.
10.18000, 107.
10.19000, 120.
10.20000, 122.
10.21000, 134.
10.22000, 142.
10.23000, 89.
10.24000, 116.
10.25000, 139.
10.26000, 128.
10.27000, 116.
10.28000, 131.
10.29000, 133.
10.30000, 114.
10.31000, 111.
10.32000, 116.
10.33000, 117.
10.34000, 114.
10.35000, 114.
10.36000, 111.
10.37000, 133.
10.38000, 137.
10.39000, 146.
10.40000, 174.
10.41000, 144.
10.42000, 165.
10.43000, 159.
10.44000, 177.
10.45000, 178.
10.46000, 160.
10.47000, 177.
10.48000, 225.
10.49000, 173.
10.50000, 201.
10.51000, 188.
10.52000, 211.
10.53000, 219.
10.54000, 219.
10.55000, 190.
10.56000, 197.
10.57000, 191.
10.58000, 207.
10.59000, 167.
10.60000, 169.
10.61000, 170.
10.62000, 188.
10.63000, 143.
10.64000, 153.
10.65000, 164.
10.66000, 147.
10.67000, 153.
10.68000, 161.
10.69000, 140.
10.70000, 126.
10.71000, 125.
10.72000, 117.
10.73000, 134.
10.74000, 127.
10.75000, 124.
10.76000, 128.
10.77000, 142.
10.78000, 128.
10.79000, 137.
10.80000, 125.
10.81000, 116.
10.82000, 144.
10.83000, 141.
10.84000, 131.
10.85000, 139.
10.86000, 125.
10.87000, 143.
10.88000, 147.
10.89000, 120.
10.90000, 122.
10.91000, 129.
10.92000, 128.
10.93000, 160.
10.94000, 143.
10.95000, 120.
10.96000, 158.
10.97000, 155.
10.98000, 144.
10.99000, 136.
11.00000, 115.
11.01000, 148.
11.02000, 124.
11.03000, 125.
11.04000, 126.
11.05000, 115.
11.06000, 112.
11.07000, 135.
11.08000, 119.
11.09000, 138.
11.10000, 151.
11.11000, 153.
11.12000, 141.
11.13000, 145.
11.14000, 127.
11.15000, 129.
11.16000, 143.
11.17000, 117.
11.18000, 121.
11.19000, 157.
11.20000, 139.
11.21000, 132.
11.22000, 151.
11.23000, 135.
11.24000, 137.
11.25000, 151.
11.26000, 116.
11.27000, 129.
11.28000, 140.
11.29000, 140.
11.30000, 140.
11.31000, 142.
11.32000, 141.
11.33000, 138.
11.34000, 123.
11.35000, 142.
11.36000, 145.
11.37000, 151.
11.38000, 139.
11.39000, 147.
11.40000, 133.
11.41000, 140.
11.42000, 154.
11.43000, 153.
11.44000, 143.
11.45000, 129.
11.46000, 135.
11.47000, 127.
11.48000, 120.
11.49000, 131.
11.50000, 134.
11.51000, 132.
11.52000, 134.
11.53000, 131.
11.54000, 145.
11.55000, 132.
11.56000, 153.
11.57000, 135.
11.58000, 126.
11.59000, 161.
11.60000, 125.
11.61000, 149.
11.62000, 134.
11.63000, 147.
11.64000, 140.
11.65000, 139.
11.66000, 129.
11.67000, 143.
11.68000, 130.
11.69000, 166.
11.70000, 147.
11.71000, 143.
11.72000, 154.
11.73000, 179.
11.74000, 161.
11.75000, 190.
11.76000, 190.
11.77000, 174.
11.78000, 196.
11.79000, 215.
11.80000, 220.
11.81000, 249.
11.82000, 275.
11.83000, 266.
11.84000, 290.
11.85000, 278.
11.86000, 333.
11.87000, 294.
11.88000, 305.
11.89000, 324.
11.90000, 311.
11.91000, 310.
11.92000, 315.
11.93000, 300.
11.94000, 289.
11.95000, 286.
11.96000, 298.
11.97000, 262.
11.98000, 254.
11.99000, 257.
12.00000, 219.
12.01000, 181.
12.02000, 179.
12.03000, 191.
12.04000, 188.
12.05000, 159.
12.06000, 149.
12.07000, 153.
12.08000, 161.
12.09000, 146.
12.10000, 133.
12.11000, 141.
12.12000, 136.
12.13000, 160.
12.14000, 134.
12.15000, 144.
12.16000, 144.
12.17000, 110.
12.18000, 156.
12.19000, 141.
12.20000, 144.
12.21000, 139.
12.22000, 141.
12.23000, 147.
12.24000, 151.
12.25000, 123.
12.26000, 137.
12.27000, 140.
12.28000, 154.
12.29000, 127.
12.30000, 145.
12.31000, 145.
12.32000, 147.
12.33000, 133.
12.34000, 154.
12.35000, 129.
12.36000, 122.
12.37000, 142.
12.38000, 171.
12.39000, 168.
12.40000, 147.
12.41000, 150.
12.42000, 147.
12.43000, 124.
12.44000, 148.
12.45000, 161.
12.46000, 145.
12.47000, 154.
12.48000, 157.
12.49000, 160.
12.50000, 167.
12.51000, 177.
12.52000, 173.
12.53000, 187.
12.54000, 175.
12.55000, 149.
12.56000, 197.
12.57000, 190.
12.58000, 168.
12.59000, 196.
12.60000, 210.
12.61000, 206.
12.62000, 208.
12.63000, 176.
12.64000, 176.
12.65000, 201.
12.66000, 188.
12.67000, 191.
12.68000, 185.
12.69000, 179.
12.70000, 188.
12.71000, 181.
12.72000, 185.
12.73000, 196.
12.74000, 208.
12.75000, 156.
12.76000, 186.
12.77000, 164.
12.78000, 174.
12.79000, 189.
12.80000, 167.
12.81000, 174.
12.82000, 188.
12.83000, 190.
12.84000, 188.
12.85000, 161.
12.86000, 174.
12.87000, 174.
12.88000, 158.
12.89000, 174.
12.90000, 153.
12.91000, 184.
12.92000, 171.
12.93000, 171.
12.94000, 162.
12.95000, 132.
12.96000, 174.
12.97000, 151.
12.98000, 130.
12.99000, 149.
13.00000, 171.
13.01000, 162.
13.02000, 153.
13.03000, 140.
13.04000, 171.
13.05000, 146.
13.06000, 132.
13.07000, 144.
13.08000, 127.
13.09000, 144.
13.10000, 168.
13.11000, 133.
13.12000, 149.
13.13000, 155.
13.14000, 159.
13.15000, 166.
13.16000, 136.
13.17000, 167.
13.18000, 147.
13.19000, 178.
13.20000, 201.
13.21000, 171.
13.22000, 190.
13.23000, 192.
13.24000, 180.
13.25000, 199.
13.26000, 187.
13.27000, 220.
13.28000, 234.
13.29000, 207.
13.30000, 208.
13.31000, 217.
13.32000, 192.
13.33000, 197.
13.34000, 220.
13.35000, 213.
13.36000, 201.
13.37000, 197.
13.38000, 201.
13.39000, 206.
13.40000, 199.
13.41000, 191.
13.42000, 195.
13.43000, 213.
13.44000, 195.
13.45000, 165.
13.46000, 170.
13.47000, 186.
13.48000, 197.
13.49000, 156.
13.50000, 178.
13.51000, 196.
13.52000, 150.
13.53000, 137.
13.54000, 182.
13.55000, 153.
13.56000, 159.
13.57000, 157.
13.58000, 135.
13.59000, 152.
13.60000, 144.
13.61000, 147.
13.62000, 161.
13.63000, 164.
13.64000, 162.
13.65000, 141.
13.66000, 161.
13.67000, 148.
13.68000, 157.
13.69000, 129.
13.70000, 139.
13.71000, 125.
13.72000, 136.
13.73000, 140.
13.74000, 131.
13.75000, 165.
13.76000, 153.
13.77000, 135.
13.78000, 151.
13.79000, 142.
13.80000, 138.
13.81000, 144.
13.82000, 160.
13.83000, 154.
13.84000, 150.
13.85000, 142.
13.86000, 129.
13.87000, 147.
13.88000, 159.
13.89000, 156.
13.90000, 179.
13.91000, 174.
13.92000, 174.
13.93000, 167.
13.94000, 177.
13.95000, 175.
13.96000, 187.
13.97000, 193.
13.98000, 219.
13.99000, 228.
14.00000, 231.
14.01000, 234.
14.02000, 324.
14.03000, 270.
14.04000, 318.
14.05000, 296.
14.06000, 369.
14.07000, 373.
14.08000, 376.
14.09000, 372.
14.10000, 392.
14.11000, 442.
14.12000, 411.
14.13000, 429.
14.14000, 418.
14.15000, 366.
14.16000, 412.
14.17000, 376.
14.18000, 360.
14.19000, 368.
14.20000, 338.
14.21000, 319.
14.22000, 321.
14.23000, 275.
14.24000, 259.
14.25000, 265.
14.26000, 252.
14.27000, 218.
14.28000, 218.
14.29000, 215.
14.30000, 196.
14.31000, 176.
14.32000, 179.
14.33000, 150.
14.34000, 152.
14.35000, 162.
14.36000, 135.
14.37000, 144.
14.38000, 144.
14.39000, 137.
14.40000, 154.
14.41000, 144.
14.42000, 136.
14.43000, 156.
14.44000, 128.
14.45000, 138.
14.46000, 142.
14.47000, 139.
14.48000, 164.
14.49000, 162.
14.50000, 139.
14.51000, 158.
14.52000, 148.
14.53000, 152.
14.54000, 143.
14.55000, 161.
14.56000, 153.
14.57000, 168.
14.58000, 135.
14.59000, 155.
14.60000, 148.
14.61000, 142.
14.62000, 140.
14.63000, 162.
14.64000, 162.
14.65000, 158.
14.66000, 164.
14.67000, 152.
14.68000, 161.
14.69000, 163.
14.70000, 147.
14.71000, 151.
14.72000, 154.
14.73000, 139.
14.74000, 150.
14.75000, 152.
14.76000, 162.
14.77000, 155.
14.78000, 142.
14.79000, 170.
14.80000, 178.
14.81000, 155.
14.82000, 199.
14.83000, 152.
14.84000, 152.
14.85000, 142.
14.86000, 176.
14.87000, 158.
14.88000, 136.
14.89000, 166.
14.90000, 175.
14.91000, 146.
14.92000, 182.
14.93000, 181.
14.94000, 170.
14.95000, 156.
14.96000, 140.
14.97000, 187.
14.98000, 148.
14.99000, 157.
15.00000, 181.
15.01000, 160.
15.02000, 151.
15.03000, 167.
15.04000, 145.
15.05000, 155.
15.06000, 135.
15.07000, 183.
15.08000, 151.
15.09000, 144.
15.10000, 134.
15.11000, 158.
15.12000, 123.
15.13000, 141.
15.14000, 158.
15.15000, 153.
15.16000, 124.
15.17000, 137.
15.18000, 136.
15.19000, 141.
15.20000, 132.
15.21000, 142.
15.22000, 150.
15.23000, 145.
15.24000, 151.
15.25000, 131.
15.26000, 156.
15.27000, 134.
15.28000, 129.
15.29000, 150.
15.30000, 134.
15.31000, 148.
15.32000, 143.
15.33000, 153.
15.34000, 139.
15.35000, 130.
15.36000, 137.
15.37000, 149.
15.38000, 144.
15.39000, 168.
15.40000, 152.
15.41000, 146.
15.42000, 153.
15.43000, 150.
15.44000, 140.
15.45000, 155.
15.46000, 137.
15.47000, 140.
15.48000, 138.
15.49000, 145.
15.50000, 157.
15.51000, 143.
15.52000, 169.
15.53000, 158.
15.54000, 155.
15.55000, 175.
15.56000, 187.
15.57000, 182.
15.58000, 170.
15.59000, 189.
15.60000, 188.
15.61000, 198.
15.62000, 196.
15.63000, 219.
15.64000, 230.
15.65000, 209.
15.66000, 232.
15.67000, 242.
15.68000, 276.
15.69000, 242.
15.70000, 266.
15.71000, 275.
15.72000, 246.
15.73000, 261.
15.74000, 291.
15.75000, 299.
15.76000, 261.
15.77000, 328.
15.78000, 285.
15.79000, 271.
15.80000, 292.
15.81000, 229.
15.82000, 249.
15.83000, 253.
15.84000, 220.
15.85000, 224.
15.86000, 236.
15.87000, 220.
15.88000, 191.
15.89000, 191.
15.90000, 199.
15.91000, 156.
15.92000, 165.
15.93000, 203.
15.94000, 155.
15.95000, 156.
15.96000, 174.
15.97000, 168.
15.98000, 174.
15.99000, 166.
16.00000, 156.
16.01000, 140.
16.02000, 146.
16.03000, 139.
16.04000, 161.
16.05000, 159.
16.06000, 157.
16.07000, 142.
16.08000, 152.
16.09000, 154.
16.10000, 138.
16.11000, 153.
16.12000, 141.
16.13000, 142.
16.14000, 163.
16.15000, 161.
16.16000, 134.
16.17000, 144.
16.18000, 150.
16.19000, 174.
16.20000, 150.
16.21000, 149.
16.22000, 146.
16.23000, 148.
16.24000, 145.
16.25000, 146.
16.26000, 129.
16.27000, 147.
16.28000, 164.
16.29000, 148.
16.30000, 148.
16.31000, 127.
16.32000, 150.
16.33000, 140.
16.34000, 142.
16.35000, 126.
16.36000, 150.
16.37000, 145.
16.38000, 138.
16.39000, 142.
16.40000, 136.
16.41000, 129.
16.42000, 150.
16.43000, 134.
16.44000, 152.
16.45000, 143.
16.46000, 141.
16.47000, 166.
16.48000, 143.
16.49000, 133.
16.50000, 172.
16.51000, 147.
16.52000, 137.
16.53000, 134.
16.54000, 144.
16.55000, 145.
16.56000, 153.
16.57000, 157.
16.58000, 156.
16.59000, 150.
16.60000, 166.
16.61000, 163.
16.62000, 141.
16.63000, 130.
16.64000, 131.
16.65000, 166.
16.66000, 143.
16.67000, 159.
16.68000, 163.
16.69000, 127.
16.70000, 165.
16.71000, 140.
16.72000, 147.
16.73000, 138.
16.74000, 163.
16.75000, 158.
16.76000, 136.
16.77000, 137.
16.78000, 170.
16.79000, 154.
16.80000, 142.
16.81000, 134.
16.82000, 157.
16.83000, 155.
16.84000, 147.
16.85000, 124.
16.86000, 164.
16.87000, 151.
16.88000, 132.
16.89000, 140.
16.90000, 155.
16.91000, 149.
16.92000, 157.
16.93000, 149.
16.94000, 159.
16.95000, 137.
16.96000, 163.
16.97000, 121.
16.98000, 155.
16.99000, 131.
17.00000, 140.
17.01000, 158.
17.02000, 162.
17.03000, 123.
17.04000, 140.
17.05000, 159.
17.06000, 162.
17.07000, 137.
17.08000, 162.
17.09000, 141.
17.10000, 161.
17.11000, 151.
17.12000, 150.
17.13000, 137.
17.14000, 163.
17.15000, 135.
17.16000, 152.
17.17000, 163.
17.18000, 137.
17.19000, 143.
17.20000, 161.
17.21000, 144.
17.22000, 139.
17.23000, 173.
17.24000, 169.
17.25000, 153.
17.26000, 167.
17.27000, 167.
17.28000, 150.
17.29000, 150.
17.30000, 173.
17.31000, 162.
17.32000, 188.
17.33000, 129.
17.34000, 152.
17.35000, 156.
17.36000, 144.
17.37000, 151.
17.38000, 152.
17.39000, 152.
17.40000, 151.
17.41000, 150.
17.42000, 189.
17.43000, 153.
17.44000, 176.
17.45000, 155.
17.46000, 200.
17.47000, 176.
17.48000, 162.
17.49000, 163.
17.50000, 174.
17.51000, 197.
17.52000, 177.
17.53000, 150.
17.54000, 179.
17.55000, 202.
17.56000, 181.
17.57000, 161.
17.58000, 204.
17.59000, 181.
17.60000, 176.
17.61000, 194.
17.62000, 184.
17.63000, 189.
17.64000, 177.
17.65000, 215.
17.66000, 176.
17.67000, 215.
17.68000, 189.
17.69000, 194.
17.70000, 186.
17.71000, 188.
17.72000, 195.
17.73000, 221.
17.74000, 199.
17.75000, 195.
17.76000, 191.
17.77000, 192.
17.78000, 181.
17.79000, 198.
17.80000, 199.
17.81000, 186.
17.82000, 198.
17.83000, 194.
17.84000, 194.
17.85000, 181.
17.86000, 197.
17.87000, 237.
17.88000, 207.
17.89000, 192.
17.90000, 221.
17.91000, 236.
17.92000, 208.
17.93000, 183.
17.94000, 221.
17.95000, 216.
17.96000, 199.
17.97000, 227.
17.98000, 234.
17.99000, 210.
18.00000, 221.
18.01000, 232.
18.02000, 236.
18.03000, 221.
18.04000, 247.
18.05000, 215.
18.06000, 220.
18.07000, 242.
18.08000, 237.
18.09000, 268.
18.10000, 246.
18.11000, 232.
18.12000, 253.
18.13000, 214.
18.14000, 277.
18.15000, 261.
18.16000, 261.
18.17000, 239.
18.18000, 280.
18.19000, 269.
18.20000, 273.
18.21000, 266.
18.22000, 281.
18.23000, 292.
18.24000, 308.
18.25000, 318.
18.26000, 283.
18.27000, 338.
18.28000, 341.
18.29000, 326.
18.30000, 369.
18.31000, 369.
18.32000, 374.
18.33000, 332.
18.34000, 341.
18.35000, 362.
18.36000, 386.
18.37000, 372.
18.38000, 401.
18.39000, 427.
18.40000, 414.
18.41000, 459.
18.42000, 436.
18.43000, 466.
18.44000, 481.
18.45000, 510.
18.46000, 488.
18.47000, 501.
18.48000, 528.
18.49000, 570.
18.50000, 584.
18.51000, 616.
18.52000, 602.
18.53000, 635.
18.54000, 683.
18.55000, 679.
18.56000, 636.
18.57000, 690.
18.58000, 685.
18.59000, 709.
18.60000, 716.
18.61000, 735.
18.62000, 785.
18.63000, 751.
18.64000, 762.
18.65000, 818.
18.66000, 840.
18.67000, 777.
18.68000, 828.
18.69000, 889.
18.70000, 828.
18.71000, 837.
18.72000, 886.
18.73000, 913.
18.74000, 854.
18.75000, 893.
18.76000, 870.
18.77000, 907.
18.78000, 913.
18.79000, 903.
18.80000, 825.
18.81000, 900.
18.82000, 852.
18.83000, 869.
18.84000, 891.
18.85000, 902.
18.86000, 834.
18.87000, 896.
18.88000, 898.
18.89000, 867.
18.90000, 794.
18.91000, 816.
18.92000, 861.
18.93000, 785.
18.94000, 786.
18.95000, 756.
18.96000, 734.
18.97000, 744.
18.98000, 734.
18.99000, 710.
19.00000, 723.
19.01000, 686.
19.02000, 687.
19.03000, 624.
19.04000, 663.
19.05000, 622.
19.06000, 661.
19.07000, 589.
19.08000, 575.
19.09000, 553.
19.10000, 513.
19.11000, 498.
19.12000, 520.
19.13000, 473.
19.14000, 466.
19.15000, 441.
19.16000, 393.
19.17000, 451.
19.18000, 449.
19.19000, 413.
19.20000, 431.
19.21000, 391.
19.22000, 330.
19.23000, 381.
19.24000, 363.
19.25000, 374.
19.26000, 371.
19.27000, 346.
19.28000, 306.
19.29000, 307.
19.30000, 327.
19.31000, 294.
19.32000, 289.
19.33000, 301.
19.34000, 276.
19.35000, 282.
19.36000, 259.
19.37000, 252.
19.38000, 267.
19.39000, 250.
19.40000, 256.
19.41000, 262.
19.42000, 258.
19.43000, 268.
19.44000, 246.
19.45000, 247.
19.46000, 227.
19.47000, 229.
19.48000, 219.
19.49000, 229.
19.50000, 223.
19.51000, 215.
19.52000, 228.
19.53000, 210.
19.54000, 230.
19.55000, 177.
19.56000, 203.
19.57000, 209.
19.58000, 224.
19.59000, 213.
19.60000, 212.
19.61000, 186.
19.62000, 204.
19.63000, 201.
19.64000, 178.
19.65000, 172.
19.66000, 187.
19.67000, 198.
19.68000, 174.
19.69000, 170.
19.70000, 172.
19.71000, 179.
19.72000, 173.
19.73000, 172.
19.74000, 177.
19.75000, 171.
19.76000, 192.
19.77000, 153.
19.78000, 179.
19.79000, 157.
19.80000, 165.
19.81000, 167.
19.82000, 167.
19.83000, 179.
19.84000, 186.
19.85000, 161.
19.86000, 187.
19.87000, 205.
19.88000, 189.
19.89000, 235.
19.90000, 230.
19.91000, 242.
19.92000, 236.
19.93000, 231.
19.94000, 280.
19.95000, 294.
19.96000, 293.
19.97000, 323.
19.98000, 338.
19.99000, 346.
20.00000, 351.
20.01000, 364.
20.02000, 381.
20.03000, 422.
20.04000, 481.
20.05000, 452.
20.06000, 477.
20.07000, 474.
20.08000, 509.
20.09000, 549.
20.10000, 473.
20.11000, 548.
20.12000, 520.
20.13000, 539.
20.14000, 571.
20.15000, 567.
20.16000, 559.
20.17000, 551.
20.18000, 544.
20.19000, 525.
20.20000, 525.
20.21000, 540.
20.22000, 516.
20.23000, 459.
20.24000, 485.
20.25000, 415.
20.26000, 410.
20.27000, 366.
20.28000, 359.
20.29000, 335.
20.30000, 303.
20.31000, 285.
20.32000, 304.
20.33000, 246.
20.34000, 249.
20.35000, 226.
20.36000, 222.
20.37000, 207.
20.38000, 196.
20.39000, 180.
20.40000, 167.
20.41000, 167.
20.42000, 170.
20.43000, 170.
20.44000, 151.
20.45000, 124.
20.46000, 174.
20.47000, 152.
20.48000, 146.
20.49000, 152.
20.50000, 156.
20.51000, 152.
20.52000, 159.
20.53000, 167.
20.54000, 146.
20.55000, 153.
20.56000, 169.
20.57000, 159.
20.58000, 177.
20.59000, 197.
20.60000, 179.
20.61000, 189.
20.62000, 185.
20.63000, 180.
20.64000, 181.
20.65000, 183.
20.66000, 159.
20.67000, 193.
20.68000, 196.
20.69000, 189.
20.70000, 180.
20.71000, 201.
20.72000, 221.
20.73000, 182.
20.74000, 194.
20.75000, 201.
20.76000, 233.
20.77000, 237.
20.78000, 213.
20.79000, 227.
20.80000, 193.
20.81000, 237.
20.82000, 219.
20.83000, 228.
20.84000, 220.
20.85000, 216.
20.86000, 221.
20.87000, 249.
20.88000, 225.
20.89000, 240.
20.90000, 245.
20.91000, 245.
20.92000, 253.
20.93000, 234.
20.94000, 229.
20.95000, 241.
20.96000, 253.
20.97000, 215.
20.98000, 230.
20.99000, 256.
21.00000, 220.
21.01000, 244.
21.02000, 262.
21.03000, 234.
21.04000, 239.
21.05000, 250.
21.06000, 246.
21.07000, 213.
21.08000, 210.
21.09000, 246.
21.10000, 206.
21.11000, 246.
21.12000, 210.
21.13000, 223.
21.14000, 223.
21.15000, 217.
21.16000, 203.
21.17000, 223.
21.18000, 228.
21.19000, 207.
21.20000, 236.
21.21000, 230.
21.22000, 228.
21.23000, 222.
21.24000, 217.
21.25000, 206.
21.26000, 214.
21.27000, 189.
21.28000, 192.
21.29000, 188.
21.30000, 182.
21.31000, 187.
21.32000, 200.
21.33000, 181.
21.34000, 165.
21.35000, 172.
21.36000, 191.
21.37000, 192.
21.38000, 175.
21.39000, 192.
21.40000, 163.
21.41000, 154.
21.42000, 153.
21.43000, 155.
21.44000, 161.
21.45000, 168.
21.46000, 149.
21.47000, 145.
21.48000, 162.
21.49000, 138.
21.50000, 158.
21.51000, 135.
21.52000, 136.
21.53000, 154.
21.54000, 178.
21.55000, 130.
21.56000, 129.
21.57000, 130.
21.58000, 139.
21.59000, 122.
21.60000, 109.
21.61000, 129.
21.62000, 117.
21.63000, 140.
21.64000, 119.
21.65000, 139.
21.66000, 123.
21.67000, 121.
21.68000, 122.
21.69000, 112.
21.70000, 113.
21.71000, 117.
21.72000, 118.
21.73000, 98.
21.74000, 135.
21.75000, 106.
21.76000, 99.
21.77000, 95.
21.78000, 97.
21.79000, 116.
21.80000, 107.
21.81000, 108.
21.82000, 92.
21.83000, 108.
21.84000, 115.
21.85000, 113.
21.86000, 77.
21.87000, 89.
21.88000, 106.
21.89000, 92.
21.90000, 93.
21.91000, 93.
21.92000, 110.
21.93000, 97.
21.94000, 94.
21.95000, 98.
21.96000, 87.
21.97000, 104.
21.98000, 97.
21.99000, 93.
22.00000, 95.
22.01000, 86.
22.02000, 96.
22.03000, 95.
22.04000, 107.
22.05000, 109.
22.06000, 104.
22.07000, 86.
22.08000, 108.
22.09000, 93.
22.10000, 78.
22.11000, 90.
22.12000, 96.
22.13000, 102.
22.14000, 92.
22.15000, 92.
22.16000, 90.
22.17000, 76.
22.18000, 86.
22.19000, 91.
22.20000, 96.
22.21000, 96.
22.22000, 65.
22.23000, 73.
22.24000, 84.
22.25000, 95.
22.26000, 88.
22.27000, 71.
22.28000, 91.
22.29000, 89.
22.30000, 81.
22.31000, 70.
22.32000, 64.
22.33000, 64.
22.34000, 96.
22.35000, 78.
22.36000, 76.
22.37000, 83.
22.38000, 80.
22.39000, 91.
22.40000, 89.
22.41000, 66.
22.42000, 93.
22.43000, 90.
22.44000, 72.
22.45000, 97.
22.46000, 93.
22.47000, 94.
22.48000, 81.
22.49000, 86.
22.50000, 85.
22.51000, 95.
22.52000, 100.
22.53000, 105.
22.54000, 98.
22.55000, 107.
22.56000, 112.
22.57000, 115.
22.58000, 131.
22.59000, 121.
22.60000, 113.
22.61000, 153.
22.62000, 139.
22.63000, 121.
22.64000, 133.
22.65000, 157.
22.66000, 141.
22.67000, 156.
22.68000, 131.
22.69000, 136.
22.70000, 137.
22.71000, 111.
22.72000, 119.
22.73000, 122.
22.74000, 149.
22.75000, 110.
22.76000, 120.
22.77000, 121.
22.78000, 97.
22.79000, 113.
22.80000, 104.
22.81000, 92.
22.82000, 86.
22.83000, 98.
22.84000, 93.
22.85000, 89.
22.86000, 100.
22.87000, 86.
22.88000, 82.
22.89000, 84.
22.90000, 80.
22.91000, 62.
22.92000, 82.
22.93000, 71.
22.94000, 71.
22.95000, 81.
22.96000, 74.
22.97000, 78.
22.98000, 71.
22.99000, 80.
23.00000, 77.
23.01000, 84.
23.02000, 87.
23.03000, 79.
23.04000, 89.
23.05000, 60.
23.06000, 77.
23.07000, 81.
23.08000, 75.
23.09000, 90.
23.10000, 77.
23.11000, 78.
23.12000, 97.
23.13000, 75.
23.14000, 67.
23.15000, 72.
23.16000, 80.
23.17000, 65.
23.18000, 73.
23.19000, 83.
23.20000, 78.
23.21000, 86.
23.22000, 83.
23.23000, 82.
23.24000, 76.
23.25000, 72.
23.26000, 72.
23.27000, 71.
23.28000, 92.
23.29000, 88.
23.30000, 78.
23.31000, 80.
23.32000, 76.
23.33000, 79.
23.34000, 81.
23.35000, 81.
23.36000, 66.
23.37000, 60.
23.38000, 62.
23.39000, 64.
23.40000, 67.
23.41000, 69.
23.42000, 67.
23.43000, 72.
23.44000, 57.
23.45000, 72.
23.46000, 68.
23.47000, 64.
23.48000, 60.
23.49000, 59.
23.50000, 73.
23.51000, 64.
23.52000, 82.
23.53000, 65.
23.54000, 62.
23.55000, 63.
23.56000, 63.
23.57000, 72.
23.58000, 65.
23.59000, 66.
23.60000, 67.
23.61000, 61.
23.62000, 66.
23.63000, 63.
23.64000, 56.
23.65000, 64.
23.66000, 80.
23.67000, 79.
23.68000, 65.
23.69000, 67.
23.70000, 62.
23.71000, 66.
23.72000, 60.
23.73000, 69.
23.74000, 71.
23.75000, 66.
23.76000, 79.
23.77000, 72.
23.78000, 57.
23.79000, 56.
23.80000, 73.
23.81000, 67.
23.82000, 69.
23.83000, 74.
23.84000, 69.
23.85000, 80.
23.86000, 60.
23.87000, 64.
23.88000, 84.
23.89000, 81.
23.90000, 61.
23.91000, 69.
23.92000, 79.
23.93000, 54.
23.94000, 60.
23.95000, 56.
23.96000, 66.
23.97000, 64.
23.98000, 59.
23.99000, 61.
24.00000, 77.
24.01000, 62.
24.02000, 69.
24.03000, 65.
24.04000, 69.
24.05000, 70.
24.06000, 53.
24.07000, 57.
24.08000, 62.
24.09000, 59.
24.10000, 76.
24.11000, 76.
24.12000, 60.
24.13000, 59.
24.14000, 58.
24.15000, 60.
24.16000, 60.
24.17000, 69.
24.18000, 69.
24.19000, 57.
24.20000, 63.
24.21000, 68.
24.22000, 59.
24.23000, 54.
24.24000, 70.
24.25000, 53.
24.26000, 64.
24.27000, 61.
24.28000, 54.
24.29000, 66.
24.30000, 62.
24.31000, 68.
24.32000, 69.
24.33000, 79.
24.34000, 77.
24.35000, 56.
24.36000, 61.
24.37000, 54.
24.38000, 52.
24.39000, 70.
24.40000, 48.
24.41000, 57.
24.42000, 61.
24.43000, 54.
24.44000, 50.
24.45000, 68.
24.46000, 63.
24.47000, 64.
24.48000, 63.
24.49000, 63.
24.50000, 74.
24.51000, 70.
24.52000, 65.
24.53000, 76.
24.54000, 62.
24.55000, 58.
24.56000, 60.
24.57000, 54.
24.58000, 59.
24.59000, 69.
24.60000, 48.
24.61000, 62.
24.62000, 66.
24.63000, 51.
24.64000, 64.
24.65000, 54.
24.66000, 58.
24.67000, 49.
24.68000, 63.
24.69000, 58.
24.70000, 52.
24.71000, 49.
24.72000, 57.
24.73000, 70.
24.74000, 66.
24.75000, 61.
24.76000, 63.
24.77000, 65.
24.78000, 64.
24.79000, 61.
24.80000, 53.
24.81000, 74.
24.82000, 59.
24.83000, 69.
24.84000, 63.
24.85000, 63.
24.86000, 56.
24.87000, 69.
24.88000, 68.
24.89000, 75.
24.90000, 73.
24.91000, 68.
24.92000, 69.
24.93000, 74.
24.94000, 71.
24.95000, 60.
24.96000, 59.
24.97000, 83.
24.98000, 67.
24.99000, 69.
25.00000, 81.
25.01000, 60.
25.02000, 72.
25.03000, 67.
25.04000, 67.
25.05000, 71.
25.06000, 74.
25.07000, 68.
25.08000, 68.
25.09000, 57.
25.10000, 59.
25.11000, 79.
25.12000, 81.
25.13000, 59.
25.14000, 76.
25.15000, 67.
25.16000, 85.
25.17000, 80.
25.18000, 62.
25.19000, 68.
25.20000, 77.
25.21000, 74.
25.22000, 47.
25.23000, 70.
25.24000, 80.
25.25000, 66.
25.26000, 79.
25.27000, 81.
25.28000, 65.
25.29000, 73.
25.30000, 65.
25.31000, 65.
25.32000, 69.
25.33000, 59.
25.34000, 68.
25.35000, 71.
25.36000, 61.
25.37000, 71.
25.38000, 64.
25.39000, 67.
25.40000, 64.
25.41000, 54.
25.42000, 61.
25.43000, 60.
25.44000, 67.
25.45000, 64.
25.46000, 64.
25.47000, 59.
25.48000, 52.
25.49000, 52.
25.50000, 54.
25.51000, 54.
25.52000, 67.
25.53000, 65.
25.54000, 58.
25.55000, 64.
25.56000, 63.
25.57000, 57.
25.58000, 64.
25.59000, 54.
25.60000, 53.
25.61000, 75.
25.62000, 55.
25.63000, 48.
25.64000, 62.
25.65000, 65.
25.66000, 55.
25.67000, 61.
25.68000, 52.
25.69000, 44.
25.70000, 57.
25.71000, 62.
25.72000, 69.
25.73000, 50.
25.74000, 67.
25.75000, 51.
25.76000, 51.
25.77000, 60.
25.78000, 77.
25.79000, 58.
25.80000, 54.
25.81000, 60.
25.82000, 54.
25.83000, 52.
25.84000, 47.
25.85000, 68.
25.86000, 50.
25.87000, 62.
25.88000, 47.
25.89000, 53.
25.90000, 73.
25.91000, 61.
25.92000, 57.
25.93000, 56.
25.94000, 59.
25.95000, 68.
25.96000, 49.
25.97000, 52.
25.98000, 55.
25.99000, 41.
26.00000, 58.
26.01000, 54.
26.02000, 47.
26.03000, 47.
26.04000, 63.
26.05000, 61.
26.06000, 49.
26.07000, 57.
26.08000, 65.
26.09000, 65.
26.10000, 43.
26.11000, 60.
26.12000, 50.
26.13000, 49.
26.14000, 47.
26.15000, 52.
26.16000, 71.
26.17000, 55.
26.18000, 64.
26.19000, 53.
26.20000, 49.
26.21000, 53.
26.22000, 54.
26.23000, 62.
26.24000, 43.
26.25000, 54.
26.26000, 65.
26.27000, 49.
26.28000, 44.
26.29000, 58.
26.30000, 61.
26.31000, 49.
26.32000, 56.
26.33000, 50.
26.34000, 60.
26.35000, 48.
26.36000, 59.
26.37000, 36.
26.38000, 56.
26.39000, 48.
26.40000, 52.
26.41000, 50.
26.42000, 63.
26.43000, 45.
26.44000, 48.
26.45000, 44.
26.46000, 59.
26.47000, 62.
26.48000, 54.
26.49000, 50.
26.50000, 46.
26.51000, 61.
26.52000, 53.
26.53000, 52.
26.54000, 40.
26.55000, 48.
26.56000, 48.
26.57000, 72.
26.58000, 60.
26.59000, 50.
26.60000, 45.
26.61000, 59.
26.62000, 56.
26.63000, 63.
26.64000, 62.
26.65000, 51.
26.66000, 44.
26.67000, 53.
26.68000, 58.
26.69000, 50.
26.70000, 51.
26.71000, 60.
26.72000, 62.
26.73000, 45.
26.74000, 48.
26.75000, 41.
26.76000, 58.
26.77000, 50.
26.78000, 51.
26.79000, 44.
26.80000, 58.
26.81000, 56.
26.82000, 57.
26.83000, 55.
26.84000, 61.
26.85000, 36.
26.86000, 45.
26.87000, 54.
26.88000, 47.
26.89000, 46.
26.90000, 47.
26.91000, 44.
26.92000, 52.
26.93000, 52.
26.94000, 43.
26.95000, 57.
26.96000, 50.
26.97000, 50.
26.98000, 49.
26.99000, 40.
27.00000, 56.
27.01000, 55.
27.02000, 47.
27.03000, 36.
27.04000, 46.
27.05000, 51.
27.06000, 50.
27.07000, 54.
27.08000, 47.
27.09000, 62.
27.10000, 47.
27.11000, 59.
27.12000, 49.
27.13000, 53.
27.14000, 59.
27.15000, 47.
27.16000, 50.
27.17000, 51.
27.18000, 46.
27.19000, 36.
27.20000, 45.
27.21000, 49.
27.22000, 41.
27.23000, 48.
27.24000, 38.
27.25000, 48.
27.26000, 53.
27.27000, 57.
27.28000, 50.
27.29000, 54.
27.30000, 64.
27.31000, 67.
27.32000, 41.
27.33000, 60.
27.34000, 62.
27.35000, 63.
27.36000, 53.
27.37000, 42.
27.38000, 57.
27.39000, 45.
27.40000, 46.
27.41000, 42.
27.42000, 41.
27.43000, 47.
27.44000, 45.
27.45000, 59.
27.46000, 39.
27.47000, 49.
27.48000, 71.
27.49000, 50.
27.50000, 32.
27.51000, 53.
27.52000, 40.
27.53000, 45.
27.54000, 44.
27.55000, 54.
27.56000, 56.
27.57000, 58.
27.58000, 40.
27.59000, 63.
27.60000, 42.
27.61000, 48.
27.62000, 56.
27.63000, 42.
27.64000, 53.
27.65000, 38.
27.66000, 47.
27.67000, 47.
27.68000, 50.
27.69000, 38.
27.70000, 62.
27.71000, 41.
27.72000, 48.
27.73000, 44.
27.74000, 53.
27.75000, 54.
27.76000, 44.
27.77000, 56.
27.78000, 45.
27.79000, 44.
27.80000, 38.
27.81000, 36.
27.82000, 40.
27.83000, 41.
27.84000, 50.
27.85000, 51.
27.86000, 44.
27.87000, 43.
27.88000, 52.
27.89000, 42.
27.90000, 40.
27.91000, 63.
27.92000, 52.
27.93000, 50.
27.94000, 53.
27.95000, 47.
27.96000, 55.
27.97000, 41.
27.98000, 50.
27.99000, 37.
28.00000, 40.
28.01000, 41.
28.02000, 58.
28.03000, 54.
28.04000, 38.
28.05000, 37.
28.06000, 44.
28.07000, 39.
28.08000, 36.
28.09000, 46.
28.10000, 54.
28.11000, 41.
28.12000, 47.
28.13000, 59.
28.14000, 39.
28.15000, 33.
28.16000, 58.
28.17000, 52.
28.18000, 53.
28.19000, 48.
28.20000, 37.
28.21000, 37.
28.22000, 40.
28.23000, 31.
28.24000, 47.
28.25000, 53.
28.26000, 41.
28.27000, 52.
28.28000, 41.
28.29000, 55.
28.30000, 43.
28.31000, 50.
28.32000, 52.
28.33000, 54.
28.34000, 41.
28.35000, 43.
28.36000, 33.
28.37000, 36.
28.38000, 51.
28.39000, 45.
28.40000, 43.
28.41000, 45.
28.42000, 43.
28.43000, 47.
28.44000, 36.
28.45000, 32.
28.46000, 41.
28.47000, 57.
28.48000, 41.
28.49000, 43.
28.50000, 46.
28.51000, 44.
28.52000, 43.
28.53000, 45.
28.54000, 44.
28.55000, 52.
28.56000, 35.
28.57000, 41.
28.58000, 51.
28.59000, 39.
28.60000, 57.
28.61000, 47.
28.62000, 35.
28.63000, 39.
28.64000, 49.
28.65000, 41.
28.66000, 58.
28.67000, 46.
28.68000, 41.
28.69000, 44.
28.70000, 37.
28.71000, 42.
28.72000, 42.
28.73000, 56.
28.74000, 44.
28.75000, 32.
28.76000, 38.
28.77000, 50.
28.78000, 38.
28.79000, 44.
28.80000, 50.
28.81000, 38.
28.82000, 50.
28.83000, 35.
28.84000, 38.
28.85000, 39.
28.86000, 38.
28.87000, 37.
28.88000, 52.
28.89000, 40.
28.90000, 50.
28.91000, 43.
28.92000, 35.
28.93000, 38.
28.94000, 39.
28.95000, 38.
28.96000, 34.
28.97000, 40.
28.98000, 44.
28.99000, 41.
29.00000, 37.
29.01000, 51.
29.02000, 42.
29.03000, 46.
29.04000, 39.
29.05000, 40.
29.06000, 45.
29.07000, 42.
29.08000, 35.
29.09000, 42.
29.10000, 30.
29.11000, 43.
29.12000, 35.
29.13000, 36.
29.14000, 40.
29.15000, 38.
29.16000, 48.
29.17000, 37.
29.18000, 36.
29.19000, 36.
29.20000, 27.
29.21000, 50.
29.22000, 37.
29.23000, 23.
29.24000, 41.
29.25000, 46.
29.26000, 32.
29.27000, 40.
29.28000, 42.
29.29000, 39.
29.30000, 37.
29.31000, 34.
29.32000, 45.
29.33000, 52.
29.34000, 35.
29.35000, 31.
29.36000, 32.
29.37000, 41.
29.38000, 34.
29.39000, 37.
29.40000, 37.
29.41000, 41.
29.42000, 45.
29.43000, 45.
29.44000, 47.
29.45000, 23.
29.46000, 29.
29.47000, 36.
29.48000, 40.
29.49000, 37.
29.50000, 33.
29.51000, 54.
29.52000, 46.
29.53000, 32.
29.54000, 42.
29.55000, 33.
29.56000, 42.
29.57000, 31.
29.58000, 46.
29.59000, 31.
29.60000, 39.
29.61000, 38.
29.62000, 34.
29.63000, 42.
29.64000, 31.
29.65000, 34.
29.66000, 41.
29.67000, 45.
29.68000, 37.
29.69000, 33.
29.70000, 35.
29.71000, 35.
29.72000, 38.
29.73000, 39.
29.74000, 41.
29.75000, 37.
29.76000, 36.
29.77000, 34.
29.78000, 48.
29.79000, 46.
29.80000, 33.
29.81000, 40.
29.82000, 34.
29.83000, 46.
29.84000, 41.
29.85000, 33.
29.86000, 40.
29.87000, 31.
29.88000, 27.
29.89000, 40.
29.90000, 40.
29.91000, 41.
29.92000, 36.
29.93000, 30.
29.94000, 44.
29.95000, 28.
29.96000, 29.
29.97000, 37.
29.98000, 41.
29.99000, 32.
30.00000, 29.
30.01000, 41.
30.02000, 33.
30.03000, 27.
30.04000, 42.
30.05000, 36.
30.06000, 38.
30.07000, 39.
30.08000, 37.
30.09000, 41.
30.10000, 28.
30.11000, 30.
30.12000, 35.
30.13000, 22.
30.14000, 31.
30.15000, 31.
30.16000, 32.
30.17000, 35.
30.18000, 51.
30.19000, 31.
30.20000, 36.
30.21000, 36.
30.22000, 31.
30.23000, 36.
30.24000, 31.
30.25000, 31.
30.26000, 39.
30.27000, 35.
30.28000, 46.
30.29000, 29.
30.30000, 40.
30.31000, 43.
30.32000, 38.
30.33000, 37.
30.34000, 29.
30.35000, 42.
30.36000, 44.
30.37000, 37.
30.38000, 47.
30.39000, 39.
30.40000, 27.
30.41000, 39.
30.42000, 35.
30.43000, 23.
30.44000, 40.
30.45000, 25.
30.46000, 29.
30.47000, 36.
30.48000, 21.
30.49000, 30.
30.50000, 34.
30.51000, 40.
30.52000, 35.
30.53000, 38.
30.54000, 30.
30.55000, 32.
30.56000, 29.
30.57000, 32.
30.58000, 30.
30.59000, 21.
30.60000, 36.
30.61000, 34.
30.62000, 28.
30.63000, 27.
30.64000, 31.
30.65000, 38.
30.66000, 33.
30.67000, 36.
30.68000, 28.
30.69000, 22.
30.70000, 38.
30.71000, 35.
30.72000, 39.
30.73000, 32.
30.74000, 39.
30.75000, 32.
30.76000, 23.
30.77000, 31.
30.78000, 34.
30.79000, 26.
30.80000, 31.
30.81000, 33.
30.82000, 36.
30.83000, 26.
30.84000, 28.
30.85000, 33.
30.86000, 31.
30.87000, 37.
30.88000, 31.
30.89000, 23.
30.90000, 43.
30.91000, 41.
30.92000, 16.
30.93000, 21.
30.94000, 32.
30.95000, 25.
30.96000, 29.
30.97000, 25.
30.98000, 25.
30.99000, 31.
31.00000, 35.
31.01000, 18.
31.02000, 28.
31.03000, 22.
31.04000, 33.
31.05000, 33.
31.06000, 26.
31.07000, 28.
31.08000, 31.
31.09000, 36.
31.10000, 36.
31.11000, 38.
31.12000, 22.
31.13000, 30.
31.14000, 23.
31.15000, 26.
31.16000, 28.
31.17000, 23.
31.18000, 31.
31.19000, 26.
31.20000, 29.
31.21000, 34.
31.22000, 33.
31.23000, 26.
31.24000, 25.
31.25000, 34.
31.26000, 26.
31.27000, 32.
31.28000, 26.
31.29000, 36.
31.30000, 31.
31.31000, 35.
31.32000, 31.
31.33000, 29.
31.34000, 23.
31.35000, 25.
31.36000, 31.
31.37000, 35.
31.38000, 34.
31.39000, 34.
31.40000, 22.
31.41000, 26.
31.42000, 30.
31.43000, 30.
31.44000, 31.
31.45000, 29.
31.46000, 32.
31.47000, 30.
31.48000, 26.
31.49000, 37.
31.50000, 32.
31.51000, 29.
31.52000, 27.
31.53000, 27.
31.54000, 43.
31.55000, 23.
31.56000, 30.
31.57000, 26.
31.58000, 34.
31.59000, 33.
31.60000, 38.
31.61000, 35.
31.62000, 32.
31.63000, 31.
31.64000, 30.
31.65000, 26.
31.66000, 41.
31.67000, 39.
31.68000, 35.
31.69000, 25.
31.70000, 37.
31.71000, 28.
31.72000, 43.
31.73000, 23.
31.74000, 45.
31.75000, 37.
31.76000, 38.
31.77000, 28.
31.78000, 29.
31.79000, 52.
31.80000, 32.
31.81000, 40.
31.82000, 36.
31.83000, 30.
31.84000, 30.
31.85000, 37.
31.86000, 31.
31.87000, 28.
31.88000, 30.
31.89000, 33.
31.90000, 27.
31.91000, 30.
31.92000, 28.
31.93000, 28.
31.94000, 28.
31.95000, 41.
31.96000, 35.
31.97000, 38.
31.98000, 40.
31.99000, 37.
32.00000, 40.
32.01000, 36.
32.02000, 30.
32.03000, 42.
32.04000, 31.
32.05000, 31.
32.06000, 34.
32.07000, 41.
32.08000, 37.
32.09000, 40.
32.10000, 27.
32.11000, 35.
32.12000, 37.
32.13000, 31.
32.14000, 46.
32.15000, 45.
32.16000, 42.
32.17000, 35.
32.18000, 38.
32.19000, 30.
32.20000, 44.
32.21000, 32.
32.22000, 48.
32.23000, 34.
32.24000, 37.
32.25000, 36.
32.26000, 28.
32.27000, 29.
32.28000, 31.
32.29000, 29.
32.30000, 29.
32.31000, 15.
32.32000, 25.
32.33000, 17.
32.34000, 30.
32.35000, 19.
32.36000, 19.
32.37000, 29.
32.38000, 27.
32.39000, 25.
32.40000, 19.
32.41000, 40.
32.42000, 29.
32.43000, 36.
32.44000, 28.
32.45000, 27.
32.46000, 31.
32.47000, 27.
32.48000, 18.
32.49000, 26.
32.50000, 33.
32.51000, 25.
32.52000, 23.
32.53000, 28.
32.54000, 27.
32.55000, 26.
32.56000, 25.
32.57000, 26.
32.58000, 24.
32.59000, 30.
32.60000, 29.
32.61000, 28.
32.62000, 22.
32.63000, 24.
32.64000, 27.
32.65000, 20.
32.66000, 19.
32.67000, 23.
32.68000, 22.
32.69000, 29.
32.70000, 20.
32.71000, 19.
32.72000, 17.
32.73000, 14.
32.74000, 19.
32.75000, 22.
32.76000, 27.
32.77000, 23.
32.78000, 26.
32.79000, 27.
32.80000, 23.
32.81000, 23.
32.82000, 25.
32.83000, 16.
32.84000, 29.
32.85000, 26.
32.86000, 20.
32.87000, 26.
32.88000, 15.
32.89000, 25.
32.90000, 16.
32.91000, 20.
32.92000, 21.
32.93000, 20.
32.94000, 26.
32.95000, 29.
32.96000, 13.
32.97000, 22.
32.98000, 21.
32.99000, 23.
33.00000, 21.
33.01000, 18.
33.02000, 24.
33.03000, 29.
33.04000, 22.
33.05000, 17.
33.06000, 25.
33.07000, 18.
33.08000, 19.
33.09000, 23.
33.10000, 19.
33.11000, 26.
33.12000, 23.
33.13000, 19.
33.14000, 21.
33.15000, 21.
33.16000, 24.
33.17000, 21.
33.18000, 18.
33.19000, 27.
33.20000, 22.
33.21000, 33.
33.22000, 24.
33.23000, 23.
33.24000, 31.
33.25000, 23.
33.26000, 19.
33.27000, 17.
33.28000, 27.
33.29000, 24.
33.30000, 19.
33.31000, 19.
33.32000, 21.
33.33000, 23.
33.34000, 29.
33.35000, 18.
33.36000, 36.
33.37000, 18.
33.38000, 23.
33.39000, 26.
33.40000, 19.
33.41000, 22.
33.42000, 21.
33.43000, 21.
33.44000, 17.
33.45000, 17.
33.46000, 24.
33.47000, 21.
33.48000, 24.
33.49000, 21.
33.50000, 15.
33.51000, 22.
33.52000, 21.
33.53000, 24.
33.54000, 22.
33.55000, 29.
33.56000, 25.
33.57000, 23.
33.58000, 20.
33.59000, 22.
33.60000, 16.
33.61000, 20.
33.62000, 24.
33.63000, 29.
33.64000, 12.
33.65000, 22.
33.66000, 20.
33.67000, 25.
33.68000, 19.
33.69000, 25.
33.70000, 17.
33.71000, 32.
33.72000, 22.
33.73000, 13.
33.74000, 18.
33.75000, 16.
33.76000, 24.
33.77000, 21.
33.78000, 18.
33.79000, 19.
33.80000, 21.
33.81000, 20.
33.82000, 19.
33.83000, 21.
33.84000, 20.
33.85000, 18.
33.86000, 14.
33.87000, 15.
33.88000, 12.
33.89000, 18.
33.90000, 29.
33.91000, 20.
33.92000, 13.
33.93000, 27.
33.94000, 23.
33.95000, 17.
33.96000, 25.
33.97000, 16.
33.98000, 19.
33.99000, 14.
34.00000, 18.
34.01000, 20.
34.02000, 22.
34.03000, 19.
34.04000, 15.
34.05000, 20.
34.06000, 12.
34.07000, 26.
34.08000, 13.
34.09000, 20.
34.10000, 21.
34.11000, 13.
34.12000, 19.
34.13000, 19.
34.14000, 20.
34.15000, 27.
34.16000, 23.
34.17000, 24.
34.18000, 15.
34.19000, 19.
34.20000, 18.
34.21000, 18.
34.22000, 15.
34.23000, 17.
34.24000, 26.
34.25000, 16.
34.26000, 21.
34.27000, 16.
34.28000, 20.
34.29000, 16.
34.30000, 19.
34.31000, 24.
34.32000, 23.
34.33000, 22.
34.34000, 24.
34.35000, 26.
34.36000, 19.
34.37000, 14.
34.38000, 19.
34.39000, 20.
34.40000, 20.
34.41000, 11.
34.42000, 21.
34.43000, 16.
34.44000, 12.
34.45000, 20.
34.46000, 24.
34.47000, 14.
34.48000, 16.
34.49000, 14.
34.50000, 15.
34.51000, 25.
34.52000, 22.
34.53000, 19.
34.54000, 16.
34.55000, 19.
34.56000, 19.
34.57000, 7.
34.58000, 17.
34.59000, 19.
34.60000, 19.
34.61000, 24.
34.62000, 20.
34.63000, 15.
34.64000, 15.
34.65000, 19.
34.66000, 23.
34.67000, 19.
34.68000, 15.
34.69000, 23.
34.70000, 20.
34.71000, 20.
34.72000, 23.
34.73000, 14.
34.74000, 21.
34.75000, 18.
34.76000, 14.
34.77000, 22.
34.78000, 15.
34.79000, 23.
34.80000, 18.
34.81000, 19.
34.82000, 20.
34.83000, 15.
34.84000, 17.
34.85000, 13.
34.86000, 17.
34.87000, 24.
34.88000, 16.
34.89000, 11.
34.90000, 20.
34.91000, 22.
34.92000, 10.
34.93000, 27.
34.94000, 15.
34.95000, 17.
34.96000, 21.
34.97000, 20.
34.98000, 19.
34.99000, 12.
35.00000, 18.
35.01000, 16.
35.02000, 15.
35.03000, 9.
35.04000, 13.
35.05000, 19.
35.06000, 16.
35.07000, 14.
35.08000, 17.
35.09000, 19.
35.10000, 13.
35.11000, 18.
35.12000, 19.
35.13000, 17.
35.14000, 19.
35.15000, 16.
35.16000, 24.
35.17000, 19.
35.18000, 20.
35.19000, 15.
35.20000, 13.
35.21000, 19.
35.22000, 15.
35.23000, 12.
35.24000, 19.
35.25000, 13.
35.26000, 14.
35.27000, 14.
35.28000, 17.
35.29000, 23.
35.30000, 21.
35.31000, 22.
35.32000, 18.
35.33000, 17.
35.34000, 15.
35.35000, 17.
35.36000, 17.
35.37000, 16.
35.38000, 18.
35.39000, 10.
35.40000, 17.
35.41000, 14.
35.42000, 13.
35.43000, 17.
35.44000, 16.
35.45000, 25.
35.46000, 16.
35.47000, 15.
35.48000, 8.
35.49000, 9.
35.50000, 14.
35.51000, 13.
35.52000, 17.
35.53000, 22.
35.54000, 15.
35.55000, 12.
35.56000, 11.
35.57000, 18.
35.58000, 12.
35.59000, 18.
35.60000, 13.
35.61000, 16.
35.62000, 20.
35.63000, 10.
35.64000, 15.
35.65000, 15.
35.66000, 13.
35.67000, 13.
35.68000, 19.
35.69000, 17.
35.70000, 17.
35.71000, 21.
35.72000, 15.
35.73000, 21.
35.74000, 16.
35.75000, 11.
35.76000, 15.
35.77000, 10.
35.78000, 17.
35.79000, 12.
35.80000, 9.
35.81000, 11.
35.82000, 13.
35.83000, 19.
35.84000, 10.
35.85000, 11.
35.86000, 18.
35.87000, 15.
35.88000, 23.
35.89000, 14.
35.90000, 15.
35.91000, 16.
35.92000, 18.
35.93000, 11.
35.94000, 16.
35.95000, 19.
35.96000, 16.
35.97000, 17.
35.98000, 11.
35.99000, 13.
36.00000, 21.
36.01000, 18.
36.02000, 17.
36.03000, 8.
36.04000, 12.
36.05000, 11.
36.06000, 12.
36.07000, 14.
36.08000, 11.
36.09000, 12.
36.10000, 13.
36.11000, 10.
36.12000, 9.
36.13000, 11.
36.14000, 7.
36.15000, 9.
36.16000, 18.
36.17000, 10.
36.18000, 12.
36.19000, 20.
36.20000, 12.
36.21000, 21.
36.22000, 16.
36.23000, 17.
36.24000, 10.
36.25000, 24.
36.26000, 16.
36.27000, 18.
36.28000, 20.
36.29000, 23.
36.30000, 15.
36.31000, 10.
36.32000, 9.
36.33000, 17.
36.34000, 15.
36.35000, 12.
36.36000, 11.
36.37000, 17.
36.38000, 9.
36.39000, 17.
36.40000, 23.
36.41000, 19.
36.42000, 10.
36.43000, 6.
36.44000, 13.
36.45000, 15.
36.46000, 14.
36.47000, 13.
36.48000, 10.
36.49000, 17.
36.50000, 12.
36.51000, 17.
36.52000, 15.
36.53000, 10.
36.54000, 12.
36.55000, 9.
36.56000, 10.
36.57000, 11.
36.58000, 9.
36.59000, 16.
36.60000, 16.
36.61000, 19.
36.62000, 20.
36.63000, 12.
36.64000, 13.
36.65000, 14.
36.66000, 11.
36.67000, 7.
36.68000, 18.
36.69000, 13.
36.70000, 13.
36.71000, 9.
36.72000, 13.
36.73000, 11.
36.74000, 16.
36.75000, 14.
36.76000, 12.
36.77000, 13.
36.78000, 10.
36.79000, 12.
36.80000, 12.
36.81000, 11.
36.82000, 10.
36.83000, 15.
36.84000, 15.
36.85000, 12.
36.86000, 15.
36.87000, 7.
36.88000, 9.
36.89000, 12.
36.90000, 12.
36.91000, 9.
36.92000, 11.
36.93000, 8.
36.94000, 16.
36.95000, 13.
36.96000, 17.
36.97000, 12.
36.98000, 9.
36.99000, 14.
37.00000, 12.
37.01000, 13.
37.02000, 12.
37.03000, 12.
37.04000, 12.
37.05000, 18.
37.06000, 8.
37.07000, 8.
37.08000, 9.
37.09000, 16.
37.10000, 14.
37.11000, 16.
37.12000, 11.
37.13000, 8.
37.14000, 16.
37.15000, 13.
37.16000, 12.
37.17000, 13.
37.18000, 13.
37.19000, 10.
37.20000, 10.
37.21000, 11.
37.22000, 12.
37.23000, 12.
37.24000, 11.
37.25000, 10.
37.26000, 7.
37.27000, 13.
37.28000, 12.
37.29000, 12.
37.30000, 10.
37.31000, 11.
37.32000, 13.
37.33000, 10.
37.34000, 15.
37.35000, 11.
37.36000, 13.
37.37000, 10.
37.38000, 14.
37.39000, 5.
37.40000, 10.
37.41000, 10.
37.42000, 19.
37.43000, 12.
37.44000, 13.
37.45000, 10.
37.46000, 15.
37.47000, 10.
37.48000, 12.
37.49000, 8.
37.50000, 15.
37.51000, 17.
37.52000, 8.
37.53000, 13.
37.54000, 8.
37.55000, 15.
37.56000, 9.
37.57000, 11.
37.58000, 5.
37.59000, 9.
37.60000, 5.
37.61000, 10.
37.62000, 6.
37.63000, 8.
37.64000, 13.
37.65000, 13.
37.66000, 9.
37.67000, 11.
37.68000, 15.
37.69000, 8.
37.70000, 6.
37.71000, 18.
37.72000, 10.
37.73000, 14.
37.74000, 7.
37.75000, 14.
37.76000, 9.
37.77000, 10.
37.78000, 12.
37.79000, 7.
37.80000, 9.
37.81000, 11.
37.82000, 7.
37.83000, 7.
37.84000, 4.
37.85000, 9.
37.86000, 10.
37.87000, 5.
37.88000, 9.
37.89000, 5.
37.90000, 9.
37.91000, 4.
37.92000, 10.
37.93000, 12.
37.94000, 8.
37.95000, 11.
37.96000, 12.
37.97000, 7.
37.98000, 7.
37.99000, 15.
38.00000, 9.
38.01000, 14.
38.02000, 9.
38.03000, 10.
38.04000, 7.
38.05000, 10.
38.06000, 9.
38.07000, 11.
38.08000, 12.
38.09000, 16.
38.10000, 7.
38.11000, 10.
38.12000, 12.
38.13000, 13.
38.14000, 5.
38.15000, 7.
38.16000, 9.
38.17000, 9.
38.18000, 4.
38.19000, 6.
38.20000, 5.
38.21000, 6.
38.22000, 14.
38.23000, 6.
38.24000, 8.
38.25000, 6.
38.26000, 6.
38.27000, 5.
38.28000, 11.
38.29000, 10.
38.30000, 13.
38.31000, 4.
38.32000, 13.
38.33000, 11.
38.34000, 8.
38.35000, 7.
38.36000, 5.
38.37000, 8.
38.38000, 8.
38.39000, 7.
38.40000, 8.
38.41000, 4.
38.42000, 13.
38.43000, 9.
38.44000, 7.
38.45000, 7.
38.46000, 9.
38.47000, 9.
38.48000, 5.
38.49000, 6.
38.50000, 6.
38.51000, 5.
38.52000, 5.
38.53000, 5.
38.54000, 8.
38.55000, 8.
38.56000, 4.
38.57000, 3.
38.58000, 11.
38.59000, 9.
38.60000, 5.
38.61000, 6.
38.62000, 9.
38.63000, 5.
38.64000, 11.
38.65000, 10.
38.66000, 6.
38.67000, 10.
38.68000, 16.
38.69000, 9.
38.70000, 9.
38.71000, 8.
38.72000, 9.
38.73000, 7.
38.74000, 5.
38.75000, 5.
38.76000, 10.
38.77000, 11.
38.78000, 9.
38.79000, 7.
38.80000, 11.
38.81000, 8.
38.82000, 7.
38.83000, 5.
38.84000, 7.
38.85000, 6.
38.86000, 7.
38.87000, 9.
38.88000, 5.
38.89000, 9.
38.90000, 4.
38.91000, 5.
38.92000, 7.
38.93000, 10.
38.94000, 10.
38.95000, 8.
38.96000, 9.
38.97000, 12.
38.98000, 6.
38.99000, 4.
39.00000, 6.
39.01000, 8.
39.02000, 6.
39.03000, 4.
39.04000, 10.
39.05000, 4.
39.06000, 9.
39.07000, 8.
39.08000, 9.
39.09000, 6.
39.10000, 8.
39.11000, 9.
39.12000, 5.
39.13000, 6.
39.14000, 3.
39.15000, 5.
39.16000, 7.
39.17000, 7.
39.18000, 3.
39.19000, 4.
39.20000, 5.
39.21000, 4.
39.22000, 7.
39.23000, 3.
39.24000, 7.
39.25000, 11.
39.26000, 6.
39.27000, 7.
39.28000, 7.
39.29000, 5.
39.30000, 7.
39.31000, 6.
39.32000, 3.
39.33000, 7.
39.34000, 6.
39.35000, 7.
39.36000, 7.
39.37000, 7.
39.38000, 3.
39.39000, 8.
39.40000, 8.
39.41000, 6.
39.42000, 11.
39.43000, 9.
39.44000, 4.
39.45000, 9.
39.46000, 5.
39.47000, 7.
39.48000, 4.
39.49000, 4.
39.50000, 8.
39.51000, 5.
39.52000, 1.
39.53000, 4.
39.54000, 6.
39.55000, 6.
39.56000, 7.
39.57000, 3.
39.58000, 3.
39.59000, 6.
39.60000, 5.
39.61000, 7.
39.62000, 3.
39.63000, 6.
39.64000, 1.
39.65000, 10.
39.66000, 4.
39.67000, 8.
39.68000, 3.
39.69000, 6.
39.70000, 13.
39.71000, 7.
39.72000, 4.
39.73000, 5.
39.74000, 5.
39.75000, 6.
39.76000, 3.
39.77000, 3.
39.78000, 5.
39.79000, 10.
39.80000, 7.
39.81000, 5.
39.82000, 4.
39.83000, 5.
39.84000, 7.
39.85000, 5.
39.86000, 8.
39.87000, 6.
39.88000, 4.
39.89000, 6.
39.90000, 7.
39.91000, 5.
39.92000, 6.
39.93000, 7.
39.94000, 1.
39.95000, 9.
39.96000, 3.
39.97000, 1.
39.98000, 4.
39.99000, 5.
40.00000, 4.
40.01000, 6.
40.02000, 3.
40.03000, 3.
40.04000, 5.
40.05000, 10.
40.06000, 4.
40.07000, 7.
40.08000, 5.
40.09000, 8.
40.10000, 5.
40.11000, 4.
40.12000, 3.
40.13000, 7.
40.14000, 9.
40.15000, 5.
40.16000, 3.
40.17000, 8.
40.18000, 3.
40.19000, 2.
40.20000, 5.
40.21000, 3.
40.22000, 8.
40.23000, 5.
40.24000, 2.
40.25000, 9.
40.26000, 2.
40.27000, 6.
40.28000, 4.
40.29000, 5.
40.30000, 4.
40.31000, 8.
40.32000, 5.
40.33000, 8.
40.34000, 8.
40.35000, 8.
40.36000, 3.
40.37000, 2.
40.38000, 2.
40.39000, 7.
40.40000, 4.
40.41000, 4.
40.42000, 4.
40.43000, 6.
40.44000, 5.
40.45000, 4.
40.46000, 3.
40.47000, 5.
40.48000, 1.
40.49000, 4.
40.50000, 5.
40.51000, 4.
40.52000, 4.
40.53000, 5.
40.54000, 4.
40.55000, 0.
#ENDOFDATA   : 
