#FORMAT      : EMSA/MAS Spectral Data File
#VERSION     : 1.0
#TITLE       : Spectrum 14
#DATE        : 21-AUG-2025
#TIME        : 15:18
#OWNER       : XGT7200
#NPOINTS     : 4096.
#NCOLUMNS    : 1.
#XUNITS      : keV
#YUNITS      : counts
#DATATYPE    : XY
#XPERCHAN    : 0.0100000
#OFFSET      : -0.400000
#SIGNALTYPE  : EDS
#CHOFFSET    : 40.0000
#LIVETIME    : 30.000000
#REALTIME    : 39.571264
#BEAMKV      : 50.0000
#PROBECUR    : 698000.
#MAGCAM      : 100.000
#XTILTSTGE   : 0.0
#AZIMANGLE   : 0.0
#ELEVANGLE   : 45.0
#XPOSITION mm: 0.0000
#YPOSITION mm: 0.0000
#ZPOSITION mm: 0.0000
##OXINSTPT   : 4
##OXINSTSTROB: 72.11
#SPECTRUM    : Spectral Data Starts Here
-0.40000, 0.
-0.39000, 0.
-0.38000, 0.
-0.37000, 0.
-0.36000, 0.
-0.35000, 0.
-0.34000, 0.
-0.33000, 0.
-0.32000, 0.
-0.31000, 0.
-0.30000, 0.
-0.29000, 0.
-0.28000, 0.
-0.27000, 0.
-0.26000, 0.
-0.25000, 0.
-0.24000, 0.
-0.23000, 0.
-0.22000, 0.
-0.21000, 0.
-0.20000, 0.
-0.19000, 0.
-0.18000, 0.
-0.17000, 0.
-0.16000, 0.
-0.15000, 0.
-0.14000, 0.
-0.13000, 0.
-0.12000, 0.
-0.11000, 0.
-0.10000, 0.
-0.09000, 0.
-0.08000, 0.
-0.07000, 0.
-0.06000, 0.
-0.05000, 0.
-0.04000, 0.
-0.03000, 0.
-0.02000, 0.
-0.01000, 0.
0.00000, 0.
0.01000, 0.
0.02000, 0.
0.03000, 0.
0.04000, 0.
0.05000, 0.
0.06000, 0.
0.07000, 0.
0.08000, 0.
0.09000, 0.
0.10000, 0.
0.11000, 0.
0.12000, 0.
0.13000, 0.
0.14000, 0.
0.15000, 0.
0.16000, 0.
0.17000, 0.
0.18000, 0.
0.19000, 0.
0.20000, 0.
0.21000, 0.
0.22000, 0.
0.23000, 0.
0.24000, 0.
0.25000, 0.
0.26000, 0.
0.27000, 0.
0.28000, 0.
0.29000, 0.
0.30000, 0.
0.31000, 1.
0.32000, 0.
0.33000, 1.
0.34000, 2.
0.35000, 2.
0.36000, 3.
0.37000, 9.
0.38000, 12.
0.39000, 15.
0.40000, 23.
0.41000, 29.
0.42000, 40.
0.43000, 32.
0.44000, 43.
0.45000, 43.
0.46000, 44.
0.47000, 44.
0.48000, 47.
0.49000, 54.
0.50000, 58.
0.51000, 56.
0.52000, 34.
0.53000, 58.
0.54000, 67.
0.55000, 57.
0.56000, 51.
0.57000, 48.
0.58000, 50.
0.59000, 52.
0.60000, 54.
0.61000, 49.
0.62000, 39.
0.63000, 32.
0.64000, 38.
0.65000, 36.
0.66000, 45.
0.67000, 37.
0.68000, 35.
0.69000, 34.
0.70000, 37.
0.71000, 42.
0.72000, 51.
0.73000, 53.
0.74000, 39.
0.75000, 41.
0.76000, 38.
0.77000, 54.
0.78000, 43.
0.79000, 44.
0.80000, 52.
0.81000, 56.
0.82000, 45.
0.83000, 47.
0.84000, 39.
0.85000, 57.
0.86000, 63.
0.87000, 62.
0.88000, 58.
0.89000, 73.
0.90000, 62.
0.91000, 68.
0.92000, 48.
0.93000, 53.
0.94000, 56.
0.95000, 47.
0.96000, 47.
0.97000, 47.
0.98000, 59.
0.99000, 43.
1.00000, 53.
1.01000, 48.
1.02000, 70.
1.03000, 70.
1.04000, 77.
1.05000, 74.
1.06000, 65.
1.07000, 65.
1.08000, 62.
1.09000, 85.
1.10000, 46.
1.11000, 44.
1.12000, 51.
1.13000, 34.
1.14000, 39.
1.15000, 44.
1.16000, 34.
1.17000, 49.
1.18000, 48.
1.19000, 55.
1.20000, 56.
1.21000, 67.
1.22000, 91.
1.23000, 75.
1.24000, 86.
1.25000, 66.
1.26000, 84.
1.27000, 75.
1.28000, 64.
1.29000, 63.
1.30000, 62.
1.31000, 72.
1.32000, 40.
1.33000, 52.
1.34000, 45.
1.35000, 54.
1.36000, 45.
1.37000, 35.
1.38000, 46.
1.39000, 58.
1.40000, 92.
1.41000, 120.
1.42000, 169.
1.43000, 222.
1.44000, 306.
1.45000, 402.
1.46000, 505.
1.47000, 570.
1.48000, 622.
1.49000, 647.
1.50000, 623.
1.51000, 600.
1.52000, 573.
1.53000, 473.
1.54000, 376.
1.55000, 288.
1.56000, 219.
1.57000, 159.
1.58000, 142.
1.59000, 94.
1.60000, 100.
1.61000, 104.
1.62000, 121.
1.63000, 216.
1.64000, 321.
1.65000, 481.
1.66000, 804.
1.67000, 1252.
1.68000, 1835.
1.69000, 2511.
1.70000, 3298.
1.71000, 4161.
1.72000, 4888.
1.73000, 5573.
1.74000, 6053.
1.75000, 5864.
1.76000, 5717.
1.77000, 5224.
1.78000, 4390.
1.79000, 3726.
1.80000, 2765.
1.81000, 2082.
1.82000, 1494.
1.83000, 1051.
1.84000, 786.
1.85000, 520.
1.86000, 404.
1.87000, 286.
1.88000, 230.
1.89000, 167.
1.90000, 150.
1.91000, 91.
1.92000, 73.
1.93000, 73.
1.94000, 71.
1.95000, 49.
1.96000, 61.
1.97000, 71.
1.98000, 76.
1.99000, 63.
2.00000, 62.
2.01000, 69.
2.02000, 82.
2.03000, 64.
2.04000, 64.
2.05000, 57.
2.06000, 41.
2.07000, 52.
2.08000, 46.
2.09000, 45.
2.10000, 34.
2.11000, 39.
2.12000, 30.
2.13000, 35.
2.14000, 29.
2.15000, 31.
2.16000, 37.
2.17000, 51.
2.18000, 37.
2.19000, 67.
2.20000, 86.
2.21000, 98.
2.22000, 145.
2.23000, 192.
2.24000, 269.
2.25000, 350.
2.26000, 454.
2.27000, 519.
2.28000, 641.
2.29000, 681.
2.30000, 739.
2.31000, 833.
2.32000, 761.
2.33000, 749.
2.34000, 639.
2.35000, 572.
2.36000, 491.
2.37000, 373.
2.38000, 317.
2.39000, 212.
2.40000, 175.
2.41000, 140.
2.42000, 117.
2.43000, 94.
2.44000, 90.
2.45000, 101.
2.46000, 93.
2.47000, 94.
2.48000, 114.
2.49000, 131.
2.50000, 120.
2.51000, 136.
2.52000, 192.
2.53000, 261.
2.54000, 378.
2.55000, 470.
2.56000, 628.
2.57000, 885.
2.58000, 1013.
2.59000, 1298.
2.60000, 1463.
2.61000, 1632.
2.62000, 1720.
2.63000, 1777.
2.64000, 1811.
2.65000, 1746.
2.66000, 1545.
2.67000, 1326.
2.68000, 1215.
2.69000, 1039.
2.70000, 968.
2.71000, 765.
2.72000, 687.
2.73000, 603.
2.74000, 531.
2.75000, 467.
2.76000, 410.
2.77000, 375.
2.78000, 360.
2.79000, 373.
2.80000, 396.
2.81000, 385.
2.82000, 452.
2.83000, 457.
2.84000, 431.
2.85000, 425.
2.86000, 391.
2.87000, 366.
2.88000, 285.
2.89000, 264.
2.90000, 230.
2.91000, 225.
2.92000, 145.
2.93000, 142.
2.94000, 102.
2.95000, 104.
2.96000, 77.
2.97000, 87.
2.98000, 77.
2.99000, 63.
3.00000, 53.
3.01000, 55.
3.02000, 57.
3.03000, 64.
3.04000, 44.
3.05000, 47.
3.06000, 39.
3.07000, 27.
3.08000, 36.
3.09000, 35.
3.10000, 35.
3.11000, 44.
3.12000, 48.
3.13000, 42.
3.14000, 30.
3.15000, 31.
3.16000, 42.
3.17000, 48.
3.18000, 48.
3.19000, 60.
3.20000, 72.
3.21000, 90.
3.22000, 105.
3.23000, 131.
3.24000, 182.
3.25000, 252.
3.26000, 283.
3.27000, 352.
3.28000, 418.
3.29000, 465.
3.30000, 512.
3.31000, 545.
3.32000, 510.
3.33000, 550.
3.34000, 495.
3.35000, 466.
3.36000, 378.
3.37000, 315.
3.38000, 275.
3.39000, 199.
3.40000, 173.
3.41000, 117.
3.42000, 89.
3.43000, 75.
3.44000, 66.
3.45000, 46.
3.46000, 58.
3.47000, 53.
3.48000, 43.
3.49000, 46.
3.50000, 55.
3.51000, 68.
3.52000, 59.
3.53000, 75.
3.54000, 95.
3.55000, 100.
3.56000, 119.
3.57000, 144.
3.58000, 189.
3.59000, 254.
3.60000, 320.
3.61000, 411.
3.62000, 518.
3.63000, 667.
3.64000, 760.
3.65000, 985.
3.66000, 1094.
3.67000, 1152.
3.68000, 1250.
3.69000, 1348.
3.70000, 1302.
3.71000, 1263.
3.72000, 1174.
3.73000, 1027.
3.74000, 931.
3.75000, 733.
3.76000, 548.
3.77000, 484.
3.78000, 341.
3.79000, 225.
3.80000, 184.
3.81000, 126.
3.82000, 97.
3.83000, 61.
3.84000, 51.
3.85000, 34.
3.86000, 47.
3.87000, 38.
3.88000, 39.
3.89000, 48.
3.90000, 52.
3.91000, 64.
3.92000, 64.
3.93000, 67.
3.94000, 89.
3.95000, 90.
3.96000, 156.
3.97000, 160.
3.98000, 160.
3.99000, 187.
4.00000, 217.
4.01000, 213.
4.02000, 227.
4.03000, 242.
4.04000, 219.
4.05000, 187.
4.06000, 162.
4.07000, 149.
4.08000, 111.
4.09000, 86.
4.10000, 77.
4.11000, 62.
4.12000, 47.
4.13000, 50.
4.14000, 40.
4.15000, 38.
4.16000, 34.
4.17000, 26.
4.18000, 38.
4.19000, 29.
4.20000, 31.
4.21000, 37.
4.22000, 35.
4.23000, 23.
4.24000, 30.
4.25000, 24.
4.26000, 19.
4.27000, 36.
4.28000, 32.
4.29000, 39.
4.30000, 33.
4.31000, 45.
4.32000, 35.
4.33000, 39.
4.34000, 47.
4.35000, 59.
4.36000, 47.
4.37000, 69.
4.38000, 72.
4.39000, 89.
4.40000, 123.
4.41000, 129.
4.42000, 179.
4.43000, 243.
4.44000, 261.
4.45000, 317.
4.46000, 381.
4.47000, 432.
4.48000, 461.
4.49000, 564.
4.50000, 572.
4.51000, 554.
4.52000, 536.
4.53000, 561.
4.54000, 461.
4.55000, 454.
4.56000, 415.
4.57000, 382.
4.58000, 276.
4.59000, 277.
4.60000, 217.
4.61000, 173.
4.62000, 136.
4.63000, 127.
4.64000, 132.
4.65000, 98.
4.66000, 111.
4.67000, 102.
4.68000, 94.
4.69000, 105.
4.70000, 93.
4.71000, 83.
4.72000, 88.
4.73000, 71.
4.74000, 88.
4.75000, 70.
4.76000, 76.
4.77000, 57.
4.78000, 67.
4.79000, 69.
4.80000, 79.
4.81000, 91.
4.82000, 73.
4.83000, 99.
4.84000, 83.
4.85000, 103.
4.86000, 116.
4.87000, 135.
4.88000, 114.
4.89000, 133.
4.90000, 141.
4.91000, 142.
4.92000, 147.
4.93000, 154.
4.94000, 154.
4.95000, 137.
4.96000, 135.
4.97000, 125.
4.98000, 115.
4.99000, 125.
5.00000, 107.
5.01000, 87.
5.02000, 78.
5.03000, 73.
5.04000, 72.
5.05000, 60.
5.06000, 50.
5.07000, 48.
5.08000, 54.
5.09000, 54.
5.10000, 52.
5.11000, 40.
5.12000, 55.
5.13000, 47.
5.14000, 52.
5.15000, 53.
5.16000, 68.
5.17000, 63.
5.18000, 54.
5.19000, 62.
5.20000, 65.
5.21000, 63.
5.22000, 62.
5.23000, 70.
5.24000, 51.
5.25000, 57.
5.26000, 58.
5.27000, 58.
5.28000, 52.
5.29000, 74.
5.30000, 54.
5.31000, 48.
5.32000, 66.
5.33000, 71.
5.34000, 82.
5.35000, 71.
5.36000, 58.
5.37000, 87.
5.38000, 89.
5.39000, 96.
5.40000, 91.
5.41000, 85.
5.42000, 77.
5.43000, 91.
5.44000, 83.
5.45000, 90.
5.46000, 77.
5.47000, 89.
5.48000, 81.
5.49000, 68.
5.50000, 83.
5.51000, 90.
5.52000, 61.
5.53000, 72.
5.54000, 63.
5.55000, 71.
5.56000, 80.
5.57000, 68.
5.58000, 62.
5.59000, 63.
5.60000, 60.
5.61000, 60.
5.62000, 46.
5.63000, 56.
5.64000, 50.
5.65000, 49.
5.66000, 61.
5.67000, 55.
5.68000, 35.
5.69000, 43.
5.70000, 63.
5.71000, 59.
5.72000, 53.
5.73000, 54.
5.74000, 47.
5.75000, 67.
5.76000, 64.
5.77000, 81.
5.78000, 72.
5.79000, 71.
5.80000, 91.
5.81000, 91.
5.82000, 109.
5.83000, 103.
5.84000, 137.
5.85000, 125.
5.86000, 170.
5.87000, 159.
5.88000, 176.
5.89000, 150.
5.90000, 180.
5.91000, 151.
5.92000, 153.
5.93000, 165.
5.94000, 136.
5.95000, 142.
5.96000, 115.
5.97000, 110.
5.98000, 87.
5.99000, 104.
6.00000, 93.
6.01000, 97.
6.02000, 94.
6.03000, 79.
6.04000, 69.
6.05000, 84.
6.06000, 72.
6.07000, 63.
6.08000, 75.
6.09000, 80.
6.10000, 75.
6.11000, 70.
6.12000, 85.
6.13000, 99.
6.14000, 110.
6.15000, 103.
6.16000, 114.
6.17000, 138.
6.18000, 148.
6.19000, 164.
6.20000, 185.
6.21000, 241.
6.22000, 350.
6.23000, 467.
6.24000, 633.
6.25000, 854.
6.26000, 1158.
6.27000, 1597.
6.28000, 2246.
6.29000, 3015.
6.30000, 3836.
6.31000, 4908.
6.32000, 6225.
6.33000, 7576.
6.34000, 8955.
6.35000, 10412.
6.36000, 11606.
6.37000, 12644.
6.38000, 13499.
6.39000, 14052.
6.40000, 14313.
6.41000, 13984.
6.42000, 13435.
6.43000, 12542.
6.44000, 11426.
6.45000, 10219.
6.46000, 8716.
6.47000, 7484.
6.48000, 5877.
6.49000, 4743.
6.50000, 3817.
6.51000, 2828.
6.52000, 2131.
6.53000, 1645.
6.54000, 1100.
6.55000, 839.
6.56000, 596.
6.57000, 399.
6.58000, 320.
6.59000, 202.
6.60000, 161.
6.61000, 131.
6.62000, 119.
6.63000, 109.
6.64000, 126.
6.65000, 84.
6.66000, 85.
6.67000, 97.
6.68000, 92.
6.69000, 109.
6.70000, 102.
6.71000, 104.
6.72000, 112.
6.73000, 101.
6.74000, 91.
6.75000, 107.
6.76000, 104.
6.77000, 100.
6.78000, 108.
6.79000, 108.
6.80000, 117.
6.81000, 100.
6.82000, 129.
6.83000, 122.
6.84000, 140.
6.85000, 152.
6.86000, 155.
6.87000, 164.
6.88000, 173.
6.89000, 244.
6.90000, 241.
6.91000, 338.
6.92000, 365.
6.93000, 483.
6.94000, 630.
6.95000, 719.
6.96000, 928.
6.97000, 1047.
6.98000, 1289.
6.99000, 1483.
7.00000, 1687.
7.01000, 1840.
7.02000, 1923.
7.03000, 2181.
7.04000, 2316.
7.05000, 2355.
7.06000, 2328.
7.07000, 2228.
7.08000, 2036.
7.09000, 1952.
7.10000, 1787.
7.11000, 1602.
7.12000, 1322.
7.13000, 1150.
7.14000, 1042.
7.15000, 794.
7.16000, 581.
7.17000, 527.
7.18000, 403.
7.19000, 310.
7.20000, 238.
7.21000, 193.
7.22000, 153.
7.23000, 137.
7.24000, 112.
7.25000, 105.
7.26000, 80.
7.27000, 73.
7.28000, 77.
7.29000, 87.
7.30000, 69.
7.31000, 79.
7.32000, 66.
7.33000, 68.
7.34000, 71.
7.35000, 70.
7.36000, 67.
7.37000, 60.
7.38000, 60.
7.39000, 84.
7.40000, 91.
7.41000, 71.
7.42000, 80.
7.43000, 91.
7.44000, 81.
7.45000, 72.
7.46000, 82.
7.47000, 74.
7.48000, 89.
7.49000, 70.
7.50000, 92.
7.51000, 86.
7.52000, 84.
7.53000, 78.
7.54000, 79.
7.55000, 72.
7.56000, 83.
7.57000, 67.
7.58000, 64.
7.59000, 63.
7.60000, 62.
7.61000, 46.
7.62000, 79.
7.63000, 71.
7.64000, 66.
7.65000, 61.
7.66000, 76.
7.67000, 76.
7.68000, 62.
7.69000, 77.
7.70000, 92.
7.71000, 72.
7.72000, 70.
7.73000, 73.
7.74000, 73.
7.75000, 97.
7.76000, 89.
7.77000, 61.
7.78000, 67.
7.79000, 78.
7.80000, 91.
7.81000, 105.
7.82000, 93.
7.83000, 100.
7.84000, 96.
7.85000, 90.
7.86000, 94.
7.87000, 103.
7.88000, 103.
7.89000, 117.
7.90000, 112.
7.91000, 129.
7.92000, 142.
7.93000, 130.
7.94000, 147.
7.95000, 153.
7.96000, 170.
7.97000, 175.
7.98000, 208.
7.99000, 201.
8.00000, 242.
8.01000, 254.
8.02000, 254.
8.03000, 262.
8.04000, 285.
8.05000, 265.
8.06000, 264.
8.07000, 268.
8.08000, 284.
8.09000, 236.
8.10000, 200.
8.11000, 217.
8.12000, 211.
8.13000, 182.
8.14000, 197.
8.15000, 175.
8.16000, 150.
8.17000, 144.
8.18000, 132.
8.19000, 134.
8.20000, 127.
8.21000, 108.
8.22000, 115.
8.23000, 117.
8.24000, 100.
8.25000, 113.
8.26000, 94.
8.27000, 100.
8.28000, 100.
8.29000, 107.
8.30000, 97.
8.31000, 89.
8.32000, 94.
8.33000, 94.
8.34000, 107.
8.35000, 125.
8.36000, 107.
8.37000, 111.
8.38000, 99.
8.39000, 95.
8.40000, 95.
8.41000, 116.
8.42000, 118.
8.43000, 123.
8.44000, 115.
8.45000, 111.
8.46000, 107.
8.47000, 136.
8.48000, 120.
8.49000, 130.
8.50000, 134.
8.51000, 145.
8.52000, 188.
8.53000, 197.
8.54000, 225.
8.55000, 224.
8.56000, 257.
8.57000, 285.
8.58000, 284.
8.59000, 329.
8.60000, 338.
8.61000, 358.
8.62000, 352.
8.63000, 348.
8.64000, 352.
8.65000, 359.
8.66000, 357.
8.67000, 323.
8.68000, 298.
8.69000, 277.
8.70000, 255.
8.71000, 235.
8.72000, 210.
8.73000, 184.
8.74000, 169.
8.75000, 154.
8.76000, 157.
8.77000, 150.
8.78000, 121.
8.79000, 142.
8.80000, 118.
8.81000, 119.
8.82000, 139.
8.83000, 132.
8.84000, 118.
8.85000, 124.
8.86000, 129.
8.87000, 128.
8.88000, 144.
8.89000, 153.
8.90000, 124.
8.91000, 121.
8.92000, 136.
8.93000, 130.
8.94000, 155.
8.95000, 126.
8.96000, 115.
8.97000, 139.
8.98000, 124.
8.99000, 135.
9.00000, 124.
9.01000, 135.
9.02000, 134.
9.03000, 117.
9.04000, 118.
9.05000, 117.
9.06000, 112.
9.07000, 115.
9.08000, 113.
9.09000, 143.
9.10000, 125.
9.11000, 124.
9.12000, 109.
9.13000, 126.
9.14000, 124.
9.15000, 128.
9.16000, 114.
9.17000, 135.
9.18000, 138.
9.19000, 119.
9.20000, 121.
9.21000, 128.
9.22000, 136.
9.23000, 128.
9.24000, 124.
9.25000, 136.
9.26000, 122.
9.27000, 149.
9.28000, 115.
9.29000, 113.
9.30000, 116.
9.31000, 118.
9.32000, 125.
9.33000, 110.
9.34000, 116.
9.35000, 132.
9.36000, 116.
9.37000, 138.
9.38000, 154.
9.39000, 112.
9.40000, 135.
9.41000, 105.
9.42000, 125.
9.43000, 122.
9.44000, 105.
9.45000, 106.
9.46000, 150.
9.47000, 145.
9.48000, 147.
9.49000, 148.
9.50000, 133.
9.51000, 133.
9.52000, 146.
9.53000, 154.
9.54000, 158.
9.55000, 157.
9.56000, 159.
9.57000, 154.
9.58000, 146.
9.59000, 165.
9.60000, 165.
9.61000, 165.
9.62000, 168.
9.63000, 148.
9.64000, 156.
9.65000, 155.
9.66000, 156.
9.67000, 139.
9.68000, 139.
9.69000, 128.
9.70000, 123.
9.71000, 124.
9.72000, 120.
9.73000, 125.
9.74000, 119.
9.75000, 147.
9.76000, 129.
9.77000, 116.
9.78000, 135.
9.79000, 110.
9.80000, 120.
9.81000, 131.
9.82000, 127.
9.83000, 134.
9.84000, 136.
9.85000, 113.
9.86000, 121.
9.87000, 106.
9.88000, 108.
9.89000, 110.
9.90000, 123.
9.91000, 116.
9.92000, 117.
9.93000, 128.
9.94000, 134.
9.95000, 142.
9.96000, 115.
9.97000, 127.
9.98000, 126.
9.99000, 119.
10.00000, 135.
10.01000, 113.
10.02000, 126.
10.03000, 125.
10.04000, 133.
10.05000, 135.
10.06000, 128.
10.07000, 109.
10.08000, 112.
10.09000, 117.
10.10000, 117.
10.11000, 93.
10.12000, 108.
10.13000, 123.
10.14000, 131.
10.15000, 123.
10.16000, 122.
10.17000, 151.
10.18000, 131.
10.19000, 121.
10.20000, 125.
10.21000, 113.
10.22000, 114.
10.23000, 110.
10.24000, 131.
10.25000, 136.
10.26000, 112.
10.27000, 114.
10.28000, 130.
10.29000, 130.
10.30000, 118.
10.31000, 110.
10.32000, 136.
10.33000, 112.
10.34000, 134.
10.35000, 138.
10.36000, 147.
10.37000, 135.
10.38000, 131.
10.39000, 143.
10.40000, 149.
10.41000, 171.
10.42000, 145.
10.43000, 150.
10.44000, 173.
10.45000, 164.
10.46000, 192.
10.47000, 174.
10.48000, 214.
10.49000, 193.
10.50000, 199.
10.51000, 193.
10.52000, 224.
10.53000, 205.
10.54000, 221.
10.55000, 230.
10.56000, 210.
10.57000, 197.
10.58000, 182.
10.59000, 191.
10.60000, 181.
10.61000, 155.
10.62000, 185.
10.63000, 188.
10.64000, 166.
10.65000, 148.
10.66000, 142.
10.67000, 137.
10.68000, 147.
10.69000, 143.
10.70000, 135.
10.71000, 135.
10.72000, 148.
10.73000, 128.
10.74000, 119.
10.75000, 138.
10.76000, 122.
10.77000, 134.
10.78000, 119.
10.79000, 141.
10.80000, 139.
10.81000, 122.
10.82000, 133.
10.83000, 156.
10.84000, 121.
10.85000, 122.
10.86000, 147.
10.87000, 137.
10.88000, 133.
10.89000, 143.
10.90000, 137.
10.91000, 149.
10.92000, 132.
10.93000, 153.
10.94000, 117.
10.95000, 142.
10.96000, 137.
10.97000, 148.
10.98000, 119.
10.99000, 140.
11.00000, 131.
11.01000, 120.
11.02000, 142.
11.03000, 138.
11.04000, 116.
11.05000, 137.
11.06000, 114.
11.07000, 154.
11.08000, 140.
11.09000, 130.
11.10000, 135.
11.11000, 150.
11.12000, 138.
11.13000, 134.
11.14000, 142.
11.15000, 151.
11.16000, 133.
11.17000, 124.
11.18000, 131.
11.19000, 137.
11.20000, 137.
11.21000, 135.
11.22000, 155.
11.23000, 154.
11.24000, 139.
11.25000, 151.
11.26000, 119.
11.27000, 133.
11.28000, 145.
11.29000, 133.
11.30000, 155.
11.31000, 132.
11.32000, 141.
11.33000, 121.
11.34000, 155.
11.35000, 139.
11.36000, 134.
11.37000, 135.
11.38000, 143.
11.39000, 148.
11.40000, 148.
11.41000, 162.
11.42000, 134.
11.43000, 133.
11.44000, 143.
11.45000, 149.
11.46000, 134.
11.47000, 179.
11.48000, 144.
11.49000, 161.
11.50000, 139.
11.51000, 130.
11.52000, 146.
11.53000, 134.
11.54000, 131.
11.55000, 141.
11.56000, 140.
11.57000, 124.
11.58000, 145.
11.59000, 152.
11.60000, 133.
11.61000, 162.
11.62000, 149.
11.63000, 143.
11.64000, 151.
11.65000, 139.
11.66000, 132.
11.67000, 148.
11.68000, 164.
11.69000, 138.
11.70000, 147.
11.71000, 156.
11.72000, 155.
11.73000, 170.
11.74000, 158.
11.75000, 166.
11.76000, 188.
11.77000, 162.
11.78000, 202.
11.79000, 236.
11.80000, 242.
11.81000, 256.
11.82000, 268.
11.83000, 278.
11.84000, 280.
11.85000, 296.
11.86000, 341.
11.87000, 320.
11.88000, 328.
11.89000, 318.
11.90000, 339.
11.91000, 291.
11.92000, 316.
11.93000, 310.
11.94000, 280.
11.95000, 270.
11.96000, 283.
11.97000, 264.
11.98000, 277.
11.99000, 244.
12.00000, 213.
12.01000, 217.
12.02000, 216.
12.03000, 174.
12.04000, 176.
12.05000, 189.
12.06000, 156.
12.07000, 166.
12.08000, 131.
12.09000, 164.
12.10000, 160.
12.11000, 167.
12.12000, 130.
12.13000, 143.
12.14000, 145.
12.15000, 167.
12.16000, 136.
12.17000, 147.
12.18000, 152.
12.19000, 146.
12.20000, 134.
12.21000, 177.
12.22000, 155.
12.23000, 156.
12.24000, 151.
12.25000, 150.
12.26000, 149.
12.27000, 139.
12.28000, 149.
12.29000, 152.
12.30000, 145.
12.31000, 150.
12.32000, 146.
12.33000, 151.
12.34000, 153.
12.35000, 171.
12.36000, 149.
12.37000, 167.
12.38000, 145.
12.39000, 152.
12.40000, 146.
12.41000, 164.
12.42000, 138.
12.43000, 143.
12.44000, 167.
12.45000, 145.
12.46000, 174.
12.47000, 156.
12.48000, 162.
12.49000, 178.
12.50000, 194.
12.51000, 153.
12.52000, 182.
12.53000, 204.
12.54000, 204.
12.55000, 191.
12.56000, 221.
12.57000, 183.
12.58000, 197.
12.59000, 210.
12.60000, 239.
12.61000, 224.
12.62000, 199.
12.63000, 204.
12.64000, 214.
12.65000, 187.
12.66000, 209.
12.67000, 208.
12.68000, 221.
12.69000, 202.
12.70000, 182.
12.71000, 190.
12.72000, 196.
12.73000, 184.
12.74000, 195.
12.75000, 176.
12.76000, 182.
12.77000, 197.
12.78000, 197.
12.79000, 198.
12.80000, 191.
12.81000, 191.
12.82000, 176.
12.83000, 210.
12.84000, 186.
12.85000, 166.
12.86000, 178.
12.87000, 171.
12.88000, 162.
12.89000, 163.
12.90000, 167.
12.91000, 168.
12.92000, 157.
12.93000, 161.
12.94000, 161.
12.95000, 139.
12.96000, 155.
12.97000, 135.
12.98000, 187.
12.99000, 168.
13.00000, 166.
13.01000, 174.
13.02000, 172.
13.03000, 160.
13.04000, 152.
13.05000, 156.
13.06000, 166.
13.07000, 153.
13.08000, 143.
13.09000, 150.
13.10000, 150.
13.11000, 154.
13.12000, 150.
13.13000, 166.
13.14000, 194.
13.15000, 165.
13.16000, 175.
13.17000, 164.
13.18000, 180.
13.19000, 174.
13.20000, 174.
13.21000, 205.
13.22000, 211.
13.23000, 197.
13.24000, 195.
13.25000, 197.
13.26000, 211.
13.27000, 227.
13.28000, 203.
13.29000, 253.
13.30000, 236.
13.31000, 190.
13.32000, 204.
13.33000, 235.
13.34000, 228.
13.35000, 219.
13.36000, 201.
13.37000, 208.
13.38000, 243.
13.39000, 208.
13.40000, 201.
13.41000, 196.
13.42000, 188.
13.43000, 156.
13.44000, 160.
13.45000, 186.
13.46000, 200.
13.47000, 184.
13.48000, 182.
13.49000, 172.
13.50000, 163.
13.51000, 186.
13.52000, 177.
13.53000, 194.
13.54000, 171.
13.55000, 166.
13.56000, 170.
13.57000, 176.
13.58000, 170.
13.59000, 173.
13.60000, 141.
13.61000, 146.
13.62000, 158.
13.63000, 122.
13.64000, 142.
13.65000, 170.
13.66000, 136.
13.67000, 141.
13.68000, 138.
13.69000, 144.
13.70000, 136.
13.71000, 141.
13.72000, 135.
13.73000, 177.
13.74000, 150.
13.75000, 152.
13.76000, 151.
13.77000, 146.
13.78000, 154.
13.79000, 163.
13.80000, 145.
13.81000, 141.
13.82000, 164.
13.83000, 151.
13.84000, 150.
13.85000, 151.
13.86000, 162.
13.87000, 173.
13.88000, 155.
13.89000, 152.
13.90000, 156.
13.91000, 178.
13.92000, 166.
13.93000, 153.
13.94000, 222.
13.95000, 220.
13.96000, 207.
13.97000, 200.
13.98000, 210.
13.99000, 231.
14.00000, 256.
14.01000, 275.
14.02000, 263.
14.03000, 320.
14.04000, 335.
14.05000, 316.
14.06000, 375.
14.07000, 389.
14.08000, 368.
14.09000, 362.
14.10000, 378.
14.11000, 412.
14.12000, 414.
14.13000, 422.
14.14000, 423.
14.15000, 421.
14.16000, 379.
14.17000, 406.
14.18000, 369.
14.19000, 376.
14.20000, 372.
14.21000, 303.
14.22000, 318.
14.23000, 262.
14.24000, 261.
14.25000, 257.
14.26000, 234.
14.27000, 237.
14.28000, 191.
14.29000, 203.
14.30000, 203.
14.31000, 158.
14.32000, 176.
14.33000, 176.
14.34000, 181.
14.35000, 167.
14.36000, 153.
14.37000, 163.
14.38000, 150.
14.39000, 155.
14.40000, 169.
14.41000, 120.
14.42000, 171.
14.43000, 147.
14.44000, 132.
14.45000, 165.
14.46000, 146.
14.47000, 146.
14.48000, 133.
14.49000, 145.
14.50000, 148.
14.51000, 151.
14.52000, 160.
14.53000, 143.
14.54000, 152.
14.55000, 137.
14.56000, 149.
14.57000, 140.
14.58000, 178.
14.59000, 155.
14.60000, 127.
14.61000, 169.
14.62000, 162.
14.63000, 139.
14.64000, 144.
14.65000, 154.
14.66000, 151.
14.67000, 157.
14.68000, 161.
14.69000, 164.
14.70000, 140.
14.71000, 162.
14.72000, 143.
14.73000, 166.
14.74000, 144.
14.75000, 146.
14.76000, 167.
14.77000, 168.
14.78000, 153.
14.79000, 152.
14.80000, 157.
14.81000, 148.
14.82000, 183.
14.83000, 128.
14.84000, 172.
14.85000, 167.
14.86000, 175.
14.87000, 163.
14.88000, 164.
14.89000, 184.
14.90000, 189.
14.91000, 190.
14.92000, 186.
14.93000, 142.
14.94000, 181.
14.95000, 154.
14.96000, 159.
14.97000, 169.
14.98000, 163.
14.99000, 163.
15.00000, 159.
15.01000, 150.
15.02000, 169.
15.03000, 178.
15.04000, 149.
15.05000, 161.
15.06000, 156.
15.07000, 160.
15.08000, 163.
15.09000, 161.
15.10000, 144.
15.11000, 154.
15.12000, 144.
15.13000, 138.
15.14000, 149.
15.15000, 171.
15.16000, 158.
15.17000, 158.
15.18000, 182.
15.19000, 134.
15.20000, 147.
15.21000, 130.
15.22000, 147.
15.23000, 156.
15.24000, 154.
15.25000, 128.
15.26000, 163.
15.27000, 150.
15.28000, 172.
15.29000, 146.
15.30000, 148.
15.31000, 129.
15.32000, 135.
15.33000, 148.
15.34000, 168.
15.35000, 165.
15.36000, 177.
15.37000, 147.
15.38000, 151.
15.39000, 141.
15.40000, 142.
15.41000, 147.
15.42000, 194.
15.43000, 159.
15.44000, 126.
15.45000, 142.
15.46000, 151.
15.47000, 176.
15.48000, 146.
15.49000, 165.
15.50000, 131.
15.51000, 168.
15.52000, 159.
15.53000, 171.
15.54000, 164.
15.55000, 189.
15.56000, 204.
15.57000, 196.
15.58000, 178.
15.59000, 211.
15.60000, 208.
15.61000, 204.
15.62000, 203.
15.63000, 229.
15.64000, 234.
15.65000, 255.
15.66000, 252.
15.67000, 255.
15.68000, 283.
15.69000, 273.
15.70000, 279.
15.71000, 300.
15.72000, 289.
15.73000, 276.
15.74000, 292.
15.75000, 305.
15.76000, 266.
15.77000, 265.
15.78000, 283.
15.79000, 308.
15.80000, 273.
15.81000, 265.
15.82000, 259.
15.83000, 266.
15.84000, 235.
15.85000, 252.
15.86000, 250.
15.87000, 214.
15.88000, 233.
15.89000, 179.
15.90000, 203.
15.91000, 222.
15.92000, 165.
15.93000, 162.
15.94000, 174.
15.95000, 179.
15.96000, 184.
15.97000, 157.
15.98000, 183.
15.99000, 149.
16.00000, 165.
16.01000, 173.
16.02000, 136.
16.03000, 145.
16.04000, 125.
16.05000, 159.
16.06000, 156.
16.07000, 143.
16.08000, 144.
16.09000, 149.
16.10000, 154.
16.11000, 160.
16.12000, 159.
16.13000, 160.
16.14000, 132.
16.15000, 160.
16.16000, 154.
16.17000, 148.
16.18000, 125.
16.19000, 134.
16.20000, 141.
16.21000, 106.
16.22000, 151.
16.23000, 164.
16.24000, 154.
16.25000, 168.
16.26000, 154.
16.27000, 139.
16.28000, 152.
16.29000, 133.
16.30000, 163.
16.31000, 159.
16.32000, 131.
16.33000, 145.
16.34000, 117.
16.35000, 125.
16.36000, 153.
16.37000, 143.
16.38000, 127.
16.39000, 150.
16.40000, 142.
16.41000, 152.
16.42000, 146.
16.43000, 167.
16.44000, 150.
16.45000, 155.
16.46000, 174.
16.47000, 149.
16.48000, 159.
16.49000, 155.
16.50000, 140.
16.51000, 126.
16.52000, 179.
16.53000, 154.
16.54000, 157.
16.55000, 145.
16.56000, 154.
16.57000, 168.
16.58000, 165.
16.59000, 154.
16.60000, 161.
16.61000, 152.
16.62000, 146.
16.63000, 138.
16.64000, 168.
16.65000, 159.
16.66000, 163.
16.67000, 122.
16.68000, 152.
16.69000, 151.
16.70000, 150.
16.71000, 155.
16.72000, 183.
16.73000, 143.
16.74000, 151.
16.75000, 158.
16.76000, 135.
16.77000, 157.
16.78000, 150.
16.79000, 152.
16.80000, 160.
16.81000, 132.
16.82000, 170.
16.83000, 138.
16.84000, 132.
16.85000, 156.
16.86000, 152.
16.87000, 139.
16.88000, 160.
16.89000, 145.
16.90000, 158.
16.91000, 141.
16.92000, 160.
16.93000, 138.
16.94000, 142.
16.95000, 145.
16.96000, 153.
16.97000, 121.
16.98000, 154.
16.99000, 135.
17.00000, 163.
17.01000, 143.
17.02000, 142.
17.03000, 146.
17.04000, 157.
17.05000, 157.
17.06000, 118.
17.07000, 161.
17.08000, 163.
17.09000, 151.
17.10000, 149.
17.11000, 150.
17.12000, 148.
17.13000, 156.
17.14000, 141.
17.15000, 166.
17.16000, 147.
17.17000, 163.
17.18000, 143.
17.19000, 186.
17.20000, 142.
17.21000, 155.
17.22000, 157.
17.23000, 156.
17.24000, 149.
17.25000, 169.
17.26000, 140.
17.27000, 147.
17.28000, 139.
17.29000, 146.
17.30000, 183.
17.31000, 163.
17.32000, 170.
17.33000, 163.
17.34000, 136.
17.35000, 170.
17.36000, 153.
17.37000, 150.
17.38000, 187.
17.39000, 175.
17.40000, 175.
17.41000, 190.
17.42000, 168.
17.43000, 175.
17.44000, 151.
17.45000, 159.
17.46000, 181.
17.47000, 164.
17.48000, 179.
17.49000, 169.
17.50000, 195.
17.51000, 165.
17.52000, 211.
17.53000, 182.
17.54000, 200.
17.55000, 196.
17.56000, 183.
17.57000, 176.
17.58000, 188.
17.59000, 203.
17.60000, 192.
17.61000, 189.
17.62000, 187.
17.63000, 184.
17.64000, 213.
17.65000, 219.
17.66000, 221.
17.67000, 204.
17.68000, 175.
17.69000, 193.
17.70000, 203.
17.71000, 189.
17.72000, 189.
17.73000, 178.
17.74000, 189.
17.75000, 205.
17.76000, 190.
17.77000, 176.
17.78000, 201.
17.79000, 178.
17.80000, 203.
17.81000, 192.
17.82000, 199.
17.83000, 203.
17.84000, 204.
17.85000, 195.
17.86000, 218.
17.87000, 200.
17.88000, 198.
17.89000, 198.
17.90000, 180.
17.91000, 211.
17.92000, 183.
17.93000, 211.
17.94000, 206.
17.95000, 223.
17.96000, 223.
17.97000, 210.
17.98000, 216.
17.99000, 195.
18.00000, 246.
18.01000, 224.
18.02000, 207.
18.03000, 202.
18.04000, 240.
18.05000, 222.
18.06000, 249.
18.07000, 224.
18.08000, 236.
18.09000, 244.
18.10000, 249.
18.11000, 233.
18.12000, 237.
18.13000, 257.
18.14000, 237.
18.15000, 251.
18.16000, 285.
18.17000, 243.
18.18000, 304.
18.19000, 277.
18.20000, 275.
18.21000, 279.
18.22000, 296.
18.23000, 290.
18.24000, 296.
18.25000, 300.
18.26000, 319.
18.27000, 279.
18.28000, 298.
18.29000, 331.
18.30000, 342.
18.31000, 354.
18.32000, 345.
18.33000, 360.
18.34000, 364.
18.35000, 394.
18.36000, 378.
18.37000, 379.
18.38000, 366.
18.39000, 439.
18.40000, 437.
18.41000, 420.
18.42000, 471.
18.43000, 489.
18.44000, 487.
18.45000, 494.
18.46000, 534.
18.47000, 522.
18.48000, 519.
18.49000, 505.
18.50000, 599.
18.51000, 604.
18.52000, 626.
18.53000, 585.
18.54000, 624.
18.55000, 677.
18.56000, 684.
18.57000, 681.
18.58000, 671.
18.59000, 721.
18.60000, 759.
18.61000, 764.
18.62000, 755.
18.63000, 725.
18.64000, 795.
18.65000, 791.
18.66000, 837.
18.67000, 820.
18.68000, 856.
18.69000, 823.
18.70000, 852.
18.71000, 901.
18.72000, 934.
18.73000, 862.
18.74000, 868.
18.75000, 939.
18.76000, 900.
18.77000, 919.
18.78000, 897.
18.79000, 872.
18.80000, 956.
18.81000, 880.
18.82000, 896.
18.83000, 890.
18.84000, 924.
18.85000, 918.
18.86000, 823.
18.87000, 864.
18.88000, 805.
18.89000, 870.
18.90000, 828.
18.91000, 786.
18.92000, 874.
18.93000, 811.
18.94000, 812.
18.95000, 799.
18.96000, 760.
18.97000, 767.
18.98000, 729.
18.99000, 732.
19.00000, 700.
19.01000, 683.
19.02000, 653.
19.03000, 638.
19.04000, 626.
19.05000, 650.
19.06000, 607.
19.07000, 622.
19.08000, 572.
19.09000, 571.
19.10000, 576.
19.11000, 534.
19.12000, 582.
19.13000, 491.
19.14000, 452.
19.15000, 487.
19.16000, 450.
19.17000, 453.
19.18000, 441.
19.19000, 423.
19.20000, 449.
19.21000, 385.
19.22000, 391.
19.23000, 381.
19.24000, 376.
19.25000, 361.
19.26000, 353.
19.27000, 355.
19.28000, 306.
19.29000, 327.
19.30000, 301.
19.31000, 306.
19.32000, 304.
19.33000, 297.
19.34000, 304.
19.35000, 270.
19.36000, 309.
19.37000, 259.
19.38000, 292.
19.39000, 291.
19.40000, 287.
19.41000, 256.
19.42000, 265.
19.43000, 246.
19.44000, 240.
19.45000, 251.
19.46000, 225.
19.47000, 246.
19.48000, 237.
19.49000, 208.
19.50000, 240.
19.51000, 206.
19.52000, 227.
19.53000, 225.
19.54000, 208.
19.55000, 208.
19.56000, 213.
19.57000, 218.
19.58000, 234.
19.59000, 204.
19.60000, 196.
19.61000, 224.
19.62000, 182.
19.63000, 206.
19.64000, 196.
19.65000, 166.
19.66000, 195.
19.67000, 172.
19.68000, 172.
19.69000, 169.
19.70000, 171.
19.71000, 172.
19.72000, 164.
19.73000, 164.
19.74000, 168.
19.75000, 172.
19.76000, 180.
19.77000, 170.
19.78000, 185.
19.79000, 177.
19.80000, 191.
19.81000, 155.
19.82000, 187.
19.83000, 174.
19.84000, 194.
19.85000, 204.
19.86000, 202.
19.87000, 194.
19.88000, 196.
19.89000, 202.
19.90000, 222.
19.91000, 256.
19.92000, 231.
19.93000, 239.
19.94000, 267.
19.95000, 285.
19.96000, 304.
19.97000, 296.
19.98000, 338.
19.99000, 346.
20.00000, 386.
20.01000, 400.
20.02000, 418.
20.03000, 426.
20.04000, 418.
20.05000, 428.
20.06000, 488.
20.07000, 504.
20.08000, 510.
20.09000, 516.
20.10000, 489.
20.11000, 550.
20.12000, 532.
20.13000, 533.
20.14000, 544.
20.15000, 523.
20.16000, 538.
20.17000, 547.
20.18000, 551.
20.19000, 535.
20.20000, 472.
20.21000, 501.
20.22000, 456.
20.23000, 452.
20.24000, 422.
20.25000, 370.
20.26000, 398.
20.27000, 367.
20.28000, 303.
20.29000, 338.
20.30000, 289.
20.31000, 295.
20.32000, 251.
20.33000, 262.
20.34000, 229.
20.35000, 219.
20.36000, 196.
20.37000, 206.
20.38000, 184.
20.39000, 192.
20.40000, 184.
20.41000, 173.
20.42000, 181.
20.43000, 173.
20.44000, 159.
20.45000, 183.
20.46000, 163.
20.47000, 158.
20.48000, 171.
20.49000, 144.
20.50000, 186.
20.51000, 172.
20.52000, 149.
20.53000, 142.
20.54000, 149.
20.55000, 156.
20.56000, 169.
20.57000, 173.
20.58000, 168.
20.59000, 167.
20.60000, 140.
20.61000, 173.
20.62000, 170.
20.63000, 196.
20.64000, 174.
20.65000, 180.
20.66000, 169.
20.67000, 206.
20.68000, 184.
20.69000, 189.
20.70000, 211.
20.71000, 190.
20.72000, 201.
20.73000, 195.
20.74000, 207.
20.75000, 202.
20.76000, 202.
20.77000, 222.
20.78000, 203.
20.79000, 195.
20.80000, 224.
20.81000, 236.
20.82000, 205.
20.83000, 227.
20.84000, 226.
20.85000, 227.
20.86000, 224.
20.87000, 236.
20.88000, 238.
20.89000, 247.
20.90000, 242.
20.91000, 241.
20.92000, 239.
20.93000, 224.
20.94000, 249.
20.95000, 235.
20.96000, 220.
20.97000, 238.
20.98000, 257.
20.99000, 237.
21.00000, 225.
21.01000, 263.
21.02000, 219.
21.03000, 237.
21.04000, 248.
21.05000, 237.
21.06000, 264.
21.07000, 239.
21.08000, 238.
21.09000, 220.
21.10000, 220.
21.11000, 241.
21.12000, 262.
21.13000, 244.
21.14000, 253.
21.15000, 238.
21.16000, 224.
21.17000, 211.
21.18000, 210.
21.19000, 187.
21.20000, 201.
21.21000, 206.
21.22000, 201.
21.23000, 209.
21.24000, 210.
21.25000, 203.
21.26000, 218.
21.27000, 186.
21.28000, 212.
21.29000, 203.
21.30000, 203.
21.31000, 184.
21.32000, 185.
21.33000, 206.
21.34000, 185.
21.35000, 215.
21.36000, 160.
21.37000, 153.
21.38000, 168.
21.39000, 168.
21.40000, 186.
21.41000, 175.
21.42000, 175.
21.43000, 161.
21.44000, 149.
21.45000, 173.
21.46000, 158.
21.47000, 137.
21.48000, 134.
21.49000, 154.
21.50000, 163.
21.51000, 133.
21.52000, 154.
21.53000, 141.
21.54000, 146.
21.55000, 153.
21.56000, 121.
21.57000, 150.
21.58000, 145.
21.59000, 115.
21.60000, 141.
21.61000, 118.
21.62000, 146.
21.63000, 112.
21.64000, 121.
21.65000, 122.
21.66000, 120.
21.67000, 131.
21.68000, 101.
21.69000, 106.
21.70000, 122.
21.71000, 122.
21.72000, 119.
21.73000, 142.
21.74000, 96.
21.75000, 90.
21.76000, 107.
21.77000, 95.
21.78000, 101.
21.79000, 100.
21.80000, 122.
21.81000, 126.
21.82000, 110.
21.83000, 118.
21.84000, 96.
21.85000, 105.
21.86000, 109.
21.87000, 118.
21.88000, 93.
21.89000, 95.
21.90000, 94.
21.91000, 103.
21.92000, 92.
21.93000, 108.
21.94000, 94.
21.95000, 101.
21.96000, 94.
21.97000, 85.
21.98000, 95.
21.99000, 100.
22.00000, 88.
22.01000, 91.
22.02000, 114.
22.03000, 90.
22.04000, 90.
22.05000, 93.
22.06000, 60.
22.07000, 97.
22.08000, 89.
22.09000, 82.
22.10000, 83.
22.11000, 104.
22.12000, 92.
22.13000, 87.
22.14000, 110.
22.15000, 96.
22.16000, 74.
22.17000, 100.
22.18000, 74.
22.19000, 81.
22.20000, 99.
22.21000, 82.
22.22000, 86.
22.23000, 85.
22.24000, 84.
22.25000, 100.
22.26000, 105.
22.27000, 84.
22.28000, 71.
22.29000, 75.
22.30000, 94.
22.31000, 85.
22.32000, 83.
22.33000, 90.
22.34000, 92.
22.35000, 88.
22.36000, 87.
22.37000, 80.
22.38000, 79.
22.39000, 90.
22.40000, 90.
22.41000, 92.
22.42000, 89.
22.43000, 81.
22.44000, 89.
22.45000, 87.
22.46000, 98.
22.47000, 88.
22.48000, 83.
22.49000, 86.
22.50000, 108.
22.51000, 103.
22.52000, 116.
22.53000, 105.
22.54000, 99.
22.55000, 103.
22.56000, 122.
22.57000, 138.
22.58000, 123.
22.59000, 114.
22.60000, 130.
22.61000, 121.
22.62000, 137.
22.63000, 129.
22.64000, 129.
22.65000, 147.
22.66000, 151.
22.67000, 147.
22.68000, 129.
22.69000, 154.
22.70000, 155.
22.71000, 123.
22.72000, 143.
22.73000, 117.
22.74000, 113.
22.75000, 139.
22.76000, 125.
22.77000, 133.
22.78000, 124.
22.79000, 122.
22.80000, 114.
22.81000, 114.
22.82000, 104.
22.83000, 94.
22.84000, 81.
22.85000, 98.
22.86000, 90.
22.87000, 84.
22.88000, 88.
22.89000, 74.
22.90000, 85.
22.91000, 92.
22.92000, 84.
22.93000, 70.
22.94000, 93.
22.95000, 75.
22.96000, 92.
22.97000, 82.
22.98000, 88.
22.99000, 79.
23.00000, 66.
23.01000, 77.
23.02000, 76.
23.03000, 81.
23.04000, 92.
23.05000, 77.
23.06000, 79.
23.07000, 83.
23.08000, 74.
23.09000, 56.
23.10000, 75.
23.11000, 88.
23.12000, 60.
23.13000, 75.
23.14000, 91.
23.15000, 85.
23.16000, 83.
23.17000, 79.
23.18000, 75.
23.19000, 81.
23.20000, 68.
23.21000, 78.
23.22000, 81.
23.23000, 81.
23.24000, 91.
23.25000, 83.
23.26000, 79.
23.27000, 60.
23.28000, 72.
23.29000, 61.
23.30000, 82.
23.31000, 80.
23.32000, 69.
23.33000, 72.
23.34000, 68.
23.35000, 67.
23.36000, 86.
23.37000, 75.
23.38000, 79.
23.39000, 51.
23.40000, 67.
23.41000, 69.
23.42000, 70.
23.43000, 59.
23.44000, 68.
23.45000, 80.
23.46000, 91.
23.47000, 76.
23.48000, 60.
23.49000, 71.
23.50000, 70.
23.51000, 77.
23.52000, 62.
23.53000, 74.
23.54000, 67.
23.55000, 63.
23.56000, 63.
23.57000, 56.
23.58000, 63.
23.59000, 72.
23.60000, 58.
23.61000, 67.
23.62000, 53.
23.63000, 67.
23.64000, 76.
23.65000, 68.
23.66000, 80.
23.67000, 60.
23.68000, 67.
23.69000, 81.
23.70000, 66.
23.71000, 69.
23.72000, 54.
23.73000, 58.
23.74000, 72.
23.75000, 62.
23.76000, 75.
23.77000, 56.
23.78000, 70.
23.79000, 74.
23.80000, 73.
23.81000, 57.
23.82000, 60.
23.83000, 54.
23.84000, 72.
23.85000, 66.
23.86000, 69.
23.87000, 66.
23.88000, 86.
23.89000, 74.
23.90000, 76.
23.91000, 68.
23.92000, 72.
23.93000, 58.
23.94000, 66.
23.95000, 62.
23.96000, 73.
23.97000, 58.
23.98000, 63.
23.99000, 62.
24.00000, 76.
24.01000, 69.
24.02000, 67.
24.03000, 61.
24.04000, 65.
24.05000, 74.
24.06000, 68.
24.07000, 49.
24.08000, 64.
24.09000, 75.
24.10000, 57.
24.11000, 56.
24.12000, 82.
24.13000, 73.
24.14000, 75.
24.15000, 65.
24.16000, 59.
24.17000, 53.
24.18000, 50.
24.19000, 63.
24.20000, 80.
24.21000, 69.
24.22000, 64.
24.23000, 57.
24.24000, 65.
24.25000, 59.
24.26000, 59.
24.27000, 66.
24.28000, 64.
24.29000, 66.
24.30000, 74.
24.31000, 64.
24.32000, 64.
24.33000, 53.
24.34000, 76.
24.35000, 51.
24.36000, 72.
24.37000, 57.
24.38000, 52.
24.39000, 57.
24.40000, 73.
24.41000, 71.
24.42000, 76.
24.43000, 68.
24.44000, 59.
24.45000, 62.
24.46000, 73.
24.47000, 72.
24.48000, 48.
24.49000, 61.
24.50000, 65.
24.51000, 64.
24.52000, 72.
24.53000, 63.
24.54000, 66.
24.55000, 56.
24.56000, 76.
24.57000, 46.
24.58000, 55.
24.59000, 55.
24.60000, 65.
24.61000, 52.
24.62000, 62.
24.63000, 59.
24.64000, 61.
24.65000, 59.
24.66000, 71.
24.67000, 68.
24.68000, 63.
24.69000, 69.
24.70000, 74.
24.71000, 67.
24.72000, 53.
24.73000, 48.
24.74000, 76.
24.75000, 71.
24.76000, 67.
24.77000, 53.
24.78000, 58.
24.79000, 57.
24.80000, 68.
24.81000, 62.
24.82000, 72.
24.83000, 65.
24.84000, 73.
24.85000, 65.
24.86000, 71.
24.87000, 50.
24.88000, 59.
24.89000, 68.
24.90000, 52.
24.91000, 57.
24.92000, 59.
24.93000, 60.
24.94000, 74.
24.95000, 70.
24.96000, 74.
24.97000, 75.
24.98000, 72.
24.99000, 62.
25.00000, 60.
25.01000, 68.
25.02000, 82.
25.03000, 68.
25.04000, 77.
25.05000, 73.
25.06000, 53.
25.07000, 74.
25.08000, 73.
25.09000, 76.
25.10000, 66.
25.11000, 66.
25.12000, 62.
25.13000, 66.
25.14000, 64.
25.15000, 84.
25.16000, 79.
25.17000, 65.
25.18000, 73.
25.19000, 65.
25.20000, 63.
25.21000, 68.
25.22000, 69.
25.23000, 77.
25.24000, 66.
25.25000, 82.
25.26000, 59.
25.27000, 56.
25.28000, 60.
25.29000, 64.
25.30000, 67.
25.31000, 73.
25.32000, 63.
25.33000, 54.
25.34000, 61.
25.35000, 73.
25.36000, 66.
25.37000, 55.
25.38000, 70.
25.39000, 66.
25.40000, 59.
25.41000, 65.
25.42000, 65.
25.43000, 51.
25.44000, 56.
25.45000, 59.
25.46000, 51.
25.47000, 66.
25.48000, 65.
25.49000, 60.
25.50000, 57.
25.51000, 61.
25.52000, 63.
25.53000, 52.
25.54000, 66.
25.55000, 63.
25.56000, 38.
25.57000, 62.
25.58000, 67.
25.59000, 57.
25.60000, 61.
25.61000, 50.
25.62000, 62.
25.63000, 48.
25.64000, 62.
25.65000, 54.
25.66000, 48.
25.67000, 66.
25.68000, 54.
25.69000, 59.
25.70000, 63.
25.71000, 47.
25.72000, 57.
25.73000, 52.
25.74000, 72.
25.75000, 70.
25.76000, 60.
25.77000, 52.
25.78000, 54.
25.79000, 53.
25.80000, 58.
25.81000, 48.
25.82000, 60.
25.83000, 68.
25.84000, 62.
25.85000, 49.
25.86000, 54.
25.87000, 60.
25.88000, 62.
25.89000, 65.
25.90000, 68.
25.91000, 69.
25.92000, 49.
25.93000, 55.
25.94000, 50.
25.95000, 41.
25.96000, 50.
25.97000, 60.
25.98000, 65.
25.99000, 49.
26.00000, 70.
26.01000, 63.
26.02000, 62.
26.03000, 46.
26.04000, 60.
26.05000, 44.
26.06000, 53.
26.07000, 61.
26.08000, 66.
26.09000, 50.
26.10000, 55.
26.11000, 50.
26.12000, 61.
26.13000, 48.
26.14000, 47.
26.15000, 58.
26.16000, 55.
26.17000, 55.
26.18000, 54.
26.19000, 53.
26.20000, 52.
26.21000, 51.
26.22000, 54.
26.23000, 54.
26.24000, 48.
26.25000, 52.
26.26000, 69.
26.27000, 54.
26.28000, 51.
26.29000, 52.
26.30000, 40.
26.31000, 58.
26.32000, 60.
26.33000, 51.
26.34000, 48.
26.35000, 71.
26.36000, 62.
26.37000, 60.
26.38000, 60.
26.39000, 57.
26.40000, 55.
26.41000, 55.
26.42000, 50.
26.43000, 44.
26.44000, 44.
26.45000, 51.
26.46000, 62.
26.47000, 40.
26.48000, 45.
26.49000, 43.
26.50000, 51.
26.51000, 55.
26.52000, 51.
26.53000, 76.
26.54000, 56.
26.55000, 45.
26.56000, 43.
26.57000, 49.
26.58000, 62.
26.59000, 54.
26.60000, 47.
26.61000, 54.
26.62000, 61.
26.63000, 55.
26.64000, 44.
26.65000, 68.
26.66000, 49.
26.67000, 59.
26.68000, 42.
26.69000, 42.
26.70000, 58.
26.71000, 57.
26.72000, 40.
26.73000, 44.
26.74000, 48.
26.75000, 50.
26.76000, 49.
26.77000, 58.
26.78000, 42.
26.79000, 52.
26.80000, 52.
26.81000, 39.
26.82000, 62.
26.83000, 54.
26.84000, 50.
26.85000, 42.
26.86000, 44.
26.87000, 45.
26.88000, 60.
26.89000, 37.
26.90000, 40.
26.91000, 40.
26.92000, 45.
26.93000, 57.
26.94000, 48.
26.95000, 63.
26.96000, 51.
26.97000, 39.
26.98000, 33.
26.99000, 52.
27.00000, 50.
27.01000, 53.
27.02000, 43.
27.03000, 55.
27.04000, 53.
27.05000, 47.
27.06000, 42.
27.07000, 51.
27.08000, 47.
27.09000, 40.
27.10000, 49.
27.11000, 52.
27.12000, 48.
27.13000, 43.
27.14000, 62.
27.15000, 42.
27.16000, 53.
27.17000, 38.
27.18000, 52.
27.19000, 52.
27.20000, 62.
27.21000, 44.
27.22000, 49.
27.23000, 63.
27.24000, 61.
27.25000, 52.
27.26000, 48.
27.27000, 38.
27.28000, 60.
27.29000, 50.
27.30000, 50.
27.31000, 53.
27.32000, 44.
27.33000, 41.
27.34000, 48.
27.35000, 43.
27.36000, 55.
27.37000, 51.
27.38000, 55.
27.39000, 51.
27.40000, 44.
27.41000, 56.
27.42000, 65.
27.43000, 44.
27.44000, 53.
27.45000, 57.
27.46000, 46.
27.47000, 60.
27.48000, 52.
27.49000, 59.
27.50000, 57.
27.51000, 52.
27.52000, 47.
27.53000, 48.
27.54000, 50.
27.55000, 58.
27.56000, 57.
27.57000, 46.
27.58000, 60.
27.59000, 39.
27.60000, 53.
27.61000, 50.
27.62000, 38.
27.63000, 45.
27.64000, 52.
27.65000, 41.
27.66000, 54.
27.67000, 48.
27.68000, 33.
27.69000, 55.
27.70000, 57.
27.71000, 49.
27.72000, 33.
27.73000, 60.
27.74000, 58.
27.75000, 40.
27.76000, 33.
27.77000, 36.
27.78000, 42.
27.79000, 53.
27.80000, 50.
27.81000, 38.
27.82000, 41.
27.83000, 57.
27.84000, 48.
27.85000, 45.
27.86000, 37.
27.87000, 48.
27.88000, 51.
27.89000, 56.
27.90000, 41.
27.91000, 38.
27.92000, 35.
27.93000, 61.
27.94000, 45.
27.95000, 39.
27.96000, 44.
27.97000, 38.
27.98000, 46.
27.99000, 37.
28.00000, 45.
28.01000, 47.
28.02000, 48.
28.03000, 36.
28.04000, 47.
28.05000, 54.
28.06000, 46.
28.07000, 48.
28.08000, 49.
28.09000, 42.
28.10000, 46.
28.11000, 43.
28.12000, 47.
28.13000, 35.
28.14000, 46.
28.15000, 44.
28.16000, 52.
28.17000, 46.
28.18000, 43.
28.19000, 46.
28.20000, 45.
28.21000, 34.
28.22000, 48.
28.23000, 52.
28.24000, 44.
28.25000, 50.
28.26000, 39.
28.27000, 46.
28.28000, 48.
28.29000, 40.
28.30000, 41.
28.31000, 45.
28.32000, 42.
28.33000, 57.
28.34000, 54.
28.35000, 43.
28.36000, 47.
28.37000, 41.
28.38000, 55.
28.39000, 46.
28.40000, 44.
28.41000, 61.
28.42000, 55.
28.43000, 55.
28.44000, 43.
28.45000, 45.
28.46000, 44.
28.47000, 50.
28.48000, 49.
28.49000, 42.
28.50000, 51.
28.51000, 56.
28.52000, 52.
28.53000, 29.
28.54000, 49.
28.55000, 40.
28.56000, 45.
28.57000, 38.
28.58000, 43.
28.59000, 42.
28.60000, 48.
28.61000, 42.
28.62000, 51.
28.63000, 47.
28.64000, 37.
28.65000, 38.
28.66000, 36.
28.67000, 52.
28.68000, 47.
28.69000, 40.
28.70000, 39.
28.71000, 47.
28.72000, 44.
28.73000, 35.
28.74000, 33.
28.75000, 43.
28.76000, 38.
28.77000, 32.
28.78000, 37.
28.79000, 38.
28.80000, 38.
28.81000, 47.
28.82000, 47.
28.83000, 47.
28.84000, 36.
28.85000, 34.
28.86000, 45.
28.87000, 29.
28.88000, 29.
28.89000, 35.
28.90000, 42.
28.91000, 35.
28.92000, 31.
28.93000, 37.
28.94000, 37.
28.95000, 33.
28.96000, 41.
28.97000, 40.
28.98000, 52.
28.99000, 42.
29.00000, 40.
29.01000, 43.
29.02000, 43.
29.03000, 46.
29.04000, 34.
29.05000, 31.
29.06000, 50.
29.07000, 37.
29.08000, 34.
29.09000, 45.
29.10000, 33.
29.11000, 49.
29.12000, 33.
29.13000, 38.
29.14000, 41.
29.15000, 42.
29.16000, 31.
29.17000, 37.
29.18000, 39.
29.19000, 43.
29.20000, 42.
29.21000, 36.
29.22000, 43.
29.23000, 43.
29.24000, 48.
29.25000, 31.
29.26000, 39.
29.27000, 41.
29.28000, 37.
29.29000, 34.
29.30000, 41.
29.31000, 39.
29.32000, 45.
29.33000, 42.
29.34000, 43.
29.35000, 40.
29.36000, 44.
29.37000, 37.
29.38000, 42.
29.39000, 30.
29.40000, 34.
29.41000, 39.
29.42000, 33.
29.43000, 37.
29.44000, 34.
29.45000, 31.
29.46000, 45.
29.47000, 37.
29.48000, 37.
29.49000, 46.
29.50000, 41.
29.51000, 42.
29.52000, 34.
29.53000, 35.
29.54000, 41.
29.55000, 35.
29.56000, 43.
29.57000, 28.
29.58000, 29.
29.59000, 31.
29.60000, 32.
29.61000, 33.
29.62000, 39.
29.63000, 37.
29.64000, 36.
29.65000, 35.
29.66000, 50.
29.67000, 38.
29.68000, 30.
29.69000, 38.
29.70000, 34.
29.71000, 33.
29.72000, 36.
29.73000, 39.
29.74000, 35.
29.75000, 32.
29.76000, 36.
29.77000, 28.
29.78000, 40.
29.79000, 42.
29.80000, 39.
29.81000, 32.
29.82000, 27.
29.83000, 37.
29.84000, 28.
29.85000, 38.
29.86000, 51.
29.87000, 46.
29.88000, 49.
29.89000, 30.
29.90000, 36.
29.91000, 35.
29.92000, 38.
29.93000, 43.
29.94000, 31.
29.95000, 36.
29.96000, 35.
29.97000, 26.
29.98000, 27.
29.99000, 32.
30.00000, 40.
30.01000, 32.
30.02000, 35.
30.03000, 33.
30.04000, 32.
30.05000, 32.
30.06000, 39.
30.07000, 38.
30.08000, 32.
30.09000, 28.
30.10000, 33.
30.11000, 35.
30.12000, 25.
30.13000, 33.
30.14000, 38.
30.15000, 24.
30.16000, 33.
30.17000, 37.
30.18000, 39.
30.19000, 28.
30.20000, 39.
30.21000, 31.
30.22000, 41.
30.23000, 52.
30.24000, 47.
30.25000, 49.
30.26000, 40.
30.27000, 33.
30.28000, 37.
30.29000, 30.
30.30000, 24.
30.31000, 34.
30.32000, 35.
30.33000, 35.
30.34000, 29.
30.35000, 47.
30.36000, 35.
30.37000, 36.
30.38000, 22.
30.39000, 33.
30.40000, 36.
30.41000, 34.
30.42000, 28.
30.43000, 34.
30.44000, 26.
30.45000, 32.
30.46000, 31.
30.47000, 30.
30.48000, 35.
30.49000, 32.
30.50000, 36.
30.51000, 35.
30.52000, 33.
30.53000, 37.
30.54000, 32.
30.55000, 43.
30.56000, 24.
30.57000, 30.
30.58000, 25.
30.59000, 38.
30.60000, 27.
30.61000, 33.
30.62000, 32.
30.63000, 41.
30.64000, 31.
30.65000, 42.
30.66000, 35.
30.67000, 26.
30.68000, 22.
30.69000, 44.
30.70000, 22.
30.71000, 32.
30.72000, 33.
30.73000, 34.
30.74000, 37.
30.75000, 37.
30.76000, 29.
30.77000, 34.
30.78000, 33.
30.79000, 32.
30.80000, 26.
30.81000, 30.
30.82000, 28.
30.83000, 37.
30.84000, 27.
30.85000, 26.
30.86000, 33.
30.87000, 27.
30.88000, 32.
30.89000, 36.
30.90000, 32.
30.91000, 31.
30.92000, 33.
30.93000, 42.
30.94000, 33.
30.95000, 33.
30.96000, 39.
30.97000, 30.
30.98000, 29.
30.99000, 27.
31.00000, 24.
31.01000, 33.
31.02000, 34.
31.03000, 42.
31.04000, 35.
31.05000, 30.
31.06000, 30.
31.07000, 44.
31.08000, 27.
31.09000, 32.
31.10000, 30.
31.11000, 30.
31.12000, 32.
31.13000, 26.
31.14000, 34.
31.15000, 34.
31.16000, 20.
31.17000, 28.
31.18000, 30.
31.19000, 36.
31.20000, 27.
31.21000, 26.
31.22000, 31.
31.23000, 22.
31.24000, 24.
31.25000, 30.
31.26000, 30.
31.27000, 33.
31.28000, 32.
31.29000, 34.
31.30000, 23.
31.31000, 22.
31.32000, 34.
31.33000, 31.
31.34000, 29.
31.35000, 26.
31.36000, 33.
31.37000, 34.
31.38000, 29.
31.39000, 31.
31.40000, 25.
31.41000, 22.
31.42000, 22.
31.43000, 25.
31.44000, 22.
31.45000, 26.
31.46000, 19.
31.47000, 27.
31.48000, 35.
31.49000, 34.
31.50000, 21.
31.51000, 31.
31.52000, 29.
31.53000, 34.
31.54000, 32.
31.55000, 41.
31.56000, 22.
31.57000, 24.
31.58000, 30.
31.59000, 40.
31.60000, 25.
31.61000, 23.
31.62000, 28.
31.63000, 27.
31.64000, 40.
31.65000, 36.
31.66000, 33.
31.67000, 38.
31.68000, 34.
31.69000, 29.
31.70000, 46.
31.71000, 36.
31.72000, 30.
31.73000, 42.
31.74000, 23.
31.75000, 32.
31.76000, 28.
31.77000, 35.
31.78000, 30.
31.79000, 40.
31.80000, 31.
31.81000, 39.
31.82000, 36.
31.83000, 36.
31.84000, 29.
31.85000, 26.
31.86000, 31.
31.87000, 32.
31.88000, 36.
31.89000, 42.
31.90000, 37.
31.91000, 34.
31.92000, 38.
31.93000, 39.
31.94000, 23.
31.95000, 24.
31.96000, 40.
31.97000, 44.
31.98000, 20.
31.99000, 26.
32.00000, 41.
32.01000, 39.
32.02000, 22.
32.03000, 23.
32.04000, 39.
32.05000, 40.
32.06000, 35.
32.07000, 30.
32.08000, 22.
32.09000, 40.
32.10000, 31.
32.11000, 42.
32.12000, 39.
32.13000, 41.
32.14000, 35.
32.15000, 37.
32.16000, 30.
32.17000, 42.
32.18000, 37.
32.19000, 58.
32.20000, 27.
32.21000, 26.
32.22000, 41.
32.23000, 40.
32.24000, 28.
32.25000, 39.
32.26000, 24.
32.27000, 35.
32.28000, 26.
32.29000, 32.
32.30000, 38.
32.31000, 37.
32.32000, 30.
32.33000, 30.
32.34000, 29.
32.35000, 33.
32.36000, 27.
32.37000, 22.
32.38000, 36.
32.39000, 15.
32.40000, 20.
32.41000, 21.
32.42000, 33.
32.43000, 28.
32.44000, 24.
32.45000, 31.
32.46000, 26.
32.47000, 19.
32.48000, 23.
32.49000, 29.
32.50000, 34.
32.51000, 24.
32.52000, 23.
32.53000, 24.
32.54000, 24.
32.55000, 29.
32.56000, 23.
32.57000, 25.
32.58000, 22.
32.59000, 19.
32.60000, 25.
32.61000, 20.
32.62000, 29.
32.63000, 29.
32.64000, 24.
32.65000, 21.
32.66000, 26.
32.67000, 22.
32.68000, 23.
32.69000, 29.
32.70000, 30.
32.71000, 24.
32.72000, 27.
32.73000, 21.
32.74000, 22.
32.75000, 27.
32.76000, 16.
32.77000, 26.
32.78000, 22.
32.79000, 25.
32.80000, 12.
32.81000, 27.
32.82000, 23.
32.83000, 27.
32.84000, 16.
32.85000, 27.
32.86000, 24.
32.87000, 28.
32.88000, 27.
32.89000, 22.
32.90000, 26.
32.91000, 22.
32.92000, 27.
32.93000, 30.
32.94000, 30.
32.95000, 28.
32.96000, 21.
32.97000, 22.
32.98000, 30.
32.99000, 17.
33.00000, 18.
33.01000, 28.
33.02000, 26.
33.03000, 25.
33.04000, 23.
33.05000, 18.
33.06000, 22.
33.07000, 22.
33.08000, 25.
33.09000, 19.
33.10000, 20.
33.11000, 23.
33.12000, 25.
33.13000, 23.
33.14000, 17.
33.15000, 22.
33.16000, 22.
33.17000, 28.
33.18000, 21.
33.19000, 22.
33.20000, 25.
33.21000, 31.
33.22000, 20.
33.23000, 21.
33.24000, 19.
33.25000, 23.
33.26000, 17.
33.27000, 26.
33.28000, 18.
33.29000, 26.
33.30000, 21.
33.31000, 20.
33.32000, 13.
33.33000, 17.
33.34000, 27.
33.35000, 25.
33.36000, 25.
33.37000, 25.
33.38000, 18.
33.39000, 24.
33.40000, 26.
33.41000, 19.
33.42000, 22.
33.43000, 19.
33.44000, 23.
33.45000, 16.
33.46000, 19.
33.47000, 19.
33.48000, 12.
33.49000, 23.
33.50000, 21.
33.51000, 17.
33.52000, 24.
33.53000, 20.
33.54000, 25.
33.55000, 20.
33.56000, 18.
33.57000, 25.
33.58000, 23.
33.59000, 23.
33.60000, 24.
33.61000, 25.
33.62000, 21.
33.63000, 19.
33.64000, 21.
33.65000, 24.
33.66000, 22.
33.67000, 14.
33.68000, 20.
33.69000, 19.
33.70000, 21.
33.71000, 15.
33.72000, 18.
33.73000, 16.
33.74000, 21.
33.75000, 18.
33.76000, 17.
33.77000, 20.
33.78000, 18.
33.79000, 26.
33.80000, 21.
33.81000, 23.
33.82000, 25.
33.83000, 19.
33.84000, 22.
33.85000, 24.
33.86000, 20.
33.87000, 13.
33.88000, 17.
33.89000, 22.
33.90000, 18.
33.91000, 18.
33.92000, 24.
33.93000, 25.
33.94000, 24.
33.95000, 16.
33.96000, 18.
33.97000, 19.
33.98000, 25.
33.99000, 17.
34.00000, 29.
34.01000, 26.
34.02000, 25.
34.03000, 25.
34.04000, 19.
34.05000, 17.
34.06000, 11.
34.07000, 27.
34.08000, 22.
34.09000, 18.
34.10000, 12.
34.11000, 25.
34.12000, 24.
34.13000, 25.
34.14000, 15.
34.15000, 27.
34.16000, 22.
34.17000, 17.
34.18000, 27.
34.19000, 20.
34.20000, 21.
34.21000, 21.
34.22000, 19.
34.23000, 21.
34.24000, 31.
34.25000, 15.
34.26000, 24.
34.27000, 24.
34.28000, 17.
34.29000, 15.
34.30000, 15.
34.31000, 21.
34.32000, 22.
34.33000, 22.
34.34000, 18.
34.35000, 21.
34.36000, 22.
34.37000, 22.
34.38000, 14.
34.39000, 12.
34.40000, 16.
34.41000, 19.
34.42000, 21.
34.43000, 15.
34.44000, 11.
34.45000, 14.
34.46000, 11.
34.47000, 19.
34.48000, 28.
34.49000, 14.
34.50000, 8.
34.51000, 22.
34.52000, 28.
34.53000, 20.
34.54000, 19.
34.55000, 16.
34.56000, 10.
34.57000, 19.
34.58000, 15.
34.59000, 19.
34.60000, 16.
34.61000, 16.
34.62000, 14.
34.63000, 20.
34.64000, 19.
34.65000, 17.
34.66000, 15.
34.67000, 13.
34.68000, 12.
34.69000, 17.
34.70000, 18.
34.71000, 15.
34.72000, 15.
34.73000, 11.
34.74000, 18.
34.75000, 20.
34.76000, 15.
34.77000, 27.
34.78000, 14.
34.79000, 19.
34.80000, 17.
34.81000, 18.
34.82000, 12.
34.83000, 9.
34.84000, 21.
34.85000, 12.
34.86000, 10.
34.87000, 14.
34.88000, 14.
34.89000, 19.
34.90000, 14.
34.91000, 23.
34.92000, 17.
34.93000, 20.
34.94000, 16.
34.95000, 18.
34.96000, 20.
34.97000, 26.
34.98000, 14.
34.99000, 23.
35.00000, 14.
35.01000, 20.
35.02000, 20.
35.03000, 21.
35.04000, 25.
35.05000, 16.
35.06000, 13.
35.07000, 17.
35.08000, 18.
35.09000, 12.
35.10000, 18.
35.11000, 15.
35.12000, 15.
35.13000, 16.
35.14000, 5.
35.15000, 20.
35.16000, 13.
35.17000, 14.
35.18000, 19.
35.19000, 22.
35.20000, 9.
35.21000, 20.
35.22000, 7.
35.23000, 19.
35.24000, 18.
35.25000, 13.
35.26000, 15.
35.27000, 15.
35.28000, 14.
35.29000, 20.
35.30000, 18.
35.31000, 19.
35.32000, 20.
35.33000, 19.
35.34000, 21.
35.35000, 13.
35.36000, 13.
35.37000, 16.
35.38000, 17.
35.39000, 25.
35.40000, 20.
35.41000, 17.
35.42000, 13.
35.43000, 10.
35.44000, 20.
35.45000, 13.
35.46000, 17.
35.47000, 10.
35.48000, 12.
35.49000, 20.
35.50000, 15.
35.51000, 13.
35.52000, 13.
35.53000, 17.
35.54000, 12.
35.55000, 19.
35.56000, 18.
35.57000, 17.
35.58000, 17.
35.59000, 8.
35.60000, 15.
35.61000, 20.
35.62000, 17.
35.63000, 14.
35.64000, 16.
35.65000, 19.
35.66000, 14.
35.67000, 14.
35.68000, 15.
35.69000, 21.
35.70000, 16.
35.71000, 16.
35.72000, 18.
35.73000, 18.
35.74000, 17.
35.75000, 7.
35.76000, 11.
35.77000, 14.
35.78000, 11.
35.79000, 21.
35.80000, 11.
35.81000, 14.
35.82000, 21.
35.83000, 16.
35.84000, 10.
35.85000, 13.
35.86000, 19.
35.87000, 12.
35.88000, 20.
35.89000, 9.
35.90000, 26.
35.91000, 15.
35.92000, 16.
35.93000, 10.
35.94000, 17.
35.95000, 15.
35.96000, 8.
35.97000, 21.
35.98000, 17.
35.99000, 9.
36.00000, 10.
36.01000, 18.
36.02000, 17.
36.03000, 14.
36.04000, 22.
36.05000, 9.
36.06000, 16.
36.07000, 8.
36.08000, 7.
36.09000, 21.
36.10000, 14.
36.11000, 17.
36.12000, 11.
36.13000, 16.
36.14000, 14.
36.15000, 12.
36.16000, 12.
36.17000, 16.
36.18000, 12.
36.19000, 15.
36.20000, 16.
36.21000, 15.
36.22000, 9.
36.23000, 13.
36.24000, 20.
36.25000, 13.
36.26000, 22.
36.27000, 14.
36.28000, 13.
36.29000, 13.
36.30000, 16.
36.31000, 10.
36.32000, 13.
36.33000, 5.
36.34000, 11.
36.35000, 16.
36.36000, 18.
36.37000, 13.
36.38000, 17.
36.39000, 11.
36.40000, 12.
36.41000, 9.
36.42000, 15.
36.43000, 8.
36.44000, 13.
36.45000, 18.
36.46000, 11.
36.47000, 9.
36.48000, 19.
36.49000, 16.
36.50000, 16.
36.51000, 14.
36.52000, 10.
36.53000, 17.
36.54000, 16.
36.55000, 16.
36.56000, 11.
36.57000, 12.
36.58000, 7.
36.59000, 17.
36.60000, 13.
36.61000, 12.
36.62000, 12.
36.63000, 17.
36.64000, 7.
36.65000, 12.
36.66000, 10.
36.67000, 15.
36.68000, 12.
36.69000, 12.
36.70000, 11.
36.71000, 14.
36.72000, 17.
36.73000, 15.
36.74000, 11.
36.75000, 13.
36.76000, 11.
36.77000, 14.
36.78000, 18.
36.79000, 13.
36.80000, 13.
36.81000, 12.
36.82000, 8.
36.83000, 8.
36.84000, 18.
36.85000, 13.
36.86000, 10.
36.87000, 11.
36.88000, 19.
36.89000, 15.
36.90000, 14.
36.91000, 12.
36.92000, 11.
36.93000, 8.
36.94000, 4.
36.95000, 15.
36.96000, 14.
36.97000, 11.
36.98000, 13.
36.99000, 14.
37.00000, 10.
37.01000, 5.
37.02000, 11.
37.03000, 8.
37.04000, 14.
37.05000, 8.
37.06000, 12.
37.07000, 12.
37.08000, 12.
37.09000, 7.
37.10000, 16.
37.11000, 7.
37.12000, 19.
37.13000, 11.
37.14000, 13.
37.15000, 8.
37.16000, 13.
37.17000, 17.
37.18000, 7.
37.19000, 19.
37.20000, 10.
37.21000, 13.
37.22000, 9.
37.23000, 12.
37.24000, 7.
37.25000, 6.
37.26000, 10.
37.27000, 12.
37.28000, 9.
37.29000, 7.
37.30000, 10.
37.31000, 14.
37.32000, 9.
37.33000, 15.
37.34000, 12.
37.35000, 11.
37.36000, 5.
37.37000, 12.
37.38000, 12.
37.39000, 17.
37.40000, 11.
37.41000, 11.
37.42000, 11.
37.43000, 13.
37.44000, 7.
37.45000, 8.
37.46000, 8.
37.47000, 14.
37.48000, 7.
37.49000, 13.
37.50000, 13.
37.51000, 10.
37.52000, 12.
37.53000, 18.
37.54000, 9.
37.55000, 11.
37.56000, 15.
37.57000, 6.
37.58000, 8.
37.59000, 7.
37.60000, 7.
37.61000, 15.
37.62000, 11.
37.63000, 11.
37.64000, 15.
37.65000, 12.
37.66000, 13.
37.67000, 9.
37.68000, 16.
37.69000, 12.
37.70000, 9.
37.71000, 8.
37.72000, 11.
37.73000, 12.
37.74000, 11.
37.75000, 10.
37.76000, 10.
37.77000, 10.
37.78000, 11.
37.79000, 8.
37.80000, 5.
37.81000, 9.
37.82000, 12.
37.83000, 6.
37.84000, 5.
37.85000, 12.
37.86000, 11.
37.87000, 13.
37.88000, 7.
37.89000, 10.
37.90000, 10.
37.91000, 9.
37.92000, 18.
37.93000, 6.
37.94000, 11.
37.95000, 13.
37.96000, 6.
37.97000, 7.
37.98000, 4.
37.99000, 10.
38.00000, 8.
38.01000, 12.
38.02000, 8.
38.03000, 9.
38.04000, 12.
38.05000, 10.
38.06000, 5.
38.07000, 10.
38.08000, 9.
38.09000, 10.
38.10000, 11.
38.11000, 13.
38.12000, 8.
38.13000, 9.
38.14000, 9.
38.15000, 6.
38.16000, 12.
38.17000, 3.
38.18000, 9.
38.19000, 8.
38.20000, 9.
38.21000, 11.
38.22000, 15.
38.23000, 9.
38.24000, 10.
38.25000, 12.
38.26000, 5.
38.27000, 8.
38.28000, 9.
38.29000, 7.
38.30000, 5.
38.31000, 8.
38.32000, 7.
38.33000, 10.
38.34000, 11.
38.35000, 13.
38.36000, 6.
38.37000, 9.
38.38000, 9.
38.39000, 5.
38.40000, 3.
38.41000, 14.
38.42000, 9.
38.43000, 11.
38.44000, 10.
38.45000, 7.
38.46000, 10.
38.47000, 10.
38.48000, 11.
38.49000, 10.
38.50000, 8.
38.51000, 7.
38.52000, 11.
38.53000, 7.
38.54000, 5.
38.55000, 1.
38.56000, 13.
38.57000, 5.
38.58000, 9.
38.59000, 9.
38.60000, 16.
38.61000, 4.
38.62000, 6.
38.63000, 12.
38.64000, 11.
38.65000, 8.
38.66000, 9.
38.67000, 7.
38.68000, 5.
38.69000, 10.
38.70000, 6.
38.71000, 6.
38.72000, 12.
38.73000, 8.
38.74000, 12.
38.75000, 3.
38.76000, 5.
38.77000, 13.
38.78000, 10.
38.79000, 8.
38.80000, 5.
38.81000, 11.
38.82000, 10.
38.83000, 5.
38.84000, 6.
38.85000, 13.
38.86000, 8.
38.87000, 8.
38.88000, 6.
38.89000, 9.
38.90000, 11.
38.91000, 4.
38.92000, 9.
38.93000, 7.
38.94000, 5.
38.95000, 4.
38.96000, 6.
38.97000, 10.
38.98000, 2.
38.99000, 9.
39.00000, 6.
39.01000, 6.
39.02000, 8.
39.03000, 4.
39.04000, 7.
39.05000, 6.
39.06000, 8.
39.07000, 6.
39.08000, 5.
39.09000, 8.
39.10000, 8.
39.11000, 4.
39.12000, 8.
39.13000, 2.
39.14000, 9.
39.15000, 8.
39.16000, 11.
39.17000, 10.
39.18000, 4.
39.19000, 5.
39.20000, 8.
39.21000, 7.
39.22000, 5.
39.23000, 7.
39.24000, 6.
39.25000, 9.
39.26000, 7.
39.27000, 7.
39.28000, 9.
39.29000, 8.
39.30000, 14.
39.31000, 7.
39.32000, 5.
39.33000, 7.
39.34000, 8.
39.35000, 10.
39.36000, 10.
39.37000, 7.
39.38000, 8.
39.39000, 5.
39.40000, 6.
39.41000, 5.
39.42000, 4.
39.43000, 5.
39.44000, 9.
39.45000, 9.
39.46000, 2.
39.47000, 6.
39.48000, 7.
39.49000, 7.
39.50000, 9.
39.51000, 7.
39.52000, 8.
39.53000, 4.
39.54000, 7.
39.55000, 9.
39.56000, 8.
39.57000, 5.
39.58000, 8.
39.59000, 6.
39.60000, 5.
39.61000, 6.
39.62000, 9.
39.63000, 9.
39.64000, 4.
39.65000, 2.
39.66000, 1.
39.67000, 6.
39.68000, 9.
39.69000, 4.
39.70000, 5.
39.71000, 4.
39.72000, 5.
39.73000, 5.
39.74000, 11.
39.75000, 8.
39.76000, 5.
39.77000, 5.
39.78000, 5.
39.79000, 10.
39.80000, 6.
39.81000, 5.
39.82000, 2.
39.83000, 6.
39.84000, 5.
39.85000, 9.
39.86000, 4.
39.87000, 4.
39.88000, 5.
39.89000, 3.
39.90000, 6.
39.91000, 6.
39.92000, 5.
39.93000, 4.
39.94000, 6.
39.95000, 6.
39.96000, 6.
39.97000, 3.
39.98000, 6.
39.99000, 9.
40.00000, 8.
40.01000, 8.
40.02000, 2.
40.03000, 1.
40.04000, 2.
40.05000, 8.
40.06000, 5.
40.07000, 1.
40.08000, 3.
40.09000, 5.
40.10000, 6.
40.11000, 2.
40.12000, 1.
40.13000, 4.
40.14000, 3.
40.15000, 7.
40.16000, 3.
40.17000, 4.
40.18000, 6.
40.19000, 4.
40.20000, 6.
40.21000, 5.
40.22000, 5.
40.23000, 2.
40.24000, 7.
40.25000, 8.
40.26000, 6.
40.27000, 5.
40.28000, 4.
40.29000, 1.
40.30000, 6.
40.31000, 8.
40.32000, 5.
40.33000, 11.
40.34000, 8.
40.35000, 2.
40.36000, 3.
40.37000, 4.
40.38000, 6.
40.39000, 7.
40.40000, 1.
40.41000, 3.
40.42000, 4.
40.43000, 3.
40.44000, 3.
40.45000, 3.
40.46000, 5.
40.47000, 4.
40.48000, 2.
40.49000, 4.
40.50000, 5.
40.51000, 7.
40.52000, 4.
40.53000, 6.
40.54000, 10.
40.55000, 0.
#ENDOFDATA   : 
