#FORMAT      : EMSA/MAS Spectral Data File
#VERSION     : 1.0
#TITLE       : Spectrum 16
#DATE        : 21-AUG-2025
#TIME        : 15:20
#OWNER       : XGT7200
#NPOINTS     : 4096.
#NCOLUMNS    : 1.
#XUNITS      : keV
#YUNITS      : counts
#DATATYPE    : XY
#XPERCHAN    : 0.0100000
#OFFSET      : -0.400000
#SIGNALTYPE  : EDS
#CHOFFSET    : 40.0000
#LIVETIME    : 30.000000
#REALTIME    : 39.602377
#BEAMKV      : 50.0000
#PROBECUR    : 697000.
#MAGCAM      : 100.000
#XTILTSTGE   : 0.0
#AZIMANGLE   : 0.0
#ELEVANGLE   : 45.0
#XPOSITION mm: 0.0000
#YPOSITION mm: 0.0000
#ZPOSITION mm: 0.0000
##OXINSTPT   : 4
##OXINSTSTROB: 72.08
#SPECTRUM    : Spectral Data Starts Here
-0.40000, 0.
-0.39000, 0.
-0.38000, 0.
-0.37000, 0.
-0.36000, 0.
-0.35000, 0.
-0.34000, 0.
-0.33000, 0.
-0.32000, 0.
-0.31000, 0.
-0.30000, 0.
-0.29000, 0.
-0.28000, 0.
-0.27000, 0.
-0.26000, 0.
-0.25000, 0.
-0.24000, 0.
-0.23000, 0.
-0.22000, 0.
-0.21000, 0.
-0.20000, 0.
-0.19000, 0.
-0.18000, 0.
-0.17000, 0.
-0.16000, 0.
-0.15000, 0.
-0.14000, 0.
-0.13000, 0.
-0.12000, 0.
-0.11000, 0.
-0.10000, 0.
-0.09000, 0.
-0.08000, 0.
-0.07000, 0.
-0.06000, 0.
-0.05000, 0.
-0.04000, 0.
-0.03000, 0.
-0.02000, 0.
-0.01000, 0.
0.00000, 0.
0.01000, 0.
0.02000, 0.
0.03000, 0.
0.04000, 0.
0.05000, 0.
0.06000, 0.
0.07000, 0.
0.08000, 0.
0.09000, 0.
0.10000, 0.
0.11000, 0.
0.12000, 0.
0.13000, 0.
0.14000, 0.
0.15000, 0.
0.16000, 0.
0.17000, 0.
0.18000, 0.
0.19000, 0.
0.20000, 0.
0.21000, 0.
0.22000, 0.
0.23000, 0.
0.24000, 0.
0.25000, 0.
0.26000, 0.
0.27000, 0.
0.28000, 0.
0.29000, 0.
0.30000, 0.
0.31000, 0.
0.32000, 0.
0.33000, 0.
0.34000, 2.
0.35000, 3.
0.36000, 6.
0.37000, 8.
0.38000, 12.
0.39000, 19.
0.40000, 17.
0.41000, 32.
0.42000, 48.
0.43000, 35.
0.44000, 43.
0.45000, 41.
0.46000, 47.
0.47000, 40.
0.48000, 52.
0.49000, 46.
0.50000, 47.
0.51000, 37.
0.52000, 46.
0.53000, 51.
0.54000, 43.
0.55000, 58.
0.56000, 43.
0.57000, 48.
0.58000, 75.
0.59000, 53.
0.60000, 43.
0.61000, 44.
0.62000, 40.
0.63000, 34.
0.64000, 34.
0.65000, 45.
0.66000, 45.
0.67000, 48.
0.68000, 47.
0.69000, 42.
0.70000, 46.
0.71000, 43.
0.72000, 55.
0.73000, 31.
0.74000, 34.
0.75000, 33.
0.76000, 33.
0.77000, 40.
0.78000, 34.
0.79000, 44.
0.80000, 41.
0.81000, 39.
0.82000, 43.
0.83000, 65.
0.84000, 51.
0.85000, 55.
0.86000, 64.
0.87000, 55.
0.88000, 56.
0.89000, 63.
0.90000, 60.
0.91000, 62.
0.92000, 51.
0.93000, 49.
0.94000, 57.
0.95000, 48.
0.96000, 43.
0.97000, 58.
0.98000, 55.
0.99000, 53.
1.00000, 61.
1.01000, 59.
1.02000, 64.
1.03000, 66.
1.04000, 61.
1.05000, 66.
1.06000, 56.
1.07000, 67.
1.08000, 68.
1.09000, 46.
1.10000, 53.
1.11000, 57.
1.12000, 44.
1.13000, 45.
1.14000, 50.
1.15000, 45.
1.16000, 35.
1.17000, 48.
1.18000, 41.
1.19000, 43.
1.20000, 55.
1.21000, 51.
1.22000, 63.
1.23000, 77.
1.24000, 93.
1.25000, 90.
1.26000, 85.
1.27000, 97.
1.28000, 76.
1.29000, 62.
1.30000, 75.
1.31000, 56.
1.32000, 52.
1.33000, 53.
1.34000, 44.
1.35000, 50.
1.36000, 44.
1.37000, 51.
1.38000, 58.
1.39000, 56.
1.40000, 85.
1.41000, 138.
1.42000, 180.
1.43000, 241.
1.44000, 329.
1.45000, 417.
1.46000, 537.
1.47000, 625.
1.48000, 649.
1.49000, 706.
1.50000, 699.
1.51000, 638.
1.52000, 587.
1.53000, 471.
1.54000, 383.
1.55000, 329.
1.56000, 229.
1.57000, 172.
1.58000, 142.
1.59000, 92.
1.60000, 107.
1.61000, 128.
1.62000, 131.
1.63000, 199.
1.64000, 325.
1.65000, 477.
1.66000, 812.
1.67000, 1229.
1.68000, 1861.
1.69000, 2658.
1.70000, 3461.
1.71000, 4179.
1.72000, 5167.
1.73000, 5624.
1.74000, 6292.
1.75000, 6224.
1.76000, 5907.
1.77000, 5361.
1.78000, 4503.
1.79000, 3589.
1.80000, 2921.
1.81000, 2189.
1.82000, 1567.
1.83000, 1117.
1.84000, 779.
1.85000, 551.
1.86000, 443.
1.87000, 302.
1.88000, 194.
1.89000, 169.
1.90000, 144.
1.91000, 91.
1.92000, 91.
1.93000, 74.
1.94000, 57.
1.95000, 52.
1.96000, 65.
1.97000, 73.
1.98000, 64.
1.99000, 67.
2.00000, 71.
2.01000, 69.
2.02000, 83.
2.03000, 59.
2.04000, 70.
2.05000, 58.
2.06000, 62.
2.07000, 43.
2.08000, 42.
2.09000, 30.
2.10000, 48.
2.11000, 36.
2.12000, 36.
2.13000, 39.
2.14000, 50.
2.15000, 30.
2.16000, 43.
2.17000, 40.
2.18000, 58.
2.19000, 58.
2.20000, 85.
2.21000, 100.
2.22000, 126.
2.23000, 192.
2.24000, 289.
2.25000, 348.
2.26000, 459.
2.27000, 566.
2.28000, 618.
2.29000, 727.
2.30000, 750.
2.31000, 797.
2.32000, 756.
2.33000, 743.
2.34000, 639.
2.35000, 550.
2.36000, 439.
2.37000, 352.
2.38000, 297.
2.39000, 210.
2.40000, 166.
2.41000, 148.
2.42000, 93.
2.43000, 102.
2.44000, 111.
2.45000, 98.
2.46000, 110.
2.47000, 111.
2.48000, 125.
2.49000, 112.
2.50000, 135.
2.51000, 164.
2.52000, 188.
2.53000, 260.
2.54000, 359.
2.55000, 440.
2.56000, 609.
2.57000, 819.
2.58000, 1055.
2.59000, 1220.
2.60000, 1446.
2.61000, 1578.
2.62000, 1606.
2.63000, 1642.
2.64000, 1799.
2.65000, 1713.
2.66000, 1579.
2.67000, 1462.
2.68000, 1310.
2.69000, 1130.
2.70000, 1078.
2.71000, 885.
2.72000, 759.
2.73000, 641.
2.74000, 504.
2.75000, 463.
2.76000, 426.
2.77000, 395.
2.78000, 404.
2.79000, 376.
2.80000, 389.
2.81000, 394.
2.82000, 419.
2.83000, 396.
2.84000, 393.
2.85000, 368.
2.86000, 344.
2.87000, 310.
2.88000, 280.
2.89000, 219.
2.90000, 179.
2.91000, 161.
2.92000, 138.
2.93000, 120.
2.94000, 78.
2.95000, 80.
2.96000, 79.
2.97000, 99.
2.98000, 86.
2.99000, 53.
3.00000, 68.
3.01000, 56.
3.02000, 54.
3.03000, 51.
3.04000, 50.
3.05000, 43.
3.06000, 49.
3.07000, 48.
3.08000, 41.
3.09000, 34.
3.10000, 30.
3.11000, 33.
3.12000, 37.
3.13000, 25.
3.14000, 30.
3.15000, 30.
3.16000, 25.
3.17000, 37.
3.18000, 38.
3.19000, 63.
3.20000, 58.
3.21000, 75.
3.22000, 104.
3.23000, 119.
3.24000, 208.
3.25000, 218.
3.26000, 286.
3.27000, 361.
3.28000, 395.
3.29000, 459.
3.30000, 533.
3.31000, 583.
3.32000, 533.
3.33000, 559.
3.34000, 524.
3.35000, 457.
3.36000, 424.
3.37000, 300.
3.38000, 271.
3.39000, 217.
3.40000, 165.
3.41000, 129.
3.42000, 98.
3.43000, 77.
3.44000, 61.
3.45000, 48.
3.46000, 37.
3.47000, 35.
3.48000, 47.
3.49000, 52.
3.50000, 50.
3.51000, 64.
3.52000, 61.
3.53000, 73.
3.54000, 96.
3.55000, 116.
3.56000, 124.
3.57000, 172.
3.58000, 211.
3.59000, 261.
3.60000, 340.
3.61000, 411.
3.62000, 514.
3.63000, 612.
3.64000, 782.
3.65000, 854.
3.66000, 1013.
3.67000, 1110.
3.68000, 1175.
3.69000, 1250.
3.70000, 1269.
3.71000, 1166.
3.72000, 1093.
3.73000, 1014.
3.74000, 888.
3.75000, 714.
3.76000, 555.
3.77000, 456.
3.78000, 330.
3.79000, 235.
3.80000, 153.
3.81000, 98.
3.82000, 74.
3.83000, 66.
3.84000, 51.
3.85000, 43.
3.86000, 36.
3.87000, 29.
3.88000, 45.
3.89000, 31.
3.90000, 58.
3.91000, 75.
3.92000, 64.
3.93000, 76.
3.94000, 100.
3.95000, 99.
3.96000, 110.
3.97000, 163.
3.98000, 175.
3.99000, 185.
4.00000, 218.
4.01000, 210.
4.02000, 203.
4.03000, 193.
4.04000, 184.
4.05000, 192.
4.06000, 162.
4.07000, 134.
4.08000, 136.
4.09000, 87.
4.10000, 83.
4.11000, 81.
4.12000, 64.
4.13000, 42.
4.14000, 47.
4.15000, 41.
4.16000, 34.
4.17000, 33.
4.18000, 28.
4.19000, 26.
4.20000, 20.
4.21000, 29.
4.22000, 28.
4.23000, 30.
4.24000, 36.
4.25000, 21.
4.26000, 27.
4.27000, 35.
4.28000, 39.
4.29000, 33.
4.30000, 28.
4.31000, 38.
4.32000, 34.
4.33000, 30.
4.34000, 33.
4.35000, 47.
4.36000, 57.
4.37000, 48.
4.38000, 75.
4.39000, 101.
4.40000, 112.
4.41000, 153.
4.42000, 175.
4.43000, 232.
4.44000, 236.
4.45000, 315.
4.46000, 412.
4.47000, 442.
4.48000, 488.
4.49000, 506.
4.50000, 594.
4.51000, 545.
4.52000, 536.
4.53000, 551.
4.54000, 465.
4.55000, 411.
4.56000, 383.
4.57000, 359.
4.58000, 268.
4.59000, 228.
4.60000, 188.
4.61000, 191.
4.62000, 120.
4.63000, 138.
4.64000, 115.
4.65000, 104.
4.66000, 114.
4.67000, 87.
4.68000, 89.
4.69000, 86.
4.70000, 85.
4.71000, 64.
4.72000, 72.
4.73000, 73.
4.74000, 62.
4.75000, 71.
4.76000, 71.
4.77000, 73.
4.78000, 59.
4.79000, 60.
4.80000, 67.
4.81000, 72.
4.82000, 84.
4.83000, 78.
4.84000, 89.
4.85000, 108.
4.86000, 104.
4.87000, 101.
4.88000, 116.
4.89000, 111.
4.90000, 133.
4.91000, 127.
4.92000, 136.
4.93000, 165.
4.94000, 145.
4.95000, 131.
4.96000, 135.
4.97000, 133.
4.98000, 135.
4.99000, 97.
5.00000, 86.
5.01000, 90.
5.02000, 74.
5.03000, 75.
5.04000, 61.
5.05000, 56.
5.06000, 65.
5.07000, 61.
5.08000, 51.
5.09000, 61.
5.10000, 44.
5.11000, 60.
5.12000, 49.
5.13000, 52.
5.14000, 56.
5.15000, 60.
5.16000, 58.
5.17000, 65.
5.18000, 58.
5.19000, 61.
5.20000, 44.
5.21000, 64.
5.22000, 64.
5.23000, 51.
5.24000, 64.
5.25000, 65.
5.26000, 58.
5.27000, 65.
5.28000, 62.
5.29000, 70.
5.30000, 54.
5.31000, 54.
5.32000, 73.
5.33000, 73.
5.34000, 87.
5.35000, 63.
5.36000, 62.
5.37000, 67.
5.38000, 82.
5.39000, 101.
5.40000, 77.
5.41000, 79.
5.42000, 73.
5.43000, 65.
5.44000, 94.
5.45000, 85.
5.46000, 79.
5.47000, 84.
5.48000, 68.
5.49000, 81.
5.50000, 66.
5.51000, 83.
5.52000, 62.
5.53000, 51.
5.54000, 75.
5.55000, 50.
5.56000, 59.
5.57000, 51.
5.58000, 53.
5.59000, 52.
5.60000, 46.
5.61000, 55.
5.62000, 45.
5.63000, 58.
5.64000, 66.
5.65000, 57.
5.66000, 60.
5.67000, 53.
5.68000, 65.
5.69000, 64.
5.70000, 54.
5.71000, 63.
5.72000, 52.
5.73000, 46.
5.74000, 74.
5.75000, 56.
5.76000, 69.
5.77000, 65.
5.78000, 66.
5.79000, 65.
5.80000, 82.
5.81000, 85.
5.82000, 111.
5.83000, 113.
5.84000, 118.
5.85000, 145.
5.86000, 140.
5.87000, 139.
5.88000, 186.
5.89000, 148.
5.90000, 165.
5.91000, 160.
5.92000, 171.
5.93000, 143.
5.94000, 151.
5.95000, 130.
5.96000, 120.
5.97000, 103.
5.98000, 100.
5.99000, 96.
6.00000, 80.
6.01000, 82.
6.02000, 65.
6.03000, 57.
6.04000, 78.
6.05000, 68.
6.06000, 75.
6.07000, 81.
6.08000, 82.
6.09000, 88.
6.10000, 80.
6.11000, 105.
6.12000, 79.
6.13000, 89.
6.14000, 110.
6.15000, 106.
6.16000, 110.
6.17000, 128.
6.18000, 114.
6.19000, 149.
6.20000, 205.
6.21000, 284.
6.22000, 306.
6.23000, 428.
6.24000, 578.
6.25000, 938.
6.26000, 1162.
6.27000, 1616.
6.28000, 2247.
6.29000, 2916.
6.30000, 3885.
6.31000, 4924.
6.32000, 6041.
6.33000, 7551.
6.34000, 8634.
6.35000, 10301.
6.36000, 11357.
6.37000, 12642.
6.38000, 13149.
6.39000, 13729.
6.40000, 14086.
6.41000, 13699.
6.42000, 13183.
6.43000, 12414.
6.44000, 11309.
6.45000, 10066.
6.46000, 8579.
6.47000, 7145.
6.48000, 5878.
6.49000, 4744.
6.50000, 3657.
6.51000, 2801.
6.52000, 1998.
6.53000, 1527.
6.54000, 1074.
6.55000, 790.
6.56000, 571.
6.57000, 418.
6.58000, 272.
6.59000, 210.
6.60000, 181.
6.61000, 139.
6.62000, 121.
6.63000, 101.
6.64000, 109.
6.65000, 96.
6.66000, 100.
6.67000, 95.
6.68000, 112.
6.69000, 93.
6.70000, 122.
6.71000, 89.
6.72000, 107.
6.73000, 106.
6.74000, 89.
6.75000, 95.
6.76000, 107.
6.77000, 90.
6.78000, 111.
6.79000, 118.
6.80000, 126.
6.81000, 125.
6.82000, 128.
6.83000, 121.
6.84000, 153.
6.85000, 152.
6.86000, 158.
6.87000, 169.
6.88000, 194.
6.89000, 221.
6.90000, 263.
6.91000, 358.
6.92000, 407.
6.93000, 495.
6.94000, 628.
6.95000, 709.
6.96000, 932.
6.97000, 1018.
6.98000, 1284.
6.99000, 1459.
7.00000, 1656.
7.01000, 1876.
7.02000, 1999.
7.03000, 2070.
7.04000, 2266.
7.05000, 2310.
7.06000, 2222.
7.07000, 2194.
7.08000, 2056.
7.09000, 1914.
7.10000, 1735.
7.11000, 1581.
7.12000, 1362.
7.13000, 1179.
7.14000, 965.
7.15000, 831.
7.16000, 584.
7.17000, 502.
7.18000, 412.
7.19000, 303.
7.20000, 239.
7.21000, 202.
7.22000, 168.
7.23000, 128.
7.24000, 92.
7.25000, 82.
7.26000, 90.
7.27000, 84.
7.28000, 89.
7.29000, 67.
7.30000, 76.
7.31000, 69.
7.32000, 67.
7.33000, 70.
7.34000, 65.
7.35000, 76.
7.36000, 79.
7.37000, 67.
7.38000, 67.
7.39000, 86.
7.40000, 74.
7.41000, 81.
7.42000, 77.
7.43000, 77.
7.44000, 107.
7.45000, 85.
7.46000, 81.
7.47000, 84.
7.48000, 79.
7.49000, 91.
7.50000, 82.
7.51000, 96.
7.52000, 59.
7.53000, 87.
7.54000, 83.
7.55000, 100.
7.56000, 69.
7.57000, 85.
7.58000, 75.
7.59000, 67.
7.60000, 90.
7.61000, 82.
7.62000, 70.
7.63000, 70.
7.64000, 56.
7.65000, 69.
7.66000, 79.
7.67000, 69.
7.68000, 68.
7.69000, 82.
7.70000, 64.
7.71000, 68.
7.72000, 89.
7.73000, 95.
7.74000, 102.
7.75000, 94.
7.76000, 88.
7.77000, 84.
7.78000, 91.
7.79000, 80.
7.80000, 95.
7.81000, 91.
7.82000, 81.
7.83000, 88.
7.84000, 99.
7.85000, 88.
7.86000, 116.
7.87000, 115.
7.88000, 118.
7.89000, 125.
7.90000, 123.
7.91000, 124.
7.92000, 151.
7.93000, 130.
7.94000, 157.
7.95000, 158.
7.96000, 189.
7.97000, 197.
7.98000, 200.
7.99000, 206.
8.00000, 228.
8.01000, 234.
8.02000, 258.
8.03000, 251.
8.04000, 263.
8.05000, 290.
8.06000, 267.
8.07000, 240.
8.08000, 258.
8.09000, 239.
8.10000, 208.
8.11000, 224.
8.12000, 223.
8.13000, 210.
8.14000, 177.
8.15000, 157.
8.16000, 193.
8.17000, 159.
8.18000, 146.
8.19000, 130.
8.20000, 135.
8.21000, 119.
8.22000, 122.
8.23000, 118.
8.24000, 103.
8.25000, 117.
8.26000, 104.
8.27000, 114.
8.28000, 118.
8.29000, 86.
8.30000, 104.
8.31000, 101.
8.32000, 106.
8.33000, 107.
8.34000, 95.
8.35000, 117.
8.36000, 96.
8.37000, 87.
8.38000, 121.
8.39000, 110.
8.40000, 107.
8.41000, 107.
8.42000, 93.
8.43000, 102.
8.44000, 103.
8.45000, 106.
8.46000, 100.
8.47000, 126.
8.48000, 132.
8.49000, 147.
8.50000, 123.
8.51000, 166.
8.52000, 152.
8.53000, 184.
8.54000, 196.
8.55000, 217.
8.56000, 199.
8.57000, 253.
8.58000, 272.
8.59000, 310.
8.60000, 307.
8.61000, 321.
8.62000, 322.
8.63000, 344.
8.64000, 336.
8.65000, 333.
8.66000, 293.
8.67000, 257.
8.68000, 272.
8.69000, 263.
8.70000, 228.
8.71000, 192.
8.72000, 210.
8.73000, 185.
8.74000, 156.
8.75000, 168.
8.76000, 144.
8.77000, 136.
8.78000, 148.
8.79000, 147.
8.80000, 130.
8.81000, 120.
8.82000, 123.
8.83000, 146.
8.84000, 151.
8.85000, 127.
8.86000, 136.
8.87000, 124.
8.88000, 124.
8.89000, 134.
8.90000, 162.
8.91000, 158.
8.92000, 155.
8.93000, 151.
8.94000, 120.
8.95000, 121.
8.96000, 150.
8.97000, 109.
8.98000, 124.
8.99000, 138.
9.00000, 134.
9.01000, 126.
9.02000, 125.
9.03000, 128.
9.04000, 117.
9.05000, 132.
9.06000, 122.
9.07000, 118.
9.08000, 139.
9.09000, 120.
9.10000, 132.
9.11000, 118.
9.12000, 120.
9.13000, 123.
9.14000, 148.
9.15000, 115.
9.16000, 122.
9.17000, 133.
9.18000, 126.
9.19000, 133.
9.20000, 156.
9.21000, 114.
9.22000, 124.
9.23000, 131.
9.24000, 140.
9.25000, 154.
9.26000, 146.
9.27000, 120.
9.28000, 127.
9.29000, 128.
9.30000, 128.
9.31000, 116.
9.32000, 101.
9.33000, 114.
9.34000, 145.
9.35000, 129.
9.36000, 118.
9.37000, 121.
9.38000, 107.
9.39000, 139.
9.40000, 122.
9.41000, 140.
9.42000, 110.
9.43000, 117.
9.44000, 146.
9.45000, 134.
9.46000, 143.
9.47000, 151.
9.48000, 117.
9.49000, 121.
9.50000, 140.
9.51000, 140.
9.52000, 131.
9.53000, 153.
9.54000, 125.
9.55000, 167.
9.56000, 151.
9.57000, 153.
9.58000, 151.
9.59000, 157.
9.60000, 136.
9.61000, 149.
9.62000, 160.
9.63000, 162.
9.64000, 152.
9.65000, 147.
9.66000, 124.
9.67000, 127.
9.68000, 131.
9.69000, 129.
9.70000, 131.
9.71000, 120.
9.72000, 135.
9.73000, 141.
9.74000, 131.
9.75000, 126.
9.76000, 143.
9.77000, 128.
9.78000, 125.
9.79000, 138.
9.80000, 135.
9.81000, 125.
9.82000, 124.
9.83000, 119.
9.84000, 119.
9.85000, 118.
9.86000, 130.
9.87000, 122.
9.88000, 122.
9.89000, 108.
9.90000, 136.
9.91000, 130.
9.92000, 119.
9.93000, 137.
9.94000, 117.
9.95000, 111.
9.96000, 129.
9.97000, 113.
9.98000, 105.
9.99000, 147.
10.00000, 138.
10.01000, 126.
10.02000, 113.
10.03000, 122.
10.04000, 116.
10.05000, 111.
10.06000, 135.
10.07000, 120.
10.08000, 135.
10.09000, 129.
10.10000, 129.
10.11000, 129.
10.12000, 131.
10.13000, 112.
10.14000, 124.
10.15000, 131.
10.16000, 137.
10.17000, 138.
10.18000, 134.
10.19000, 134.
10.20000, 137.
10.21000, 142.
10.22000, 145.
10.23000, 120.
10.24000, 123.
10.25000, 121.
10.26000, 125.
10.27000, 130.
10.28000, 153.
10.29000, 125.
10.30000, 127.
10.31000, 133.
10.32000, 121.
10.33000, 132.
10.34000, 128.
10.35000, 153.
10.36000, 132.
10.37000, 138.
10.38000, 156.
10.39000, 154.
10.40000, 129.
10.41000, 158.
10.42000, 158.
10.43000, 146.
10.44000, 172.
10.45000, 150.
10.46000, 174.
10.47000, 183.
10.48000, 184.
10.49000, 199.
10.50000, 185.
10.51000, 177.
10.52000, 211.
10.53000, 206.
10.54000, 198.
10.55000, 228.
10.56000, 201.
10.57000, 185.
10.58000, 200.
10.59000, 216.
10.60000, 201.
10.61000, 192.
10.62000, 187.
10.63000, 175.
10.64000, 165.
10.65000, 151.
10.66000, 161.
10.67000, 148.
10.68000, 142.
10.69000, 149.
10.70000, 156.
10.71000, 147.
10.72000, 149.
10.73000, 124.
10.74000, 154.
10.75000, 133.
10.76000, 139.
10.77000, 164.
10.78000, 131.
10.79000, 123.
10.80000, 132.
10.81000, 124.
10.82000, 132.
10.83000, 155.
10.84000, 143.
10.85000, 143.
10.86000, 157.
10.87000, 141.
10.88000, 141.
10.89000, 132.
10.90000, 144.
10.91000, 148.
10.92000, 143.
10.93000, 137.
10.94000, 133.
10.95000, 147.
10.96000, 122.
10.97000, 128.
10.98000, 156.
10.99000, 123.
11.00000, 137.
11.01000, 121.
11.02000, 116.
11.03000, 125.
11.04000, 132.
11.05000, 144.
11.06000, 161.
11.07000, 122.
11.08000, 134.
11.09000, 134.
11.10000, 136.
11.11000, 120.
11.12000, 143.
11.13000, 128.
11.14000, 137.
11.15000, 151.
11.16000, 142.
11.17000, 153.
11.18000, 148.
11.19000, 136.
11.20000, 134.
11.21000, 139.
11.22000, 154.
11.23000, 128.
11.24000, 140.
11.25000, 146.
11.26000, 159.
11.27000, 149.
11.28000, 133.
11.29000, 139.
11.30000, 118.
11.31000, 128.
11.32000, 130.
11.33000, 136.
11.34000, 138.
11.35000, 161.
11.36000, 151.
11.37000, 153.
11.38000, 129.
11.39000, 132.
11.40000, 106.
11.41000, 158.
11.42000, 151.
11.43000, 143.
11.44000, 145.
11.45000, 142.
11.46000, 156.
11.47000, 134.
11.48000, 144.
11.49000, 151.
11.50000, 157.
11.51000, 140.
11.52000, 134.
11.53000, 147.
11.54000, 135.
11.55000, 136.
11.56000, 150.
11.57000, 134.
11.58000, 138.
11.59000, 147.
11.60000, 151.
11.61000, 124.
11.62000, 147.
11.63000, 131.
11.64000, 162.
11.65000, 142.
11.66000, 146.
11.67000, 131.
11.68000, 150.
11.69000, 171.
11.70000, 142.
11.71000, 140.
11.72000, 172.
11.73000, 161.
11.74000, 188.
11.75000, 183.
11.76000, 190.
11.77000, 207.
11.78000, 215.
11.79000, 235.
11.80000, 209.
11.81000, 292.
11.82000, 252.
11.83000, 266.
11.84000, 275.
11.85000, 298.
11.86000, 322.
11.87000, 327.
11.88000, 308.
11.89000, 318.
11.90000, 346.
11.91000, 301.
11.92000, 318.
11.93000, 301.
11.94000, 316.
11.95000, 304.
11.96000, 297.
11.97000, 277.
11.98000, 244.
11.99000, 224.
12.00000, 221.
12.01000, 228.
12.02000, 194.
12.03000, 212.
12.04000, 189.
12.05000, 158.
12.06000, 171.
12.07000, 161.
12.08000, 145.
12.09000, 160.
12.10000, 154.
12.11000, 156.
12.12000, 155.
12.13000, 141.
12.14000, 153.
12.15000, 135.
12.16000, 143.
12.17000, 160.
12.18000, 152.
12.19000, 165.
12.20000, 142.
12.21000, 161.
12.22000, 155.
12.23000, 148.
12.24000, 136.
12.25000, 152.
12.26000, 156.
12.27000, 161.
12.28000, 153.
12.29000, 154.
12.30000, 141.
12.31000, 152.
12.32000, 157.
12.33000, 142.
12.34000, 157.
12.35000, 156.
12.36000, 163.
12.37000, 165.
12.38000, 169.
12.39000, 158.
12.40000, 158.
12.41000, 144.
12.42000, 134.
12.43000, 146.
12.44000, 151.
12.45000, 157.
12.46000, 173.
12.47000, 169.
12.48000, 171.
12.49000, 158.
12.50000, 180.
12.51000, 185.
12.52000, 202.
12.53000, 197.
12.54000, 207.
12.55000, 189.
12.56000, 197.
12.57000, 180.
12.58000, 218.
12.59000, 216.
12.60000, 210.
12.61000, 215.
12.62000, 190.
12.63000, 183.
12.64000, 203.
12.65000, 228.
12.66000, 202.
12.67000, 203.
12.68000, 192.
12.69000, 206.
12.70000, 199.
12.71000, 205.
12.72000, 198.
12.73000, 184.
12.74000, 192.
12.75000, 178.
12.76000, 202.
12.77000, 182.
12.78000, 181.
12.79000, 190.
12.80000, 195.
12.81000, 193.
12.82000, 188.
12.83000, 207.
12.84000, 161.
12.85000, 183.
12.86000, 170.
12.87000, 170.
12.88000, 153.
12.89000, 185.
12.90000, 175.
12.91000, 170.
12.92000, 181.
12.93000, 203.
12.94000, 181.
12.95000, 186.
12.96000, 161.
12.97000, 172.
12.98000, 177.
12.99000, 150.
13.00000, 182.
13.01000, 142.
13.02000, 156.
13.03000, 159.
13.04000, 154.
13.05000, 180.
13.06000, 178.
13.07000, 165.
13.08000, 159.
13.09000, 152.
13.10000, 163.
13.11000, 144.
13.12000, 148.
13.13000, 145.
13.14000, 140.
13.15000, 170.
13.16000, 167.
13.17000, 183.
13.18000, 170.
13.19000, 195.
13.20000, 159.
13.21000, 201.
13.22000, 186.
13.23000, 194.
13.24000, 184.
13.25000, 217.
13.26000, 196.
13.27000, 205.
13.28000, 248.
13.29000, 208.
13.30000, 225.
13.31000, 206.
13.32000, 220.
13.33000, 203.
13.34000, 220.
13.35000, 216.
13.36000, 221.
13.37000, 190.
13.38000, 224.
13.39000, 232.
13.40000, 216.
13.41000, 213.
13.42000, 217.
13.43000, 190.
13.44000, 201.
13.45000, 189.
13.46000, 219.
13.47000, 202.
13.48000, 190.
13.49000, 169.
13.50000, 187.
13.51000, 156.
13.52000, 170.
13.53000, 167.
13.54000, 163.
13.55000, 171.
13.56000, 157.
13.57000, 153.
13.58000, 158.
13.59000, 172.
13.60000, 137.
13.61000, 171.
13.62000, 153.
13.63000, 157.
13.64000, 157.
13.65000, 163.
13.66000, 179.
13.67000, 166.
13.68000, 144.
13.69000, 148.
13.70000, 156.
13.71000, 146.
13.72000, 150.
13.73000, 145.
13.74000, 147.
13.75000, 163.
13.76000, 169.
13.77000, 131.
13.78000, 132.
13.79000, 158.
13.80000, 167.
13.81000, 165.
13.82000, 169.
13.83000, 149.
13.84000, 152.
13.85000, 156.
13.86000, 155.
13.87000, 162.
13.88000, 185.
13.89000, 159.
13.90000, 168.
13.91000, 162.
13.92000, 153.
13.93000, 185.
13.94000, 186.
13.95000, 206.
13.96000, 215.
13.97000, 203.
13.98000, 247.
13.99000, 248.
14.00000, 226.
14.01000, 293.
14.02000, 288.
14.03000, 319.
14.04000, 315.
14.05000, 319.
14.06000, 355.
14.07000, 399.
14.08000, 404.
14.09000, 381.
14.10000, 374.
14.11000, 395.
14.12000, 454.
14.13000, 420.
14.14000, 407.
14.15000, 395.
14.16000, 400.
14.17000, 394.
14.18000, 386.
14.19000, 371.
14.20000, 334.
14.21000, 319.
14.22000, 355.
14.23000, 303.
14.24000, 262.
14.25000, 261.
14.26000, 218.
14.27000, 229.
14.28000, 209.
14.29000, 184.
14.30000, 159.
14.31000, 176.
14.32000, 201.
14.33000, 165.
14.34000, 166.
14.35000, 178.
14.36000, 161.
14.37000, 134.
14.38000, 151.
14.39000, 154.
14.40000, 149.
14.41000, 144.
14.42000, 139.
14.43000, 135.
14.44000, 168.
14.45000, 157.
14.46000, 131.
14.47000, 146.
14.48000, 146.
14.49000, 190.
14.50000, 129.
14.51000, 144.
14.52000, 157.
14.53000, 178.
14.54000, 162.
14.55000, 141.
14.56000, 149.
14.57000, 150.
14.58000, 155.
14.59000, 151.
14.60000, 160.
14.61000, 176.
14.62000, 140.
14.63000, 152.
14.64000, 156.
14.65000, 155.
14.66000, 153.
14.67000, 167.
14.68000, 185.
14.69000, 167.
14.70000, 137.
14.71000, 160.
14.72000, 152.
14.73000, 170.
14.74000, 169.
14.75000, 136.
14.76000, 166.
14.77000, 180.
14.78000, 164.
14.79000, 165.
14.80000, 165.
14.81000, 151.
14.82000, 170.
14.83000, 174.
14.84000, 156.
14.85000, 184.
14.86000, 163.
14.87000, 166.
14.88000, 177.
14.89000, 175.
14.90000, 176.
14.91000, 171.
14.92000, 194.
14.93000, 166.
14.94000, 153.
14.95000, 167.
14.96000, 169.
14.97000, 190.
14.98000, 198.
14.99000, 159.
15.00000, 136.
15.01000, 187.
15.02000, 155.
15.03000, 155.
15.04000, 167.
15.05000, 159.
15.06000, 131.
15.07000, 141.
15.08000, 156.
15.09000, 163.
15.10000, 151.
15.11000, 132.
15.12000, 159.
15.13000, 160.
15.14000, 163.
15.15000, 151.
15.16000, 143.
15.17000, 152.
15.18000, 152.
15.19000, 166.
15.20000, 157.
15.21000, 140.
15.22000, 156.
15.23000, 155.
15.24000, 157.
15.25000, 159.
15.26000, 155.
15.27000, 152.
15.28000, 153.
15.29000, 161.
15.30000, 139.
15.31000, 137.
15.32000, 123.
15.33000, 155.
15.34000, 161.
15.35000, 146.
15.36000, 149.
15.37000, 161.
15.38000, 138.
15.39000, 131.
15.40000, 146.
15.41000, 159.
15.42000, 161.
15.43000, 160.
15.44000, 165.
15.45000, 163.
15.46000, 151.
15.47000, 164.
15.48000, 145.
15.49000, 154.
15.50000, 143.
15.51000, 158.
15.52000, 155.
15.53000, 159.
15.54000, 179.
15.55000, 171.
15.56000, 171.
15.57000, 193.
15.58000, 164.
15.59000, 211.
15.60000, 212.
15.61000, 228.
15.62000, 246.
15.63000, 244.
15.64000, 231.
15.65000, 282.
15.66000, 257.
15.67000, 267.
15.68000, 267.
15.69000, 312.
15.70000, 284.
15.71000, 292.
15.72000, 305.
15.73000, 315.
15.74000, 306.
15.75000, 303.
15.76000, 314.
15.77000, 317.
15.78000, 324.
15.79000, 321.
15.80000, 286.
15.81000, 275.
15.82000, 242.
15.83000, 263.
15.84000, 222.
15.85000, 267.
15.86000, 231.
15.87000, 228.
15.88000, 250.
15.89000, 185.
15.90000, 192.
15.91000, 222.
15.92000, 195.
15.93000, 193.
15.94000, 177.
15.95000, 173.
15.96000, 162.
15.97000, 162.
15.98000, 167.
15.99000, 163.
16.00000, 154.
16.01000, 132.
16.02000, 136.
16.03000, 161.
16.04000, 139.
16.05000, 149.
16.06000, 135.
16.07000, 178.
16.08000, 169.
16.09000, 144.
16.10000, 148.
16.11000, 158.
16.12000, 166.
16.13000, 146.
16.14000, 138.
16.15000, 146.
16.16000, 164.
16.17000, 141.
16.18000, 174.
16.19000, 177.
16.20000, 141.
16.21000, 159.
16.22000, 150.
16.23000, 148.
16.24000, 127.
16.25000, 146.
16.26000, 145.
16.27000, 147.
16.28000, 144.
16.29000, 171.
16.30000, 142.
16.31000, 131.
16.32000, 139.
16.33000, 121.
16.34000, 149.
16.35000, 182.
16.36000, 154.
16.37000, 143.
16.38000, 153.
16.39000, 140.
16.40000, 142.
16.41000, 149.
16.42000, 156.
16.43000, 140.
16.44000, 157.
16.45000, 160.
16.46000, 150.
16.47000, 144.
16.48000, 151.
16.49000, 160.
16.50000, 174.
16.51000, 151.
16.52000, 165.
16.53000, 167.
16.54000, 162.
16.55000, 149.
16.56000, 144.
16.57000, 146.
16.58000, 145.
16.59000, 183.
16.60000, 140.
16.61000, 144.
16.62000, 150.
16.63000, 157.
16.64000, 156.
16.65000, 148.
16.66000, 149.
16.67000, 129.
16.68000, 164.
16.69000, 160.
16.70000, 154.
16.71000, 146.
16.72000, 146.
16.73000, 165.
16.74000, 148.
16.75000, 147.
16.76000, 150.
16.77000, 173.
16.78000, 143.
16.79000, 158.
16.80000, 148.
16.81000, 164.
16.82000, 133.
16.83000, 156.
16.84000, 132.
16.85000, 145.
16.86000, 146.
16.87000, 150.
16.88000, 162.
16.89000, 160.
16.90000, 145.
16.91000, 151.
16.92000, 164.
16.93000, 175.
16.94000, 121.
16.95000, 149.
16.96000, 147.
16.97000, 143.
16.98000, 131.
16.99000, 134.
17.00000, 145.
17.01000, 151.
17.02000, 166.
17.03000, 136.
17.04000, 148.
17.05000, 159.
17.06000, 154.
17.07000, 138.
17.08000, 147.
17.09000, 176.
17.10000, 161.
17.11000, 141.
17.12000, 161.
17.13000, 162.
17.14000, 136.
17.15000, 164.
17.16000, 152.
17.17000, 159.
17.18000, 129.
17.19000, 156.
17.20000, 158.
17.21000, 171.
17.22000, 161.
17.23000, 155.
17.24000, 169.
17.25000, 176.
17.26000, 164.
17.27000, 169.
17.28000, 130.
17.29000, 155.
17.30000, 165.
17.31000, 170.
17.32000, 165.
17.33000, 193.
17.34000, 148.
17.35000, 157.
17.36000, 154.
17.37000, 172.
17.38000, 146.
17.39000, 172.
17.40000, 140.
17.41000, 177.
17.42000, 174.
17.43000, 193.
17.44000, 168.
17.45000, 172.
17.46000, 165.
17.47000, 166.
17.48000, 156.
17.49000, 189.
17.50000, 181.
17.51000, 196.
17.52000, 202.
17.53000, 204.
17.54000, 187.
17.55000, 191.
17.56000, 170.
17.57000, 190.
17.58000, 180.
17.59000, 203.
17.60000, 214.
17.61000, 189.
17.62000, 240.
17.63000, 195.
17.64000, 169.
17.65000, 210.
17.66000, 198.
17.67000, 198.
17.68000, 195.
17.69000, 176.
17.70000, 246.
17.71000, 197.
17.72000, 196.
17.73000, 189.
17.74000, 191.
17.75000, 178.
17.76000, 187.
17.77000, 204.
17.78000, 213.
17.79000, 209.
17.80000, 202.
17.81000, 180.
17.82000, 196.
17.83000, 205.
17.84000, 188.
17.85000, 216.
17.86000, 212.
17.87000, 232.
17.88000, 184.
17.89000, 201.
17.90000, 201.
17.91000, 186.
17.92000, 242.
17.93000, 206.
17.94000, 224.
17.95000, 231.
17.96000, 213.
17.97000, 217.
17.98000, 243.
17.99000, 222.
18.00000, 243.
18.01000, 233.
18.02000, 251.
18.03000, 230.
18.04000, 255.
18.05000, 226.
18.06000, 214.
18.07000, 228.
18.08000, 260.
18.09000, 264.
18.10000, 221.
18.11000, 236.
18.12000, 266.
18.13000, 247.
18.14000, 264.
18.15000, 254.
18.16000, 251.
18.17000, 294.
18.18000, 258.
18.19000, 262.
18.20000, 275.
18.21000, 273.
18.22000, 335.
18.23000, 295.
18.24000, 276.
18.25000, 318.
18.26000, 327.
18.27000, 319.
18.28000, 330.
18.29000, 337.
18.30000, 335.
18.31000, 333.
18.32000, 382.
18.33000, 374.
18.34000, 354.
18.35000, 392.
18.36000, 370.
18.37000, 365.
18.38000, 435.
18.39000, 426.
18.40000, 415.
18.41000, 449.
18.42000, 469.
18.43000, 474.
18.44000, 479.
18.45000, 506.
18.46000, 527.
18.47000, 537.
18.48000, 547.
18.49000, 579.
18.50000, 568.
18.51000, 597.
18.52000, 579.
18.53000, 617.
18.54000, 622.
18.55000, 651.
18.56000, 676.
18.57000, 711.
18.58000, 732.
18.59000, 718.
18.60000, 727.
18.61000, 786.
18.62000, 777.
18.63000, 775.
18.64000, 800.
18.65000, 785.
18.66000, 826.
18.67000, 866.
18.68000, 889.
18.69000, 880.
18.70000, 901.
18.71000, 887.
18.72000, 934.
18.73000, 928.
18.74000, 868.
18.75000, 918.
18.76000, 863.
18.77000, 862.
18.78000, 870.
18.79000, 916.
18.80000, 902.
18.81000, 896.
18.82000, 885.
18.83000, 873.
18.84000, 890.
18.85000, 877.
18.86000, 877.
18.87000, 859.
18.88000, 844.
18.89000, 877.
18.90000, 835.
18.91000, 820.
18.92000, 826.
18.93000, 792.
18.94000, 845.
18.95000, 782.
18.96000, 777.
18.97000, 785.
18.98000, 786.
18.99000, 724.
19.00000, 744.
19.01000, 692.
19.02000, 649.
19.03000, 654.
19.04000, 643.
19.05000, 638.
19.06000, 599.
19.07000, 620.
19.08000, 623.
19.09000, 573.
19.10000, 564.
19.11000, 544.
19.12000, 519.
19.13000, 490.
19.14000, 505.
19.15000, 491.
19.16000, 458.
19.17000, 448.
19.18000, 405.
19.19000, 455.
19.20000, 454.
19.21000, 405.
19.22000, 423.
19.23000, 378.
19.24000, 387.
19.25000, 403.
19.26000, 352.
19.27000, 348.
19.28000, 326.
19.29000, 319.
19.30000, 354.
19.31000, 311.
19.32000, 291.
19.33000, 268.
19.34000, 297.
19.35000, 275.
19.36000, 311.
19.37000, 262.
19.38000, 285.
19.39000, 300.
19.40000, 275.
19.41000, 301.
19.42000, 233.
19.43000, 261.
19.44000, 231.
19.45000, 254.
19.46000, 228.
19.47000, 253.
19.48000, 245.
19.49000, 220.
19.50000, 226.
19.51000, 242.
19.52000, 245.
19.53000, 228.
19.54000, 221.
19.55000, 224.
19.56000, 214.
19.57000, 225.
19.58000, 201.
19.59000, 208.
19.60000, 196.
19.61000, 203.
19.62000, 205.
19.63000, 191.
19.64000, 201.
19.65000, 166.
19.66000, 180.
19.67000, 175.
19.68000, 177.
19.69000, 178.
19.70000, 181.
19.71000, 173.
19.72000, 158.
19.73000, 186.
19.74000, 171.
19.75000, 163.
19.76000, 182.
19.77000, 175.
19.78000, 197.
19.79000, 161.
19.80000, 181.
19.81000, 180.
19.82000, 188.
19.83000, 164.
19.84000, 161.
19.85000, 179.
19.86000, 182.
19.87000, 210.
19.88000, 192.
19.89000, 206.
19.90000, 221.
19.91000, 273.
19.92000, 246.
19.93000, 256.
19.94000, 279.
19.95000, 299.
19.96000, 309.
19.97000, 319.
19.98000, 354.
19.99000, 368.
20.00000, 360.
20.01000, 370.
20.02000, 389.
20.03000, 423.
20.04000, 417.
20.05000, 471.
20.06000, 487.
20.07000, 507.
20.08000, 536.
20.09000, 559.
20.10000, 523.
20.11000, 566.
20.12000, 538.
20.13000, 544.
20.14000, 554.
20.15000, 562.
20.16000, 538.
20.17000, 545.
20.18000, 541.
20.19000, 533.
20.20000, 544.
20.21000, 476.
20.22000, 511.
20.23000, 507.
20.24000, 429.
20.25000, 427.
20.26000, 396.
20.27000, 335.
20.28000, 372.
20.29000, 353.
20.30000, 338.
20.31000, 296.
20.32000, 272.
20.33000, 261.
20.34000, 227.
20.35000, 252.
20.36000, 215.
20.37000, 187.
20.38000, 194.
20.39000, 169.
20.40000, 161.
20.41000, 196.
20.42000, 172.
20.43000, 158.
20.44000, 172.
20.45000, 161.
20.46000, 172.
20.47000, 164.
20.48000, 160.
20.49000, 159.
20.50000, 146.
20.51000, 160.
20.52000, 159.
20.53000, 159.
20.54000, 176.
20.55000, 147.
20.56000, 160.
20.57000, 164.
20.58000, 153.
20.59000, 174.
20.60000, 192.
20.61000, 181.
20.62000, 171.
20.63000, 180.
20.64000, 190.
20.65000, 179.
20.66000, 159.
20.67000, 208.
20.68000, 191.
20.69000, 189.
20.70000, 204.
20.71000, 190.
20.72000, 213.
20.73000, 209.
20.74000, 231.
20.75000, 198.
20.76000, 193.
20.77000, 204.
20.78000, 203.
20.79000, 216.
20.80000, 220.
20.81000, 208.
20.82000, 222.
20.83000, 230.
20.84000, 254.
20.85000, 228.
20.86000, 225.
20.87000, 251.
20.88000, 239.
20.89000, 215.
20.90000, 246.
20.91000, 247.
20.92000, 245.
20.93000, 257.
20.94000, 256.
20.95000, 248.
20.96000, 264.
20.97000, 242.
20.98000, 225.
20.99000, 256.
21.00000, 246.
21.01000, 250.
21.02000, 289.
21.03000, 227.
21.04000, 254.
21.05000, 233.
21.06000, 258.
21.07000, 251.
21.08000, 239.
21.09000, 225.
21.10000, 204.
21.11000, 241.
21.12000, 220.
21.13000, 250.
21.14000, 219.
21.15000, 231.
21.16000, 246.
21.17000, 202.
21.18000, 234.
21.19000, 242.
21.20000, 191.
21.21000, 226.
21.22000, 227.
21.23000, 182.
21.24000, 221.
21.25000, 225.
21.26000, 233.
21.27000, 200.
21.28000, 212.
21.29000, 207.
21.30000, 201.
21.31000, 166.
21.32000, 183.
21.33000, 153.
21.34000, 178.
21.35000, 171.
21.36000, 186.
21.37000, 181.
21.38000, 173.
21.39000, 149.
21.40000, 168.
21.41000, 147.
21.42000, 181.
21.43000, 156.
21.44000, 141.
21.45000, 160.
21.46000, 143.
21.47000, 151.
21.48000, 152.
21.49000, 136.
21.50000, 142.
21.51000, 126.
21.52000, 144.
21.53000, 138.
21.54000, 150.
21.55000, 131.
21.56000, 137.
21.57000, 107.
21.58000, 119.
21.59000, 128.
21.60000, 122.
21.61000, 150.
21.62000, 141.
21.63000, 117.
21.64000, 112.
21.65000, 127.
21.66000, 129.
21.67000, 119.
21.68000, 125.
21.69000, 114.
21.70000, 137.
21.71000, 112.
21.72000, 129.
21.73000, 133.
21.74000, 118.
21.75000, 105.
21.76000, 122.
21.77000, 122.
21.78000, 125.
21.79000, 104.
21.80000, 114.
21.81000, 106.
21.82000, 112.
21.83000, 100.
21.84000, 94.
21.85000, 115.
21.86000, 105.
21.87000, 103.
21.88000, 74.
21.89000, 93.
21.90000, 116.
21.91000, 97.
21.92000, 94.
21.93000, 92.
21.94000, 98.
21.95000, 102.
21.96000, 103.
21.97000, 108.
21.98000, 83.
21.99000, 84.
22.00000, 107.
22.01000, 95.
22.02000, 93.
22.03000, 119.
22.04000, 103.
22.05000, 94.
22.06000, 90.
22.07000, 83.
22.08000, 86.
22.09000, 83.
22.10000, 105.
22.11000, 91.
22.12000, 95.
22.13000, 95.
22.14000, 90.
22.15000, 90.
22.16000, 95.
22.17000, 90.
22.18000, 67.
22.19000, 110.
22.20000, 78.
22.21000, 100.
22.22000, 90.
22.23000, 86.
22.24000, 95.
22.25000, 94.
22.26000, 87.
22.27000, 95.
22.28000, 102.
22.29000, 83.
22.30000, 86.
22.31000, 97.
22.32000, 86.
22.33000, 86.
22.34000, 74.
22.35000, 84.
22.36000, 98.
22.37000, 89.
22.38000, 91.
22.39000, 106.
22.40000, 97.
22.41000, 90.
22.42000, 84.
22.43000, 88.
22.44000, 91.
22.45000, 102.
22.46000, 103.
22.47000, 84.
22.48000, 85.
22.49000, 99.
22.50000, 94.
22.51000, 107.
22.52000, 114.
22.53000, 112.
22.54000, 109.
22.55000, 114.
22.56000, 113.
22.57000, 119.
22.58000, 122.
22.59000, 129.
22.60000, 116.
22.61000, 153.
22.62000, 126.
22.63000, 123.
22.64000, 139.
22.65000, 133.
22.66000, 134.
22.67000, 122.
22.68000, 143.
22.69000, 139.
22.70000, 151.
22.71000, 138.
22.72000, 140.
22.73000, 139.
22.74000, 128.
22.75000, 123.
22.76000, 115.
22.77000, 124.
22.78000, 120.
22.79000, 102.
22.80000, 91.
22.81000, 113.
22.82000, 108.
22.83000, 103.
22.84000, 95.
22.85000, 91.
22.86000, 81.
22.87000, 98.
22.88000, 89.
22.89000, 90.
22.90000, 85.
22.91000, 81.
22.92000, 78.
22.93000, 75.
22.94000, 86.
22.95000, 79.
22.96000, 83.
22.97000, 84.
22.98000, 59.
22.99000, 85.
23.00000, 81.
23.01000, 74.
23.02000, 102.
23.03000, 76.
23.04000, 76.
23.05000, 78.
23.06000, 73.
23.07000, 74.
23.08000, 71.
23.09000, 81.
23.10000, 92.
23.11000, 82.
23.12000, 71.
23.13000, 68.
23.14000, 79.
23.15000, 93.
23.16000, 85.
23.17000, 80.
23.18000, 85.
23.19000, 81.
23.20000, 90.
23.21000, 71.
23.22000, 81.
23.23000, 71.
23.24000, 88.
23.25000, 62.
23.26000, 84.
23.27000, 68.
23.28000, 79.
23.29000, 93.
23.30000, 80.
23.31000, 75.
23.32000, 61.
23.33000, 77.
23.34000, 61.
23.35000, 58.
23.36000, 72.
23.37000, 68.
23.38000, 77.
23.39000, 75.
23.40000, 67.
23.41000, 67.
23.42000, 78.
23.43000, 76.
23.44000, 68.
23.45000, 80.
23.46000, 74.
23.47000, 74.
23.48000, 73.
23.49000, 80.
23.50000, 73.
23.51000, 49.
23.52000, 63.
23.53000, 67.
23.54000, 77.
23.55000, 73.
23.56000, 68.
23.57000, 64.
23.58000, 60.
23.59000, 72.
23.60000, 64.
23.61000, 82.
23.62000, 73.
23.63000, 64.
23.64000, 62.
23.65000, 63.
23.66000, 77.
23.67000, 85.
23.68000, 58.
23.69000, 67.
23.70000, 77.
23.71000, 62.
23.72000, 67.
23.73000, 71.
23.74000, 78.
23.75000, 61.
23.76000, 66.
23.77000, 57.
23.78000, 71.
23.79000, 68.
23.80000, 53.
23.81000, 63.
23.82000, 68.
23.83000, 75.
23.84000, 63.
23.85000, 76.
23.86000, 52.
23.87000, 63.
23.88000, 69.
23.89000, 71.
23.90000, 59.
23.91000, 62.
23.92000, 75.
23.93000, 53.
23.94000, 69.
23.95000, 68.
23.96000, 74.
23.97000, 58.
23.98000, 55.
23.99000, 71.
24.00000, 65.
24.01000, 70.
24.02000, 71.
24.03000, 78.
24.04000, 70.
24.05000, 55.
24.06000, 57.
24.07000, 50.
24.08000, 67.
24.09000, 71.
24.10000, 69.
24.11000, 69.
24.12000, 66.
24.13000, 85.
24.14000, 65.
24.15000, 57.
24.16000, 57.
24.17000, 61.
24.18000, 52.
24.19000, 55.
24.20000, 81.
24.21000, 67.
24.22000, 76.
24.23000, 57.
24.24000, 69.
24.25000, 73.
24.26000, 55.
24.27000, 62.
24.28000, 62.
24.29000, 73.
24.30000, 71.
24.31000, 56.
24.32000, 66.
24.33000, 61.
24.34000, 60.
24.35000, 72.
24.36000, 63.
24.37000, 56.
24.38000, 65.
24.39000, 54.
24.40000, 62.
24.41000, 65.
24.42000, 66.
24.43000, 68.
24.44000, 69.
24.45000, 75.
24.46000, 60.
24.47000, 52.
24.48000, 58.
24.49000, 64.
24.50000, 67.
24.51000, 62.
24.52000, 49.
24.53000, 74.
24.54000, 63.
24.55000, 65.
24.56000, 73.
24.57000, 53.
24.58000, 72.
24.59000, 63.
24.60000, 61.
24.61000, 64.
24.62000, 59.
24.63000, 76.
24.64000, 71.
24.65000, 67.
24.66000, 70.
24.67000, 63.
24.68000, 52.
24.69000, 71.
24.70000, 56.
24.71000, 51.
24.72000, 56.
24.73000, 54.
24.74000, 67.
24.75000, 57.
24.76000, 64.
24.77000, 77.
24.78000, 87.
24.79000, 72.
24.80000, 63.
24.81000, 70.
24.82000, 63.
24.83000, 60.
24.84000, 70.
24.85000, 57.
24.86000, 69.
24.87000, 75.
24.88000, 67.
24.89000, 69.
24.90000, 65.
24.91000, 67.
24.92000, 70.
24.93000, 75.
24.94000, 61.
24.95000, 73.
24.96000, 47.
24.97000, 80.
24.98000, 77.
24.99000, 52.
25.00000, 76.
25.01000, 66.
25.02000, 67.
25.03000, 65.
25.04000, 69.
25.05000, 76.
25.06000, 76.
25.07000, 72.
25.08000, 72.
25.09000, 74.
25.10000, 57.
25.11000, 80.
25.12000, 60.
25.13000, 84.
25.14000, 74.
25.15000, 69.
25.16000, 58.
25.17000, 75.
25.18000, 92.
25.19000, 70.
25.20000, 89.
25.21000, 68.
25.22000, 80.
25.23000, 66.
25.24000, 73.
25.25000, 79.
25.26000, 64.
25.27000, 82.
25.28000, 77.
25.29000, 73.
25.30000, 81.
25.31000, 65.
25.32000, 64.
25.33000, 61.
25.34000, 70.
25.35000, 75.
25.36000, 59.
25.37000, 67.
25.38000, 65.
25.39000, 57.
25.40000, 74.
25.41000, 65.
25.42000, 79.
25.43000, 56.
25.44000, 68.
25.45000, 63.
25.46000, 63.
25.47000, 61.
25.48000, 45.
25.49000, 65.
25.50000, 61.
25.51000, 62.
25.52000, 76.
25.53000, 67.
25.54000, 56.
25.55000, 53.
25.56000, 69.
25.57000, 55.
25.58000, 56.
25.59000, 41.
25.60000, 62.
25.61000, 62.
25.62000, 65.
25.63000, 53.
25.64000, 51.
25.65000, 45.
25.66000, 50.
25.67000, 56.
25.68000, 55.
25.69000, 67.
25.70000, 72.
25.71000, 53.
25.72000, 67.
25.73000, 59.
25.74000, 57.
25.75000, 51.
25.76000, 67.
25.77000, 52.
25.78000, 59.
25.79000, 69.
25.80000, 52.
25.81000, 57.
25.82000, 60.
25.83000, 51.
25.84000, 57.
25.85000, 53.
25.86000, 43.
25.87000, 71.
25.88000, 51.
25.89000, 44.
25.90000, 63.
25.91000, 55.
25.92000, 55.
25.93000, 56.
25.94000, 60.
25.95000, 46.
25.96000, 68.
25.97000, 55.
25.98000, 60.
25.99000, 65.
26.00000, 55.
26.01000, 70.
26.02000, 43.
26.03000, 47.
26.04000, 49.
26.05000, 64.
26.06000, 65.
26.07000, 61.
26.08000, 59.
26.09000, 51.
26.10000, 56.
26.11000, 55.
26.12000, 64.
26.13000, 58.
26.14000, 50.
26.15000, 65.
26.16000, 71.
26.17000, 59.
26.18000, 51.
26.19000, 52.
26.20000, 46.
26.21000, 60.
26.22000, 54.
26.23000, 51.
26.24000, 60.
26.25000, 64.
26.26000, 50.
26.27000, 54.
26.28000, 56.
26.29000, 35.
26.30000, 56.
26.31000, 64.
26.32000, 63.
26.33000, 54.
26.34000, 58.
26.35000, 54.
26.36000, 53.
26.37000, 50.
26.38000, 48.
26.39000, 56.
26.40000, 60.
26.41000, 56.
26.42000, 63.
26.43000, 49.
26.44000, 71.
26.45000, 42.
26.46000, 60.
26.47000, 71.
26.48000, 61.
26.49000, 60.
26.50000, 50.
26.51000, 45.
26.52000, 56.
26.53000, 57.
26.54000, 52.
26.55000, 54.
26.56000, 51.
26.57000, 51.
26.58000, 50.
26.59000, 66.
26.60000, 53.
26.61000, 50.
26.62000, 58.
26.63000, 51.
26.64000, 38.
26.65000, 57.
26.66000, 44.
26.67000, 60.
26.68000, 52.
26.69000, 50.
26.70000, 56.
26.71000, 74.
26.72000, 57.
26.73000, 53.
26.74000, 50.
26.75000, 51.
26.76000, 65.
26.77000, 48.
26.78000, 39.
26.79000, 49.
26.80000, 52.
26.81000, 46.
26.82000, 45.
26.83000, 44.
26.84000, 50.
26.85000, 55.
26.86000, 53.
26.87000, 45.
26.88000, 50.
26.89000, 51.
26.90000, 55.
26.91000, 41.
26.92000, 40.
26.93000, 52.
26.94000, 57.
26.95000, 50.
26.96000, 48.
26.97000, 48.
26.98000, 56.
26.99000, 60.
27.00000, 40.
27.01000, 48.
27.02000, 46.
27.03000, 61.
27.04000, 43.
27.05000, 43.
27.06000, 52.
27.07000, 54.
27.08000, 53.
27.09000, 47.
27.10000, 44.
27.11000, 50.
27.12000, 49.
27.13000, 39.
27.14000, 51.
27.15000, 53.
27.16000, 51.
27.17000, 57.
27.18000, 51.
27.19000, 41.
27.20000, 45.
27.21000, 47.
27.22000, 55.
27.23000, 46.
27.24000, 54.
27.25000, 52.
27.26000, 50.
27.27000, 54.
27.28000, 48.
27.29000, 44.
27.30000, 38.
27.31000, 64.
27.32000, 53.
27.33000, 48.
27.34000, 64.
27.35000, 62.
27.36000, 59.
27.37000, 34.
27.38000, 64.
27.39000, 46.
27.40000, 48.
27.41000, 56.
27.42000, 49.
27.43000, 49.
27.44000, 57.
27.45000, 42.
27.46000, 52.
27.47000, 46.
27.48000, 41.
27.49000, 50.
27.50000, 40.
27.51000, 50.
27.52000, 36.
27.53000, 48.
27.54000, 44.
27.55000, 58.
27.56000, 49.
27.57000, 53.
27.58000, 51.
27.59000, 58.
27.60000, 53.
27.61000, 50.
27.62000, 48.
27.63000, 59.
27.64000, 41.
27.65000, 50.
27.66000, 43.
27.67000, 52.
27.68000, 48.
27.69000, 42.
27.70000, 43.
27.71000, 48.
27.72000, 52.
27.73000, 47.
27.74000, 37.
27.75000, 43.
27.76000, 44.
27.77000, 42.
27.78000, 49.
27.79000, 38.
27.80000, 39.
27.81000, 53.
27.82000, 44.
27.83000, 37.
27.84000, 43.
27.85000, 40.
27.86000, 42.
27.87000, 47.
27.88000, 50.
27.89000, 55.
27.90000, 43.
27.91000, 50.
27.92000, 42.
27.93000, 41.
27.94000, 53.
27.95000, 60.
27.96000, 41.
27.97000, 47.
27.98000, 40.
27.99000, 42.
28.00000, 42.
28.01000, 42.
28.02000, 46.
28.03000, 36.
28.04000, 45.
28.05000, 31.
28.06000, 49.
28.07000, 46.
28.08000, 46.
28.09000, 48.
28.10000, 36.
28.11000, 51.
28.12000, 44.
28.13000, 35.
28.14000, 43.
28.15000, 50.
28.16000, 44.
28.17000, 37.
28.18000, 52.
28.19000, 57.
28.20000, 52.
28.21000, 57.
28.22000, 51.
28.23000, 40.
28.24000, 47.
28.25000, 49.
28.26000, 45.
28.27000, 44.
28.28000, 41.
28.29000, 47.
28.30000, 52.
28.31000, 52.
28.32000, 46.
28.33000, 44.
28.34000, 42.
28.35000, 41.
28.36000, 44.
28.37000, 44.
28.38000, 50.
28.39000, 52.
28.40000, 37.
28.41000, 31.
28.42000, 60.
28.43000, 52.
28.44000, 38.
28.45000, 44.
28.46000, 41.
28.47000, 54.
28.48000, 47.
28.49000, 50.
28.50000, 40.
28.51000, 38.
28.52000, 47.
28.53000, 54.
28.54000, 37.
28.55000, 38.
28.56000, 55.
28.57000, 34.
28.58000, 40.
28.59000, 48.
28.60000, 53.
28.61000, 48.
28.62000, 51.
28.63000, 41.
28.64000, 40.
28.65000, 49.
28.66000, 57.
28.67000, 39.
28.68000, 41.
28.69000, 39.
28.70000, 51.
28.71000, 44.
28.72000, 44.
28.73000, 37.
28.74000, 31.
28.75000, 31.
28.76000, 45.
28.77000, 46.
28.78000, 47.
28.79000, 49.
28.80000, 52.
28.81000, 42.
28.82000, 35.
28.83000, 60.
28.84000, 44.
28.85000, 38.
28.86000, 35.
28.87000, 39.
28.88000, 42.
28.89000, 60.
28.90000, 51.
28.91000, 34.
28.92000, 46.
28.93000, 44.
28.94000, 36.
28.95000, 44.
28.96000, 34.
28.97000, 49.
28.98000, 51.
28.99000, 41.
29.00000, 57.
29.01000, 48.
29.02000, 38.
29.03000, 46.
29.04000, 48.
29.05000, 43.
29.06000, 44.
29.07000, 44.
29.08000, 38.
29.09000, 30.
29.10000, 39.
29.11000, 46.
29.12000, 42.
29.13000, 34.
29.14000, 35.
29.15000, 45.
29.16000, 44.
29.17000, 45.
29.18000, 34.
29.19000, 31.
29.20000, 27.
29.21000, 43.
29.22000, 42.
29.23000, 33.
29.24000, 37.
29.25000, 48.
29.26000, 33.
29.27000, 32.
29.28000, 43.
29.29000, 40.
29.30000, 26.
29.31000, 36.
29.32000, 44.
29.33000, 42.
29.34000, 35.
29.35000, 52.
29.36000, 41.
29.37000, 27.
29.38000, 33.
29.39000, 30.
29.40000, 31.
29.41000, 37.
29.42000, 32.
29.43000, 33.
29.44000, 44.
29.45000, 34.
29.46000, 33.
29.47000, 30.
29.48000, 49.
29.49000, 45.
29.50000, 45.
29.51000, 36.
29.52000, 47.
29.53000, 33.
29.54000, 32.
29.55000, 41.
29.56000, 41.
29.57000, 30.
29.58000, 32.
29.59000, 48.
29.60000, 37.
29.61000, 33.
29.62000, 27.
29.63000, 47.
29.64000, 41.
29.65000, 46.
29.66000, 32.
29.67000, 44.
29.68000, 40.
29.69000, 39.
29.70000, 37.
29.71000, 32.
29.72000, 28.
29.73000, 30.
29.74000, 27.
29.75000, 37.
29.76000, 31.
29.77000, 35.
29.78000, 36.
29.79000, 41.
29.80000, 47.
29.81000, 34.
29.82000, 50.
29.83000, 35.
29.84000, 38.
29.85000, 41.
29.86000, 46.
29.87000, 39.
29.88000, 33.
29.89000, 41.
29.90000, 21.
29.91000, 29.
29.92000, 45.
29.93000, 41.
29.94000, 47.
29.95000, 26.
29.96000, 34.
29.97000, 28.
29.98000, 49.
29.99000, 39.
30.00000, 49.
30.01000, 39.
30.02000, 42.
30.03000, 26.
30.04000, 26.
30.05000, 34.
30.06000, 24.
30.07000, 35.
30.08000, 39.
30.09000, 36.
30.10000, 37.
30.11000, 34.
30.12000, 41.
30.13000, 41.
30.14000, 26.
30.15000, 32.
30.16000, 28.
30.17000, 32.
30.18000, 39.
30.19000, 35.
30.20000, 33.
30.21000, 39.
30.22000, 33.
30.23000, 30.
30.24000, 26.
30.25000, 34.
30.26000, 37.
30.27000, 31.
30.28000, 33.
30.29000, 31.
30.30000, 38.
30.31000, 21.
30.32000, 39.
30.33000, 34.
30.34000, 36.
30.35000, 25.
30.36000, 37.
30.37000, 41.
30.38000, 43.
30.39000, 35.
30.40000, 40.
30.41000, 26.
30.42000, 33.
30.43000, 32.
30.44000, 38.
30.45000, 39.
30.46000, 36.
30.47000, 29.
30.48000, 32.
30.49000, 31.
30.50000, 35.
30.51000, 32.
30.52000, 38.
30.53000, 37.
30.54000, 28.
30.55000, 32.
30.56000, 29.
30.57000, 29.
30.58000, 35.
30.59000, 31.
30.60000, 36.
30.61000, 36.
30.62000, 31.
30.63000, 31.
30.64000, 26.
30.65000, 38.
30.66000, 31.
30.67000, 37.
30.68000, 28.
30.69000, 31.
30.70000, 33.
30.71000, 30.
30.72000, 40.
30.73000, 49.
30.74000, 30.
30.75000, 32.
30.76000, 35.
30.77000, 29.
30.78000, 38.
30.79000, 30.
30.80000, 29.
30.81000, 37.
30.82000, 25.
30.83000, 22.
30.84000, 23.
30.85000, 36.
30.86000, 34.
30.87000, 23.
30.88000, 31.
30.89000, 34.
30.90000, 35.
30.91000, 26.
30.92000, 29.
30.93000, 27.
30.94000, 34.
30.95000, 33.
30.96000, 30.
30.97000, 32.
30.98000, 32.
30.99000, 38.
31.00000, 35.
31.01000, 36.
31.02000, 28.
31.03000, 19.
31.04000, 33.
31.05000, 37.
31.06000, 34.
31.07000, 34.
31.08000, 31.
31.09000, 34.
31.10000, 31.
31.11000, 25.
31.12000, 34.
31.13000, 26.
31.14000, 34.
31.15000, 31.
31.16000, 21.
31.17000, 28.
31.18000, 30.
31.19000, 36.
31.20000, 30.
31.21000, 26.
31.22000, 30.
31.23000, 27.
31.24000, 23.
31.25000, 41.
31.26000, 30.
31.27000, 32.
31.28000, 22.
31.29000, 33.
31.30000, 24.
31.31000, 26.
31.32000, 33.
31.33000, 14.
31.34000, 30.
31.35000, 38.
31.36000, 27.
31.37000, 27.
31.38000, 27.
31.39000, 38.
31.40000, 33.
31.41000, 30.
31.42000, 35.
31.43000, 21.
31.44000, 29.
31.45000, 26.
31.46000, 29.
31.47000, 35.
31.48000, 39.
31.49000, 18.
31.50000, 34.
31.51000, 34.
31.52000, 23.
31.53000, 39.
31.54000, 27.
31.55000, 44.
31.56000, 28.
31.57000, 26.
31.58000, 32.
31.59000, 29.
31.60000, 24.
31.61000, 34.
31.62000, 40.
31.63000, 33.
31.64000, 31.
31.65000, 36.
31.66000, 31.
31.67000, 25.
31.68000, 30.
31.69000, 42.
31.70000, 41.
31.71000, 28.
31.72000, 34.
31.73000, 32.
31.74000, 38.
31.75000, 35.
31.76000, 35.
31.77000, 43.
31.78000, 37.
31.79000, 23.
31.80000, 35.
31.81000, 28.
31.82000, 33.
31.83000, 31.
31.84000, 33.
31.85000, 46.
31.86000, 33.
31.87000, 40.
31.88000, 35.
31.89000, 23.
31.90000, 34.
31.91000, 47.
31.92000, 38.
31.93000, 25.
31.94000, 31.
31.95000, 42.
31.96000, 36.
31.97000, 41.
31.98000, 36.
31.99000, 29.
32.00000, 38.
32.01000, 32.
32.02000, 35.
32.03000, 34.
32.04000, 37.
32.05000, 42.
32.06000, 40.
32.07000, 38.
32.08000, 25.
32.09000, 47.
32.10000, 46.
32.11000, 42.
32.12000, 41.
32.13000, 31.
32.14000, 37.
32.15000, 40.
32.16000, 46.
32.17000, 39.
32.18000, 47.
32.19000, 39.
32.20000, 39.
32.21000, 42.
32.22000, 37.
32.23000, 21.
32.24000, 21.
32.25000, 31.
32.26000, 29.
32.27000, 36.
32.28000, 29.
32.29000, 21.
32.30000, 28.
32.31000, 40.
32.32000, 26.
32.33000, 18.
32.34000, 35.
32.35000, 33.
32.36000, 39.
32.37000, 39.
32.38000, 34.
32.39000, 28.
32.40000, 30.
32.41000, 25.
32.42000, 32.
32.43000, 27.
32.44000, 28.
32.45000, 26.
32.46000, 27.
32.47000, 19.
32.48000, 21.
32.49000, 27.
32.50000, 22.
32.51000, 26.
32.52000, 29.
32.53000, 29.
32.54000, 24.
32.55000, 17.
32.56000, 25.
32.57000, 26.
32.58000, 22.
32.59000, 21.
32.60000, 27.
32.61000, 17.
32.62000, 30.
32.63000, 36.
32.64000, 33.
32.65000, 16.
32.66000, 37.
32.67000, 19.
32.68000, 27.
32.69000, 15.
32.70000, 23.
32.71000, 16.
32.72000, 32.
32.73000, 22.
32.74000, 21.
32.75000, 22.
32.76000, 19.
32.77000, 20.
32.78000, 28.
32.79000, 25.
32.80000, 25.
32.81000, 25.
32.82000, 22.
32.83000, 33.
32.84000, 22.
32.85000, 18.
32.86000, 25.
32.87000, 21.
32.88000, 22.
32.89000, 27.
32.90000, 29.
32.91000, 21.
32.92000, 27.
32.93000, 20.
32.94000, 24.
32.95000, 20.
32.96000, 28.
32.97000, 19.
32.98000, 24.
32.99000, 17.
33.00000, 23.
33.01000, 16.
33.02000, 20.
33.03000, 19.
33.04000, 29.
33.05000, 19.
33.06000, 26.
33.07000, 29.
33.08000, 22.
33.09000, 16.
33.10000, 27.
33.11000, 25.
33.12000, 31.
33.13000, 21.
33.14000, 24.
33.15000, 21.
33.16000, 25.
33.17000, 31.
33.18000, 30.
33.19000, 19.
33.20000, 26.
33.21000, 21.
33.22000, 17.
33.23000, 16.
33.24000, 23.
33.25000, 15.
33.26000, 17.
33.27000, 22.
33.28000, 11.
33.29000, 24.
33.30000, 23.
33.31000, 12.
33.32000, 18.
33.33000, 21.
33.34000, 24.
33.35000, 17.
33.36000, 22.
33.37000, 25.
33.38000, 28.
33.39000, 26.
33.40000, 20.
33.41000, 20.
33.42000, 29.
33.43000, 19.
33.44000, 18.
33.45000, 26.
33.46000, 19.
33.47000, 21.
33.48000, 19.
33.49000, 26.
33.50000, 22.
33.51000, 19.
33.52000, 24.
33.53000, 27.
33.54000, 28.
33.55000, 19.
33.56000, 26.
33.57000, 24.
33.58000, 21.
33.59000, 26.
33.60000, 31.
33.61000, 19.
33.62000, 28.
33.63000, 21.
33.64000, 18.
33.65000, 24.
33.66000, 20.
33.67000, 26.
33.68000, 23.
33.69000, 25.
33.70000, 13.
33.71000, 20.
33.72000, 19.
33.73000, 27.
33.74000, 24.
33.75000, 20.
33.76000, 17.
33.77000, 17.
33.78000, 23.
33.79000, 23.
33.80000, 19.
33.81000, 20.
33.82000, 29.
33.83000, 16.
33.84000, 22.
33.85000, 24.
33.86000, 22.
33.87000, 17.
33.88000, 22.
33.89000, 19.
33.90000, 11.
33.91000, 26.
33.92000, 25.
33.93000, 17.
33.94000, 20.
33.95000, 18.
33.96000, 16.
33.97000, 17.
33.98000, 16.
33.99000, 15.
34.00000, 18.
34.01000, 14.
34.02000, 17.
34.03000, 22.
34.04000, 21.
34.05000, 22.
34.06000, 25.
34.07000, 22.
34.08000, 18.
34.09000, 33.
34.10000, 24.
34.11000, 21.
34.12000, 20.
34.13000, 15.
34.14000, 17.
34.15000, 18.
34.16000, 17.
34.17000, 17.
34.18000, 17.
34.19000, 19.
34.20000, 16.
34.21000, 19.
34.22000, 26.
34.23000, 19.
34.24000, 26.
34.25000, 18.
34.26000, 24.
34.27000, 23.
34.28000, 18.
34.29000, 26.
34.30000, 24.
34.31000, 20.
34.32000, 20.
34.33000, 20.
34.34000, 26.
34.35000, 14.
34.36000, 18.
34.37000, 22.
34.38000, 14.
34.39000, 19.
34.40000, 24.
34.41000, 28.
34.42000, 14.
34.43000, 19.
34.44000, 23.
34.45000, 22.
34.46000, 18.
34.47000, 16.
34.48000, 22.
34.49000, 19.
34.50000, 13.
34.51000, 16.
34.52000, 28.
34.53000, 15.
34.54000, 20.
34.55000, 17.
34.56000, 21.
34.57000, 11.
34.58000, 19.
34.59000, 19.
34.60000, 23.
34.61000, 20.
34.62000, 19.
34.63000, 20.
34.64000, 25.
34.65000, 21.
34.66000, 26.
34.67000, 21.
34.68000, 22.
34.69000, 17.
34.70000, 24.
34.71000, 16.
34.72000, 19.
34.73000, 18.
34.74000, 23.
34.75000, 15.
34.76000, 22.
34.77000, 12.
34.78000, 20.
34.79000, 16.
34.80000, 20.
34.81000, 21.
34.82000, 20.
34.83000, 14.
34.84000, 20.
34.85000, 18.
34.86000, 21.
34.87000, 20.
34.88000, 15.
34.89000, 16.
34.90000, 12.
34.91000, 13.
34.92000, 21.
34.93000, 11.
34.94000, 14.
34.95000, 15.
34.96000, 12.
34.97000, 20.
34.98000, 15.
34.99000, 9.
35.00000, 18.
35.01000, 14.
35.02000, 11.
35.03000, 15.
35.04000, 18.
35.05000, 20.
35.06000, 16.
35.07000, 16.
35.08000, 10.
35.09000, 20.
35.10000, 9.
35.11000, 16.
35.12000, 10.
35.13000, 13.
35.14000, 16.
35.15000, 25.
35.16000, 24.
35.17000, 19.
35.18000, 13.
35.19000, 21.
35.20000, 17.
35.21000, 16.
35.22000, 15.
35.23000, 27.
35.24000, 18.
35.25000, 13.
35.26000, 21.
35.27000, 20.
35.28000, 16.
35.29000, 15.
35.30000, 14.
35.31000, 9.
35.32000, 15.
35.33000, 12.
35.34000, 17.
35.35000, 11.
35.36000, 16.
35.37000, 14.
35.38000, 12.
35.39000, 27.
35.40000, 14.
35.41000, 15.
35.42000, 8.
35.43000, 11.
35.44000, 17.
35.45000, 12.
35.46000, 16.
35.47000, 13.
35.48000, 16.
35.49000, 15.
35.50000, 17.
35.51000, 20.
35.52000, 27.
35.53000, 18.
35.54000, 22.
35.55000, 10.
35.56000, 10.
35.57000, 18.
35.58000, 17.
35.59000, 23.
35.60000, 16.
35.61000, 9.
35.62000, 17.
35.63000, 16.
35.64000, 15.
35.65000, 11.
35.66000, 14.
35.67000, 15.
35.68000, 10.
35.69000, 9.
35.70000, 11.
35.71000, 14.
35.72000, 12.
35.73000, 14.
35.74000, 10.
35.75000, 17.
35.76000, 16.
35.77000, 19.
35.78000, 15.
35.79000, 13.
35.80000, 13.
35.81000, 20.
35.82000, 24.
35.83000, 17.
35.84000, 15.
35.85000, 10.
35.86000, 20.
35.87000, 14.
35.88000, 24.
35.89000, 19.
35.90000, 13.
35.91000, 10.
35.92000, 11.
35.93000, 11.
35.94000, 16.
35.95000, 18.
35.96000, 22.
35.97000, 20.
35.98000, 12.
35.99000, 15.
36.00000, 16.
36.01000, 13.
36.02000, 13.
36.03000, 10.
36.04000, 14.
36.05000, 12.
36.06000, 14.
36.07000, 14.
36.08000, 16.
36.09000, 11.
36.10000, 9.
36.11000, 19.
36.12000, 13.
36.13000, 10.
36.14000, 20.
36.15000, 15.
36.16000, 19.
36.17000, 12.
36.18000, 9.
36.19000, 13.
36.20000, 11.
36.21000, 18.
36.22000, 10.
36.23000, 14.
36.24000, 14.
36.25000, 11.
36.26000, 16.
36.27000, 17.
36.28000, 23.
36.29000, 20.
36.30000, 13.
36.31000, 15.
36.32000, 11.
36.33000, 19.
36.34000, 11.
36.35000, 12.
36.36000, 16.
36.37000, 14.
36.38000, 8.
36.39000, 10.
36.40000, 13.
36.41000, 14.
36.42000, 13.
36.43000, 13.
36.44000, 10.
36.45000, 7.
36.46000, 16.
36.47000, 16.
36.48000, 12.
36.49000, 10.
36.50000, 13.
36.51000, 23.
36.52000, 17.
36.53000, 13.
36.54000, 8.
36.55000, 8.
36.56000, 8.
36.57000, 13.
36.58000, 9.
36.59000, 13.
36.60000, 14.
36.61000, 13.
36.62000, 14.
36.63000, 5.
36.64000, 20.
36.65000, 7.
36.66000, 10.
36.67000, 17.
36.68000, 14.
36.69000, 7.
36.70000, 10.
36.71000, 9.
36.72000, 11.
36.73000, 15.
36.74000, 10.
36.75000, 21.
36.76000, 11.
36.77000, 7.
36.78000, 15.
36.79000, 10.
36.80000, 11.
36.81000, 10.
36.82000, 11.
36.83000, 12.
36.84000, 15.
36.85000, 12.
36.86000, 8.
36.87000, 14.
36.88000, 12.
36.89000, 14.
36.90000, 12.
36.91000, 11.
36.92000, 13.
36.93000, 9.
36.94000, 14.
36.95000, 14.
36.96000, 12.
36.97000, 18.
36.98000, 11.
36.99000, 10.
37.00000, 12.
37.01000, 15.
37.02000, 19.
37.03000, 10.
37.04000, 8.
37.05000, 12.
37.06000, 12.
37.07000, 14.
37.08000, 13.
37.09000, 12.
37.10000, 12.
37.11000, 13.
37.12000, 14.
37.13000, 18.
37.14000, 10.
37.15000, 9.
37.16000, 14.
37.17000, 7.
37.18000, 18.
37.19000, 15.
37.20000, 21.
37.21000, 14.
37.22000, 16.
37.23000, 11.
37.24000, 12.
37.25000, 9.
37.26000, 10.
37.27000, 15.
37.28000, 17.
37.29000, 13.
37.30000, 13.
37.31000, 8.
37.32000, 12.
37.33000, 21.
37.34000, 12.
37.35000, 8.
37.36000, 10.
37.37000, 13.
37.38000, 10.
37.39000, 9.
37.40000, 15.
37.41000, 14.
37.42000, 15.
37.43000, 7.
37.44000, 10.
37.45000, 12.
37.46000, 17.
37.47000, 9.
37.48000, 9.
37.49000, 7.
37.50000, 7.
37.51000, 9.
37.52000, 19.
37.53000, 13.
37.54000, 7.
37.55000, 14.
37.56000, 10.
37.57000, 18.
37.58000, 14.
37.59000, 11.
37.60000, 8.
37.61000, 7.
37.62000, 11.
37.63000, 13.
37.64000, 11.
37.65000, 7.
37.66000, 9.
37.67000, 17.
37.68000, 8.
37.69000, 14.
37.70000, 6.
37.71000, 16.
37.72000, 9.
37.73000, 10.
37.74000, 11.
37.75000, 7.
37.76000, 11.
37.77000, 6.
37.78000, 12.
37.79000, 5.
37.80000, 9.
37.81000, 10.
37.82000, 15.
37.83000, 11.
37.84000, 17.
37.85000, 11.
37.86000, 7.
37.87000, 8.
37.88000, 14.
37.89000, 11.
37.90000, 8.
37.91000, 7.
37.92000, 10.
37.93000, 15.
37.94000, 14.
37.95000, 13.
37.96000, 4.
37.97000, 4.
37.98000, 13.
37.99000, 14.
38.00000, 12.
38.01000, 10.
38.02000, 17.
38.03000, 10.
38.04000, 14.
38.05000, 10.
38.06000, 10.
38.07000, 14.
38.08000, 9.
38.09000, 10.
38.10000, 11.
38.11000, 6.
38.12000, 10.
38.13000, 12.
38.14000, 13.
38.15000, 13.
38.16000, 12.
38.17000, 7.
38.18000, 12.
38.19000, 12.
38.20000, 10.
38.21000, 10.
38.22000, 6.
38.23000, 7.
38.24000, 10.
38.25000, 9.
38.26000, 8.
38.27000, 10.
38.28000, 8.
38.29000, 10.
38.30000, 11.
38.31000, 8.
38.32000, 9.
38.33000, 8.
38.34000, 11.
38.35000, 8.
38.36000, 7.
38.37000, 14.
38.38000, 10.
38.39000, 6.
38.40000, 10.
38.41000, 9.
38.42000, 8.
38.43000, 8.
38.44000, 11.
38.45000, 12.
38.46000, 7.
38.47000, 8.
38.48000, 8.
38.49000, 9.
38.50000, 12.
38.51000, 11.
38.52000, 7.
38.53000, 3.
38.54000, 8.
38.55000, 5.
38.56000, 9.
38.57000, 6.
38.58000, 4.
38.59000, 4.
38.60000, 7.
38.61000, 9.
38.62000, 9.
38.63000, 5.
38.64000, 9.
38.65000, 5.
38.66000, 15.
38.67000, 9.
38.68000, 8.
38.69000, 5.
38.70000, 16.
38.71000, 15.
38.72000, 8.
38.73000, 7.
38.74000, 6.
38.75000, 6.
38.76000, 5.
38.77000, 7.
38.78000, 9.
38.79000, 4.
38.80000, 5.
38.81000, 9.
38.82000, 10.
38.83000, 4.
38.84000, 8.
38.85000, 15.
38.86000, 6.
38.87000, 7.
38.88000, 9.
38.89000, 11.
38.90000, 6.
38.91000, 8.
38.92000, 4.
38.93000, 9.
38.94000, 7.
38.95000, 6.
38.96000, 14.
38.97000, 9.
38.98000, 5.
38.99000, 10.
39.00000, 8.
39.01000, 10.
39.02000, 8.
39.03000, 7.
39.04000, 4.
39.05000, 5.
39.06000, 8.
39.07000, 5.
39.08000, 7.
39.09000, 8.
39.10000, 9.
39.11000, 6.
39.12000, 7.
39.13000, 12.
39.14000, 8.
39.15000, 13.
39.16000, 8.
39.17000, 4.
39.18000, 8.
39.19000, 9.
39.20000, 7.
39.21000, 8.
39.22000, 11.
39.23000, 4.
39.24000, 6.
39.25000, 8.
39.26000, 4.
39.27000, 10.
39.28000, 9.
39.29000, 3.
39.30000, 6.
39.31000, 7.
39.32000, 4.
39.33000, 4.
39.34000, 3.
39.35000, 8.
39.36000, 10.
39.37000, 5.
39.38000, 8.
39.39000, 6.
39.40000, 4.
39.41000, 7.
39.42000, 13.
39.43000, 5.
39.44000, 4.
39.45000, 4.
39.46000, 6.
39.47000, 8.
39.48000, 6.
39.49000, 8.
39.50000, 7.
39.51000, 7.
39.52000, 6.
39.53000, 12.
39.54000, 3.
39.55000, 5.
39.56000, 3.
39.57000, 7.
39.58000, 8.
39.59000, 3.
39.60000, 0.
39.61000, 5.
39.62000, 6.
39.63000, 5.
39.64000, 6.
39.65000, 9.
39.66000, 5.
39.67000, 8.
39.68000, 5.
39.69000, 5.
39.70000, 5.
39.71000, 4.
39.72000, 5.
39.73000, 11.
39.74000, 8.
39.75000, 7.
39.76000, 3.
39.77000, 3.
39.78000, 7.
39.79000, 8.
39.80000, 7.
39.81000, 3.
39.82000, 8.
39.83000, 2.
39.84000, 5.
39.85000, 3.
39.86000, 8.
39.87000, 6.
39.88000, 8.
39.89000, 4.
39.90000, 5.
39.91000, 5.
39.92000, 3.
39.93000, 9.
39.94000, 9.
39.95000, 5.
39.96000, 7.
39.97000, 4.
39.98000, 3.
39.99000, 4.
40.00000, 9.
40.01000, 3.
40.02000, 2.
40.03000, 3.
40.04000, 7.
40.05000, 2.
40.06000, 5.
40.07000, 8.
40.08000, 1.
40.09000, 6.
40.10000, 4.
40.11000, 4.
40.12000, 3.
40.13000, 2.
40.14000, 9.
40.15000, 5.
40.16000, 3.
40.17000, 7.
40.18000, 6.
40.19000, 3.
40.20000, 3.
40.21000, 10.
40.22000, 18.
40.23000, 4.
40.24000, 6.
40.25000, 4.
40.26000, 6.
40.27000, 1.
40.28000, 5.
40.29000, 5.
40.30000, 8.
40.31000, 5.
40.32000, 5.
40.33000, 2.
40.34000, 5.
40.35000, 6.
40.36000, 3.
40.37000, 5.
40.38000, 3.
40.39000, 6.
40.40000, 10.
40.41000, 12.
40.42000, 3.
40.43000, 7.
40.44000, 4.
40.45000, 5.
40.46000, 4.
40.47000, 3.
40.48000, 5.
40.49000, 3.
40.50000, 4.
40.51000, 0.
40.52000, 5.
40.53000, 5.
40.54000, 7.
40.55000, 0.
#ENDOFDATA   : 
