#FORMAT      : EMSA/MAS Spectral Data File
#VERSION     : 1.0
#TITLE       : Spectrum 13
#DATE        : 21-AUG-2025
#TIME        : 15:17
#OWNER       : XGT7200
#NPOINTS     : 4096.
#NCOLUMNS    : 1.
#XUNITS      : keV
#YUNITS      : counts
#DATATYPE    : XY
#XPERCHAN    : 0.0100000
#OFFSET      : -0.400000
#SIGNALTYPE  : EDS
#CHOFFSET    : 40.0000
#LIVETIME    : 30.000000
#REALTIME    : 39.694234
#BEAMKV      : 50.0000
#PROBECUR    : 713000.
#MAGCAM      : 100.000
#XTILTSTGE   : 0.0
#AZIMANGLE   : 0.0
#ELEVANGLE   : 45.0
#XPOSITION mm: 0.0000
#YPOSITION mm: 0.0000
#ZPOSITION mm: 0.0000
##OXINSTPT   : 4
##OXINSTSTROB: 71.96
#SPECTRUM    : Spectral Data Starts Here
-0.40000, 0.
-0.39000, 0.
-0.38000, 0.
-0.37000, 0.
-0.36000, 0.
-0.35000, 0.
-0.34000, 0.
-0.33000, 0.
-0.32000, 0.
-0.31000, 0.
-0.30000, 0.
-0.29000, 0.
-0.28000, 0.
-0.27000, 0.
-0.26000, 0.
-0.25000, 0.
-0.24000, 0.
-0.23000, 0.
-0.22000, 0.
-0.21000, 0.
-0.20000, 0.
-0.19000, 0.
-0.18000, 0.
-0.17000, 0.
-0.16000, 0.
-0.15000, 0.
-0.14000, 0.
-0.13000, 0.
-0.12000, 0.
-0.11000, 0.
-0.10000, 0.
-0.09000, 0.
-0.08000, 0.
-0.07000, 0.
-0.06000, 0.
-0.05000, 0.
-0.04000, 0.
-0.03000, 0.
-0.02000, 0.
-0.01000, 0.
0.00000, 0.
0.01000, 0.
0.02000, 0.
0.03000, 0.
0.04000, 0.
0.05000, 0.
0.06000, 0.
0.07000, 0.
0.08000, 0.
0.09000, 0.
0.10000, 0.
0.11000, 0.
0.12000, 0.
0.13000, 0.
0.14000, 0.
0.15000, 0.
0.16000, 0.
0.17000, 0.
0.18000, 0.
0.19000, 0.
0.20000, 0.
0.21000, 0.
0.22000, 0.
0.23000, 0.
0.24000, 0.
0.25000, 0.
0.26000, 0.
0.27000, 0.
0.28000, 0.
0.29000, 0.
0.30000, 0.
0.31000, 0.
0.32000, 1.
0.33000, 0.
0.34000, 2.
0.35000, 2.
0.36000, 7.
0.37000, 10.
0.38000, 10.
0.39000, 17.
0.40000, 27.
0.41000, 34.
0.42000, 43.
0.43000, 36.
0.44000, 53.
0.45000, 46.
0.46000, 55.
0.47000, 56.
0.48000, 60.
0.49000, 50.
0.50000, 41.
0.51000, 59.
0.52000, 53.
0.53000, 39.
0.54000, 52.
0.55000, 49.
0.56000, 69.
0.57000, 53.
0.58000, 63.
0.59000, 57.
0.60000, 55.
0.61000, 47.
0.62000, 52.
0.63000, 39.
0.64000, 42.
0.65000, 40.
0.66000, 36.
0.67000, 49.
0.68000, 44.
0.69000, 38.
0.70000, 36.
0.71000, 39.
0.72000, 41.
0.73000, 47.
0.74000, 53.
0.75000, 31.
0.76000, 32.
0.77000, 51.
0.78000, 37.
0.79000, 50.
0.80000, 42.
0.81000, 45.
0.82000, 50.
0.83000, 57.
0.84000, 57.
0.85000, 72.
0.86000, 49.
0.87000, 65.
0.88000, 54.
0.89000, 55.
0.90000, 61.
0.91000, 63.
0.92000, 50.
0.93000, 63.
0.94000, 60.
0.95000, 57.
0.96000, 41.
0.97000, 56.
0.98000, 62.
0.99000, 64.
1.00000, 50.
1.01000, 70.
1.02000, 71.
1.03000, 65.
1.04000, 70.
1.05000, 67.
1.06000, 68.
1.07000, 61.
1.08000, 63.
1.09000, 42.
1.10000, 50.
1.11000, 54.
1.12000, 51.
1.13000, 43.
1.14000, 54.
1.15000, 42.
1.16000, 44.
1.17000, 49.
1.18000, 55.
1.19000, 53.
1.20000, 57.
1.21000, 73.
1.22000, 57.
1.23000, 54.
1.24000, 90.
1.25000, 99.
1.26000, 83.
1.27000, 96.
1.28000, 77.
1.29000, 65.
1.30000, 88.
1.31000, 55.
1.32000, 48.
1.33000, 60.
1.34000, 44.
1.35000, 40.
1.36000, 46.
1.37000, 37.
1.38000, 43.
1.39000, 73.
1.40000, 85.
1.41000, 132.
1.42000, 175.
1.43000, 252.
1.44000, 305.
1.45000, 399.
1.46000, 549.
1.47000, 621.
1.48000, 666.
1.49000, 660.
1.50000, 702.
1.51000, 647.
1.52000, 542.
1.53000, 533.
1.54000, 387.
1.55000, 309.
1.56000, 253.
1.57000, 194.
1.58000, 146.
1.59000, 114.
1.60000, 102.
1.61000, 117.
1.62000, 127.
1.63000, 236.
1.64000, 302.
1.65000, 523.
1.66000, 800.
1.67000, 1227.
1.68000, 1901.
1.69000, 2583.
1.70000, 3505.
1.71000, 4341.
1.72000, 5094.
1.73000, 5813.
1.74000, 6211.
1.75000, 6187.
1.76000, 5980.
1.77000, 5324.
1.78000, 4589.
1.79000, 3687.
1.80000, 2899.
1.81000, 2132.
1.82000, 1555.
1.83000, 1144.
1.84000, 784.
1.85000, 551.
1.86000, 422.
1.87000, 286.
1.88000, 227.
1.89000, 173.
1.90000, 146.
1.91000, 100.
1.92000, 80.
1.93000, 92.
1.94000, 84.
1.95000, 76.
1.96000, 63.
1.97000, 81.
1.98000, 72.
1.99000, 67.
2.00000, 71.
2.01000, 59.
2.02000, 79.
2.03000, 61.
2.04000, 75.
2.05000, 62.
2.06000, 43.
2.07000, 58.
2.08000, 41.
2.09000, 33.
2.10000, 51.
2.11000, 29.
2.12000, 37.
2.13000, 37.
2.14000, 41.
2.15000, 36.
2.16000, 29.
2.17000, 42.
2.18000, 34.
2.19000, 78.
2.20000, 87.
2.21000, 96.
2.22000, 148.
2.23000, 217.
2.24000, 296.
2.25000, 379.
2.26000, 474.
2.27000, 621.
2.28000, 700.
2.29000, 784.
2.30000, 845.
2.31000, 912.
2.32000, 847.
2.33000, 800.
2.34000, 715.
2.35000, 591.
2.36000, 527.
2.37000, 416.
2.38000, 315.
2.39000, 253.
2.40000, 181.
2.41000, 147.
2.42000, 128.
2.43000, 120.
2.44000, 112.
2.45000, 98.
2.46000, 127.
2.47000, 103.
2.48000, 112.
2.49000, 143.
2.50000, 126.
2.51000, 164.
2.52000, 232.
2.53000, 279.
2.54000, 407.
2.55000, 508.
2.56000, 677.
2.57000, 873.
2.58000, 1040.
2.59000, 1287.
2.60000, 1498.
2.61000, 1753.
2.62000, 1840.
2.63000, 1859.
2.64000, 1836.
2.65000, 1796.
2.66000, 1638.
2.67000, 1535.
2.68000, 1262.
2.69000, 1131.
2.70000, 1006.
2.71000, 857.
2.72000, 728.
2.73000, 610.
2.74000, 522.
2.75000, 475.
2.76000, 411.
2.77000, 379.
2.78000, 372.
2.79000, 346.
2.80000, 364.
2.81000, 362.
2.82000, 420.
2.83000, 381.
2.84000, 392.
2.85000, 349.
2.86000, 305.
2.87000, 316.
2.88000, 292.
2.89000, 232.
2.90000, 211.
2.91000, 161.
2.92000, 164.
2.93000, 123.
2.94000, 90.
2.95000, 91.
2.96000, 95.
2.97000, 83.
2.98000, 77.
2.99000, 72.
3.00000, 71.
3.01000, 55.
3.02000, 68.
3.03000, 45.
3.04000, 46.
3.05000, 46.
3.06000, 38.
3.07000, 44.
3.08000, 33.
3.09000, 33.
3.10000, 29.
3.11000, 32.
3.12000, 21.
3.13000, 43.
3.14000, 37.
3.15000, 37.
3.16000, 31.
3.17000, 32.
3.18000, 50.
3.19000, 57.
3.20000, 66.
3.21000, 80.
3.22000, 116.
3.23000, 164.
3.24000, 180.
3.25000, 235.
3.26000, 261.
3.27000, 367.
3.28000, 430.
3.29000, 417.
3.30000, 486.
3.31000, 540.
3.32000, 548.
3.33000, 551.
3.34000, 548.
3.35000, 410.
3.36000, 382.
3.37000, 350.
3.38000, 269.
3.39000, 198.
3.40000, 161.
3.41000, 119.
3.42000, 102.
3.43000, 76.
3.44000, 45.
3.45000, 57.
3.46000, 39.
3.47000, 49.
3.48000, 37.
3.49000, 59.
3.50000, 52.
3.51000, 68.
3.52000, 62.
3.53000, 94.
3.54000, 91.
3.55000, 104.
3.56000, 135.
3.57000, 144.
3.58000, 183.
3.59000, 234.
3.60000, 299.
3.61000, 377.
3.62000, 493.
3.63000, 630.
3.64000, 691.
3.65000, 851.
3.66000, 941.
3.67000, 1155.
3.68000, 1171.
3.69000, 1284.
3.70000, 1204.
3.71000, 1184.
3.72000, 1072.
3.73000, 996.
3.74000, 799.
3.75000, 672.
3.76000, 532.
3.77000, 403.
3.78000, 333.
3.79000, 217.
3.80000, 157.
3.81000, 119.
3.82000, 78.
3.83000, 65.
3.84000, 41.
3.85000, 43.
3.86000, 34.
3.87000, 26.
3.88000, 50.
3.89000, 48.
3.90000, 44.
3.91000, 62.
3.92000, 73.
3.93000, 85.
3.94000, 91.
3.95000, 113.
3.96000, 130.
3.97000, 164.
3.98000, 169.
3.99000, 194.
4.00000, 191.
4.01000, 218.
4.02000, 207.
4.03000, 198.
4.04000, 176.
4.05000, 179.
4.06000, 127.
4.07000, 138.
4.08000, 110.
4.09000, 108.
4.10000, 89.
4.11000, 68.
4.12000, 64.
4.13000, 45.
4.14000, 35.
4.15000, 40.
4.16000, 29.
4.17000, 32.
4.18000, 29.
4.19000, 36.
4.20000, 36.
4.21000, 25.
4.22000, 36.
4.23000, 24.
4.24000, 33.
4.25000, 46.
4.26000, 32.
4.27000, 37.
4.28000, 39.
4.29000, 35.
4.30000, 25.
4.31000, 39.
4.32000, 41.
4.33000, 48.
4.34000, 38.
4.35000, 54.
4.36000, 55.
4.37000, 63.
4.38000, 76.
4.39000, 91.
4.40000, 97.
4.41000, 149.
4.42000, 175.
4.43000, 248.
4.44000, 254.
4.45000, 301.
4.46000, 380.
4.47000, 410.
4.48000, 478.
4.49000, 550.
4.50000, 576.
4.51000, 524.
4.52000, 549.
4.53000, 559.
4.54000, 473.
4.55000, 446.
4.56000, 401.
4.57000, 357.
4.58000, 302.
4.59000, 228.
4.60000, 221.
4.61000, 140.
4.62000, 135.
4.63000, 133.
4.64000, 117.
4.65000, 107.
4.66000, 105.
4.67000, 101.
4.68000, 93.
4.69000, 76.
4.70000, 75.
4.71000, 80.
4.72000, 69.
4.73000, 68.
4.74000, 54.
4.75000, 60.
4.76000, 69.
4.77000, 51.
4.78000, 59.
4.79000, 73.
4.80000, 82.
4.81000, 78.
4.82000, 80.
4.83000, 98.
4.84000, 109.
4.85000, 107.
4.86000, 92.
4.87000, 109.
4.88000, 128.
4.89000, 124.
4.90000, 126.
4.91000, 161.
4.92000, 162.
4.93000, 148.
4.94000, 153.
4.95000, 152.
4.96000, 137.
4.97000, 121.
4.98000, 149.
4.99000, 104.
5.00000, 108.
5.01000, 97.
5.02000, 77.
5.03000, 72.
5.04000, 62.
5.05000, 56.
5.06000, 50.
5.07000, 59.
5.08000, 57.
5.09000, 52.
5.10000, 55.
5.11000, 54.
5.12000, 50.
5.13000, 56.
5.14000, 68.
5.15000, 62.
5.16000, 57.
5.17000, 51.
5.18000, 57.
5.19000, 69.
5.20000, 67.
5.21000, 63.
5.22000, 48.
5.23000, 49.
5.24000, 50.
5.25000, 60.
5.26000, 61.
5.27000, 65.
5.28000, 57.
5.29000, 47.
5.30000, 71.
5.31000, 67.
5.32000, 73.
5.33000, 82.
5.34000, 81.
5.35000, 78.
5.36000, 81.
5.37000, 92.
5.38000, 91.
5.39000, 82.
5.40000, 96.
5.41000, 88.
5.42000, 72.
5.43000, 93.
5.44000, 87.
5.45000, 90.
5.46000, 74.
5.47000, 79.
5.48000, 79.
5.49000, 75.
5.50000, 73.
5.51000, 51.
5.52000, 53.
5.53000, 59.
5.54000, 63.
5.55000, 74.
5.56000, 66.
5.57000, 64.
5.58000, 57.
5.59000, 76.
5.60000, 55.
5.61000, 61.
5.62000, 65.
5.63000, 58.
5.64000, 56.
5.65000, 57.
5.66000, 56.
5.67000, 54.
5.68000, 47.
5.69000, 49.
5.70000, 55.
5.71000, 60.
5.72000, 55.
5.73000, 50.
5.74000, 74.
5.75000, 60.
5.76000, 74.
5.77000, 66.
5.78000, 72.
5.79000, 83.
5.80000, 99.
5.81000, 100.
5.82000, 98.
5.83000, 107.
5.84000, 135.
5.85000, 136.
5.86000, 163.
5.87000, 164.
5.88000, 172.
5.89000, 168.
5.90000, 164.
5.91000, 155.
5.92000, 150.
5.93000, 147.
5.94000, 150.
5.95000, 125.
5.96000, 113.
5.97000, 134.
5.98000, 110.
5.99000, 98.
6.00000, 96.
6.01000, 83.
6.02000, 96.
6.03000, 97.
6.04000, 70.
6.05000, 70.
6.06000, 97.
6.07000, 82.
6.08000, 79.
6.09000, 75.
6.10000, 85.
6.11000, 78.
6.12000, 82.
6.13000, 84.
6.14000, 99.
6.15000, 95.
6.16000, 144.
6.17000, 136.
6.18000, 145.
6.19000, 164.
6.20000, 181.
6.21000, 224.
6.22000, 283.
6.23000, 436.
6.24000, 609.
6.25000, 803.
6.26000, 1220.
6.27000, 1540.
6.28000, 2203.
6.29000, 2909.
6.30000, 3794.
6.31000, 4847.
6.32000, 6048.
6.33000, 7421.
6.34000, 8782.
6.35000, 10073.
6.36000, 11113.
6.37000, 12483.
6.38000, 13183.
6.39000, 13655.
6.40000, 14039.
6.41000, 13641.
6.42000, 13009.
6.43000, 12136.
6.44000, 11187.
6.45000, 9880.
6.46000, 8408.
6.47000, 7095.
6.48000, 5571.
6.49000, 4780.
6.50000, 3791.
6.51000, 2701.
6.52000, 1996.
6.53000, 1488.
6.54000, 1091.
6.55000, 745.
6.56000, 515.
6.57000, 409.
6.58000, 261.
6.59000, 244.
6.60000, 152.
6.61000, 136.
6.62000, 134.
6.63000, 134.
6.64000, 123.
6.65000, 92.
6.66000, 105.
6.67000, 81.
6.68000, 116.
6.69000, 93.
6.70000, 111.
6.71000, 106.
6.72000, 109.
6.73000, 104.
6.74000, 109.
6.75000, 98.
6.76000, 102.
6.77000, 95.
6.78000, 113.
6.79000, 119.
6.80000, 135.
6.81000, 108.
6.82000, 131.
6.83000, 136.
6.84000, 137.
6.85000, 136.
6.86000, 168.
6.87000, 182.
6.88000, 189.
6.89000, 232.
6.90000, 289.
6.91000, 297.
6.92000, 370.
6.93000, 524.
6.94000, 640.
6.95000, 714.
6.96000, 835.
6.97000, 1058.
6.98000, 1198.
6.99000, 1488.
7.00000, 1709.
7.01000, 1843.
7.02000, 1983.
7.03000, 2076.
7.04000, 2165.
7.05000, 2232.
7.06000, 2283.
7.07000, 2179.
7.08000, 2062.
7.09000, 1981.
7.10000, 1703.
7.11000, 1541.
7.12000, 1356.
7.13000, 1135.
7.14000, 963.
7.15000, 711.
7.16000, 611.
7.17000, 504.
7.18000, 407.
7.19000, 310.
7.20000, 256.
7.21000, 208.
7.22000, 166.
7.23000, 136.
7.24000, 129.
7.25000, 100.
7.26000, 87.
7.27000, 92.
7.28000, 80.
7.29000, 57.
7.30000, 80.
7.31000, 72.
7.32000, 81.
7.33000, 71.
7.34000, 79.
7.35000, 75.
7.36000, 90.
7.37000, 87.
7.38000, 75.
7.39000, 94.
7.40000, 88.
7.41000, 91.
7.42000, 88.
7.43000, 86.
7.44000, 93.
7.45000, 86.
7.46000, 95.
7.47000, 93.
7.48000, 83.
7.49000, 93.
7.50000, 76.
7.51000, 87.
7.52000, 78.
7.53000, 92.
7.54000, 83.
7.55000, 96.
7.56000, 80.
7.57000, 88.
7.58000, 76.
7.59000, 82.
7.60000, 70.
7.61000, 67.
7.62000, 80.
7.63000, 67.
7.64000, 60.
7.65000, 76.
7.66000, 74.
7.67000, 79.
7.68000, 87.
7.69000, 93.
7.70000, 85.
7.71000, 90.
7.72000, 96.
7.73000, 96.
7.74000, 74.
7.75000, 65.
7.76000, 91.
7.77000, 72.
7.78000, 96.
7.79000, 89.
7.80000, 70.
7.81000, 97.
7.82000, 84.
7.83000, 103.
7.84000, 82.
7.85000, 111.
7.86000, 111.
7.87000, 114.
7.88000, 99.
7.89000, 123.
7.90000, 114.
7.91000, 106.
7.92000, 135.
7.93000, 156.
7.94000, 148.
7.95000, 176.
7.96000, 158.
7.97000, 172.
7.98000, 196.
7.99000, 188.
8.00000, 226.
8.01000, 216.
8.02000, 243.
8.03000, 265.
8.04000, 255.
8.05000, 265.
8.06000, 248.
8.07000, 243.
8.08000, 252.
8.09000, 252.
8.10000, 203.
8.11000, 211.
8.12000, 204.
8.13000, 192.
8.14000, 190.
8.15000, 168.
8.16000, 186.
8.17000, 178.
8.18000, 135.
8.19000, 123.
8.20000, 140.
8.21000, 128.
8.22000, 111.
8.23000, 105.
8.24000, 118.
8.25000, 99.
8.26000, 96.
8.27000, 102.
8.28000, 94.
8.29000, 89.
8.30000, 102.
8.31000, 104.
8.32000, 117.
8.33000, 104.
8.34000, 105.
8.35000, 97.
8.36000, 114.
8.37000, 120.
8.38000, 133.
8.39000, 109.
8.40000, 108.
8.41000, 107.
8.42000, 114.
8.43000, 104.
8.44000, 113.
8.45000, 117.
8.46000, 136.
8.47000, 118.
8.48000, 128.
8.49000, 121.
8.50000, 146.
8.51000, 155.
8.52000, 177.
8.53000, 168.
8.54000, 199.
8.55000, 237.
8.56000, 229.
8.57000, 250.
8.58000, 259.
8.59000, 261.
8.60000, 324.
8.61000, 333.
8.62000, 293.
8.63000, 293.
8.64000, 314.
8.65000, 268.
8.66000, 316.
8.67000, 298.
8.68000, 282.
8.69000, 251.
8.70000, 233.
8.71000, 198.
8.72000, 225.
8.73000, 201.
8.74000, 156.
8.75000, 145.
8.76000, 168.
8.77000, 129.
8.78000, 154.
8.79000, 149.
8.80000, 130.
8.81000, 131.
8.82000, 119.
8.83000, 110.
8.84000, 127.
8.85000, 137.
8.86000, 141.
8.87000, 129.
8.88000, 138.
8.89000, 147.
8.90000, 147.
8.91000, 157.
8.92000, 134.
8.93000, 140.
8.94000, 111.
8.95000, 147.
8.96000, 119.
8.97000, 143.
8.98000, 132.
8.99000, 142.
9.00000, 138.
9.01000, 165.
9.02000, 135.
9.03000, 123.
9.04000, 131.
9.05000, 120.
9.06000, 131.
9.07000, 113.
9.08000, 137.
9.09000, 133.
9.10000, 137.
9.11000, 135.
9.12000, 129.
9.13000, 118.
9.14000, 130.
9.15000, 118.
9.16000, 136.
9.17000, 142.
9.18000, 146.
9.19000, 139.
9.20000, 127.
9.21000, 126.
9.22000, 126.
9.23000, 140.
9.24000, 131.
9.25000, 119.
9.26000, 141.
9.27000, 144.
9.28000, 116.
9.29000, 136.
9.30000, 131.
9.31000, 134.
9.32000, 115.
9.33000, 123.
9.34000, 121.
9.35000, 111.
9.36000, 118.
9.37000, 122.
9.38000, 121.
9.39000, 132.
9.40000, 131.
9.41000, 132.
9.42000, 137.
9.43000, 121.
9.44000, 122.
9.45000, 139.
9.46000, 120.
9.47000, 129.
9.48000, 132.
9.49000, 147.
9.50000, 164.
9.51000, 164.
9.52000, 147.
9.53000, 146.
9.54000, 145.
9.55000, 150.
9.56000, 170.
9.57000, 178.
9.58000, 162.
9.59000, 171.
9.60000, 152.
9.61000, 167.
9.62000, 174.
9.63000, 184.
9.64000, 171.
9.65000, 146.
9.66000, 142.
9.67000, 125.
9.68000, 145.
9.69000, 137.
9.70000, 116.
9.71000, 133.
9.72000, 137.
9.73000, 120.
9.74000, 131.
9.75000, 146.
9.76000, 148.
9.77000, 133.
9.78000, 144.
9.79000, 126.
9.80000, 114.
9.81000, 125.
9.82000, 121.
9.83000, 119.
9.84000, 119.
9.85000, 123.
9.86000, 134.
9.87000, 120.
9.88000, 137.
9.89000, 114.
9.90000, 139.
9.91000, 122.
9.92000, 112.
9.93000, 143.
9.94000, 138.
9.95000, 127.
9.96000, 138.
9.97000, 116.
9.98000, 133.
9.99000, 108.
10.00000, 133.
10.01000, 136.
10.02000, 121.
10.03000, 137.
10.04000, 134.
10.05000, 135.
10.06000, 116.
10.07000, 147.
10.08000, 129.
10.09000, 141.
10.10000, 136.
10.11000, 118.
10.12000, 141.
10.13000, 139.
10.14000, 151.
10.15000, 128.
10.16000, 127.
10.17000, 124.
10.18000, 123.
10.19000, 128.
10.20000, 135.
10.21000, 137.
10.22000, 123.
10.23000, 121.
10.24000, 140.
10.25000, 134.
10.26000, 143.
10.27000, 117.
10.28000, 128.
10.29000, 126.
10.30000, 131.
10.31000, 152.
10.32000, 150.
10.33000, 135.
10.34000, 149.
10.35000, 129.
10.36000, 133.
10.37000, 146.
10.38000, 134.
10.39000, 149.
10.40000, 158.
10.41000, 154.
10.42000, 171.
10.43000, 174.
10.44000, 158.
10.45000, 174.
10.46000, 169.
10.47000, 186.
10.48000, 223.
10.49000, 196.
10.50000, 198.
10.51000, 203.
10.52000, 210.
10.53000, 202.
10.54000, 218.
10.55000, 213.
10.56000, 222.
10.57000, 207.
10.58000, 189.
10.59000, 219.
10.60000, 176.
10.61000, 190.
10.62000, 181.
10.63000, 181.
10.64000, 155.
10.65000, 144.
10.66000, 164.
10.67000, 136.
10.68000, 134.
10.69000, 164.
10.70000, 145.
10.71000, 143.
10.72000, 148.
10.73000, 149.
10.74000, 143.
10.75000, 142.
10.76000, 136.
10.77000, 138.
10.78000, 157.
10.79000, 137.
10.80000, 127.
10.81000, 112.
10.82000, 135.
10.83000, 142.
10.84000, 128.
10.85000, 143.
10.86000, 157.
10.87000, 160.
10.88000, 137.
10.89000, 138.
10.90000, 151.
10.91000, 135.
10.92000, 145.
10.93000, 141.
10.94000, 145.
10.95000, 136.
10.96000, 153.
10.97000, 149.
10.98000, 168.
10.99000, 139.
11.00000, 159.
11.01000, 136.
11.02000, 141.
11.03000, 131.
11.04000, 155.
11.05000, 150.
11.06000, 135.
11.07000, 126.
11.08000, 128.
11.09000, 139.
11.10000, 134.
11.11000, 131.
11.12000, 137.
11.13000, 158.
11.14000, 133.
11.15000, 129.
11.16000, 142.
11.17000, 138.
11.18000, 141.
11.19000, 121.
11.20000, 133.
11.21000, 131.
11.22000, 149.
11.23000, 158.
11.24000, 160.
11.25000, 142.
11.26000, 157.
11.27000, 132.
11.28000, 139.
11.29000, 142.
11.30000, 139.
11.31000, 166.
11.32000, 131.
11.33000, 134.
11.34000, 154.
11.35000, 121.
11.36000, 142.
11.37000, 152.
11.38000, 170.
11.39000, 153.
11.40000, 148.
11.41000, 147.
11.42000, 146.
11.43000, 153.
11.44000, 142.
11.45000, 142.
11.46000, 164.
11.47000, 149.
11.48000, 151.
11.49000, 170.
11.50000, 141.
11.51000, 147.
11.52000, 149.
11.53000, 147.
11.54000, 138.
11.55000, 163.
11.56000, 157.
11.57000, 158.
11.58000, 143.
11.59000, 138.
11.60000, 127.
11.61000, 152.
11.62000, 155.
11.63000, 143.
11.64000, 168.
11.65000, 146.
11.66000, 170.
11.67000, 139.
11.68000, 154.
11.69000, 175.
11.70000, 167.
11.71000, 186.
11.72000, 192.
11.73000, 161.
11.74000, 184.
11.75000, 199.
11.76000, 190.
11.77000, 204.
11.78000, 204.
11.79000, 219.
11.80000, 259.
11.81000, 246.
11.82000, 285.
11.83000, 285.
11.84000, 274.
11.85000, 316.
11.86000, 310.
11.87000, 307.
11.88000, 319.
11.89000, 350.
11.90000, 332.
11.91000, 339.
11.92000, 316.
11.93000, 314.
11.94000, 283.
11.95000, 328.
11.96000, 301.
11.97000, 251.
11.98000, 265.
11.99000, 249.
12.00000, 230.
12.01000, 216.
12.02000, 191.
12.03000, 175.
12.04000, 194.
12.05000, 202.
12.06000, 182.
12.07000, 183.
12.08000, 164.
12.09000, 163.
12.10000, 165.
12.11000, 131.
12.12000, 149.
12.13000, 160.
12.14000, 176.
12.15000, 155.
12.16000, 159.
12.17000, 154.
12.18000, 127.
12.19000, 122.
12.20000, 135.
12.21000, 158.
12.22000, 158.
12.23000, 160.
12.24000, 192.
12.25000, 158.
12.26000, 161.
12.27000, 174.
12.28000, 154.
12.29000, 144.
12.30000, 142.
12.31000, 139.
12.32000, 153.
12.33000, 143.
12.34000, 138.
12.35000, 169.
12.36000, 152.
12.37000, 149.
12.38000, 169.
12.39000, 145.
12.40000, 134.
12.41000, 163.
12.42000, 178.
12.43000, 171.
12.44000, 143.
12.45000, 181.
12.46000, 195.
12.47000, 157.
12.48000, 158.
12.49000, 192.
12.50000, 188.
12.51000, 193.
12.52000, 220.
12.53000, 187.
12.54000, 184.
12.55000, 200.
12.56000, 227.
12.57000, 212.
12.58000, 190.
12.59000, 239.
12.60000, 187.
12.61000, 194.
12.62000, 202.
12.63000, 225.
12.64000, 232.
12.65000, 230.
12.66000, 229.
12.67000, 212.
12.68000, 213.
12.69000, 193.
12.70000, 198.
12.71000, 179.
12.72000, 211.
12.73000, 187.
12.74000, 218.
12.75000, 183.
12.76000, 219.
12.77000, 200.
12.78000, 153.
12.79000, 194.
12.80000, 189.
12.81000, 191.
12.82000, 167.
12.83000, 167.
12.84000, 177.
12.85000, 177.
12.86000, 211.
12.87000, 175.
12.88000, 186.
12.89000, 162.
12.90000, 192.
12.91000, 152.
12.92000, 189.
12.93000, 137.
12.94000, 165.
12.95000, 168.
12.96000, 174.
12.97000, 153.
12.98000, 181.
12.99000, 138.
13.00000, 165.
13.01000, 140.
13.02000, 175.
13.03000, 161.
13.04000, 183.
13.05000, 154.
13.06000, 167.
13.07000, 147.
13.08000, 158.
13.09000, 158.
13.10000, 160.
13.11000, 168.
13.12000, 155.
13.13000, 155.
13.14000, 173.
13.15000, 170.
13.16000, 174.
13.17000, 172.
13.18000, 199.
13.19000, 180.
13.20000, 162.
13.21000, 197.
13.22000, 196.
13.23000, 207.
13.24000, 226.
13.25000, 196.
13.26000, 225.
13.27000, 236.
13.28000, 241.
13.29000, 220.
13.30000, 223.
13.31000, 253.
13.32000, 237.
13.33000, 241.
13.34000, 237.
13.35000, 204.
13.36000, 231.
13.37000, 220.
13.38000, 224.
13.39000, 207.
13.40000, 216.
13.41000, 209.
13.42000, 200.
13.43000, 221.
13.44000, 220.
13.45000, 196.
13.46000, 191.
13.47000, 194.
13.48000, 214.
13.49000, 193.
13.50000, 171.
13.51000, 182.
13.52000, 152.
13.53000, 188.
13.54000, 162.
13.55000, 181.
13.56000, 167.
13.57000, 152.
13.58000, 155.
13.59000, 150.
13.60000, 162.
13.61000, 173.
13.62000, 150.
13.63000, 165.
13.64000, 150.
13.65000, 182.
13.66000, 151.
13.67000, 138.
13.68000, 140.
13.69000, 173.
13.70000, 153.
13.71000, 158.
13.72000, 153.
13.73000, 138.
13.74000, 164.
13.75000, 165.
13.76000, 180.
13.77000, 150.
13.78000, 167.
13.79000, 150.
13.80000, 147.
13.81000, 188.
13.82000, 161.
13.83000, 158.
13.84000, 152.
13.85000, 163.
13.86000, 161.
13.87000, 157.
13.88000, 168.
13.89000, 183.
13.90000, 173.
13.91000, 203.
13.92000, 187.
13.93000, 186.
13.94000, 177.
13.95000, 216.
13.96000, 204.
13.97000, 203.
13.98000, 228.
13.99000, 280.
14.00000, 279.
14.01000, 256.
14.02000, 293.
14.03000, 327.
14.04000, 370.
14.05000, 351.
14.06000, 362.
14.07000, 391.
14.08000, 427.
14.09000, 369.
14.10000, 437.
14.11000, 469.
14.12000, 448.
14.13000, 445.
14.14000, 390.
14.15000, 425.
14.16000, 405.
14.17000, 378.
14.18000, 384.
14.19000, 374.
14.20000, 380.
14.21000, 311.
14.22000, 336.
14.23000, 301.
14.24000, 291.
14.25000, 268.
14.26000, 252.
14.27000, 228.
14.28000, 234.
14.29000, 217.
14.30000, 188.
14.31000, 170.
14.32000, 181.
14.33000, 160.
14.34000, 145.
14.35000, 166.
14.36000, 143.
14.37000, 151.
14.38000, 145.
14.39000, 146.
14.40000, 160.
14.41000, 155.
14.42000, 151.
14.43000, 145.
14.44000, 173.
14.45000, 161.
14.46000, 149.
14.47000, 148.
14.48000, 140.
14.49000, 160.
14.50000, 165.
14.51000, 151.
14.52000, 167.
14.53000, 148.
14.54000, 147.
14.55000, 146.
14.56000, 149.
14.57000, 150.
14.58000, 141.
14.59000, 168.
14.60000, 127.
14.61000, 144.
14.62000, 152.
14.63000, 158.
14.64000, 146.
14.65000, 159.
14.66000, 149.
14.67000, 168.
14.68000, 154.
14.69000, 165.
14.70000, 176.
14.71000, 169.
14.72000, 170.
14.73000, 168.
14.74000, 178.
14.75000, 163.
14.76000, 163.
14.77000, 158.
14.78000, 154.
14.79000, 173.
14.80000, 153.
14.81000, 165.
14.82000, 162.
14.83000, 166.
14.84000, 207.
14.85000, 174.
14.86000, 195.
14.87000, 184.
14.88000, 191.
14.89000, 188.
14.90000, 168.
14.91000, 179.
14.92000, 173.
14.93000, 168.
14.94000, 183.
14.95000, 178.
14.96000, 179.
14.97000, 196.
14.98000, 179.
14.99000, 174.
15.00000, 165.
15.01000, 176.
15.02000, 182.
15.03000, 160.
15.04000, 195.
15.05000, 161.
15.06000, 174.
15.07000, 167.
15.08000, 153.
15.09000, 173.
15.10000, 170.
15.11000, 166.
15.12000, 165.
15.13000, 149.
15.14000, 170.
15.15000, 136.
15.16000, 159.
15.17000, 177.
15.18000, 173.
15.19000, 134.
15.20000, 168.
15.21000, 142.
15.22000, 134.
15.23000, 167.
15.24000, 163.
15.25000, 169.
15.26000, 154.
15.27000, 143.
15.28000, 138.
15.29000, 147.
15.30000, 144.
15.31000, 151.
15.32000, 148.
15.33000, 149.
15.34000, 162.
15.35000, 151.
15.36000, 149.
15.37000, 160.
15.38000, 174.
15.39000, 158.
15.40000, 153.
15.41000, 138.
15.42000, 159.
15.43000, 162.
15.44000, 116.
15.45000, 166.
15.46000, 144.
15.47000, 166.
15.48000, 176.
15.49000, 151.
15.50000, 179.
15.51000, 163.
15.52000, 163.
15.53000, 175.
15.54000, 181.
15.55000, 201.
15.56000, 226.
15.57000, 209.
15.58000, 233.
15.59000, 212.
15.60000, 223.
15.61000, 251.
15.62000, 239.
15.63000, 306.
15.64000, 293.
15.65000, 322.
15.66000, 308.
15.67000, 369.
15.68000, 309.
15.69000, 365.
15.70000, 369.
15.71000, 385.
15.72000, 349.
15.73000, 371.
15.74000, 368.
15.75000, 355.
15.76000, 394.
15.77000, 408.
15.78000, 360.
15.79000, 365.
15.80000, 370.
15.81000, 322.
15.82000, 322.
15.83000, 317.
15.84000, 294.
15.85000, 288.
15.86000, 255.
15.87000, 276.
15.88000, 272.
15.89000, 245.
15.90000, 235.
15.91000, 197.
15.92000, 220.
15.93000, 194.
15.94000, 196.
15.95000, 181.
15.96000, 178.
15.97000, 171.
15.98000, 160.
15.99000, 174.
16.00000, 157.
16.01000, 156.
16.02000, 140.
16.03000, 136.
16.04000, 167.
16.05000, 178.
16.06000, 156.
16.07000, 161.
16.08000, 167.
16.09000, 171.
16.10000, 161.
16.11000, 156.
16.12000, 137.
16.13000, 160.
16.14000, 147.
16.15000, 143.
16.16000, 156.
16.17000, 152.
16.18000, 164.
16.19000, 146.
16.20000, 147.
16.21000, 147.
16.22000, 140.
16.23000, 143.
16.24000, 176.
16.25000, 140.
16.26000, 151.
16.27000, 171.
16.28000, 136.
16.29000, 136.
16.30000, 140.
16.31000, 141.
16.32000, 156.
16.33000, 162.
16.34000, 147.
16.35000, 143.
16.36000, 138.
16.37000, 174.
16.38000, 136.
16.39000, 142.
16.40000, 152.
16.41000, 149.
16.42000, 157.
16.43000, 160.
16.44000, 179.
16.45000, 155.
16.46000, 155.
16.47000, 169.
16.48000, 155.
16.49000, 148.
16.50000, 177.
16.51000, 147.
16.52000, 138.
16.53000, 167.
16.54000, 157.
16.55000, 151.
16.56000, 149.
16.57000, 137.
16.58000, 179.
16.59000, 159.
16.60000, 160.
16.61000, 140.
16.62000, 184.
16.63000, 182.
16.64000, 146.
16.65000, 152.
16.66000, 173.
16.67000, 155.
16.68000, 177.
16.69000, 158.
16.70000, 166.
16.71000, 161.
16.72000, 148.
16.73000, 159.
16.74000, 175.
16.75000, 153.
16.76000, 163.
16.77000, 150.
16.78000, 149.
16.79000, 165.
16.80000, 178.
16.81000, 160.
16.82000, 157.
16.83000, 138.
16.84000, 170.
16.85000, 149.
16.86000, 158.
16.87000, 134.
16.88000, 138.
16.89000, 138.
16.90000, 129.
16.91000, 156.
16.92000, 157.
16.93000, 144.
16.94000, 154.
16.95000, 142.
16.96000, 173.
16.97000, 164.
16.98000, 143.
16.99000, 173.
17.00000, 145.
17.01000, 151.
17.02000, 158.
17.03000, 152.
17.04000, 165.
17.05000, 171.
17.06000, 160.
17.07000, 144.
17.08000, 174.
17.09000, 137.
17.10000, 145.
17.11000, 176.
17.12000, 150.
17.13000, 169.
17.14000, 174.
17.15000, 161.
17.16000, 172.
17.17000, 146.
17.18000, 171.
17.19000, 169.
17.20000, 196.
17.21000, 150.
17.22000, 173.
17.23000, 154.
17.24000, 172.
17.25000, 166.
17.26000, 147.
17.27000, 177.
17.28000, 180.
17.29000, 141.
17.30000, 169.
17.31000, 152.
17.32000, 162.
17.33000, 161.
17.34000, 158.
17.35000, 159.
17.36000, 159.
17.37000, 199.
17.38000, 161.
17.39000, 184.
17.40000, 178.
17.41000, 183.
17.42000, 160.
17.43000, 189.
17.44000, 167.
17.45000, 178.
17.46000, 187.
17.47000, 180.
17.48000, 184.
17.49000, 154.
17.50000, 168.
17.51000, 208.
17.52000, 212.
17.53000, 167.
17.54000, 203.
17.55000, 198.
17.56000, 216.
17.57000, 197.
17.58000, 231.
17.59000, 227.
17.60000, 194.
17.61000, 213.
17.62000, 212.
17.63000, 202.
17.64000, 211.
17.65000, 217.
17.66000, 211.
17.67000, 201.
17.68000, 208.
17.69000, 219.
17.70000, 217.
17.71000, 221.
17.72000, 197.
17.73000, 188.
17.74000, 189.
17.75000, 195.
17.76000, 206.
17.77000, 189.
17.78000, 210.
17.79000, 228.
17.80000, 176.
17.81000, 213.
17.82000, 180.
17.83000, 186.
17.84000, 202.
17.85000, 212.
17.86000, 178.
17.87000, 229.
17.88000, 218.
17.89000, 231.
17.90000, 223.
17.91000, 203.
17.92000, 194.
17.93000, 212.
17.94000, 232.
17.95000, 212.
17.96000, 194.
17.97000, 202.
17.98000, 232.
17.99000, 250.
18.00000, 234.
18.01000, 226.
18.02000, 232.
18.03000, 224.
18.04000, 247.
18.05000, 241.
18.06000, 232.
18.07000, 242.
18.08000, 257.
18.09000, 240.
18.10000, 228.
18.11000, 251.
18.12000, 215.
18.13000, 267.
18.14000, 245.
18.15000, 241.
18.16000, 286.
18.17000, 269.
18.18000, 296.
18.19000, 307.
18.20000, 292.
18.21000, 289.
18.22000, 324.
18.23000, 343.
18.24000, 293.
18.25000, 291.
18.26000, 309.
18.27000, 326.
18.28000, 343.
18.29000, 340.
18.30000, 319.
18.31000, 400.
18.32000, 329.
18.33000, 390.
18.34000, 394.
18.35000, 412.
18.36000, 396.
18.37000, 426.
18.38000, 433.
18.39000, 448.
18.40000, 445.
18.41000, 441.
18.42000, 502.
18.43000, 506.
18.44000, 490.
18.45000, 484.
18.46000, 564.
18.47000, 570.
18.48000, 580.
18.49000, 561.
18.50000, 628.
18.51000, 617.
18.52000, 623.
18.53000, 633.
18.54000, 606.
18.55000, 675.
18.56000, 694.
18.57000, 746.
18.58000, 734.
18.59000, 757.
18.60000, 794.
18.61000, 760.
18.62000, 761.
18.63000, 801.
18.64000, 828.
18.65000, 816.
18.66000, 803.
18.67000, 825.
18.68000, 897.
18.69000, 901.
18.70000, 837.
18.71000, 922.
18.72000, 920.
18.73000, 948.
18.74000, 910.
18.75000, 949.
18.76000, 903.
18.77000, 922.
18.78000, 919.
18.79000, 936.
18.80000, 867.
18.81000, 943.
18.82000, 889.
18.83000, 918.
18.84000, 915.
18.85000, 906.
18.86000, 907.
18.87000, 894.
18.88000, 870.
18.89000, 840.
18.90000, 925.
18.91000, 873.
18.92000, 863.
18.93000, 777.
18.94000, 795.
18.95000, 792.
18.96000, 787.
18.97000, 725.
18.98000, 775.
18.99000, 704.
19.00000, 737.
19.01000, 707.
19.02000, 703.
19.03000, 694.
19.04000, 686.
19.05000, 631.
19.06000, 655.
19.07000, 610.
19.08000, 641.
19.09000, 536.
19.10000, 532.
19.11000, 546.
19.12000, 496.
19.13000, 516.
19.14000, 547.
19.15000, 472.
19.16000, 471.
19.17000, 478.
19.18000, 435.
19.19000, 417.
19.20000, 419.
19.21000, 414.
19.22000, 431.
19.23000, 360.
19.24000, 381.
19.25000, 369.
19.26000, 355.
19.27000, 377.
19.28000, 340.
19.29000, 340.
19.30000, 352.
19.31000, 290.
19.32000, 334.
19.33000, 317.
19.34000, 306.
19.35000, 328.
19.36000, 302.
19.37000, 280.
19.38000, 288.
19.39000, 265.
19.40000, 255.
19.41000, 266.
19.42000, 243.
19.43000, 235.
19.44000, 257.
19.45000, 244.
19.46000, 237.
19.47000, 273.
19.48000, 261.
19.49000, 241.
19.50000, 217.
19.51000, 207.
19.52000, 232.
19.53000, 214.
19.54000, 215.
19.55000, 204.
19.56000, 213.
19.57000, 213.
19.58000, 187.
19.59000, 207.
19.60000, 203.
19.61000, 204.
19.62000, 203.
19.63000, 175.
19.64000, 192.
19.65000, 209.
19.66000, 199.
19.67000, 192.
19.68000, 192.
19.69000, 189.
19.70000, 192.
19.71000, 175.
19.72000, 182.
19.73000, 139.
19.74000, 186.
19.75000, 178.
19.76000, 174.
19.77000, 173.
19.78000, 156.
19.79000, 163.
19.80000, 181.
19.81000, 167.
19.82000, 162.
19.83000, 188.
19.84000, 190.
19.85000, 168.
19.86000, 200.
19.87000, 193.
19.88000, 216.
19.89000, 227.
19.90000, 218.
19.91000, 259.
19.92000, 234.
19.93000, 274.
19.94000, 275.
19.95000, 288.
19.96000, 295.
19.97000, 325.
19.98000, 329.
19.99000, 355.
20.00000, 396.
20.01000, 435.
20.02000, 435.
20.03000, 421.
20.04000, 430.
20.05000, 456.
20.06000, 497.
20.07000, 521.
20.08000, 542.
20.09000, 522.
20.10000, 513.
20.11000, 511.
20.12000, 517.
20.13000, 582.
20.14000, 521.
20.15000, 567.
20.16000, 557.
20.17000, 555.
20.18000, 572.
20.19000, 538.
20.20000, 542.
20.21000, 525.
20.22000, 489.
20.23000, 508.
20.24000, 459.
20.25000, 478.
20.26000, 401.
20.27000, 376.
20.28000, 350.
20.29000, 305.
20.30000, 330.
20.31000, 280.
20.32000, 273.
20.33000, 239.
20.34000, 273.
20.35000, 240.
20.36000, 202.
20.37000, 220.
20.38000, 181.
20.39000, 212.
20.40000, 161.
20.41000, 175.
20.42000, 167.
20.43000, 170.
20.44000, 148.
20.45000, 171.
20.46000, 129.
20.47000, 152.
20.48000, 152.
20.49000, 145.
20.50000, 160.
20.51000, 148.
20.52000, 180.
20.53000, 175.
20.54000, 164.
20.55000, 165.
20.56000, 180.
20.57000, 173.
20.58000, 158.
20.59000, 147.
20.60000, 183.
20.61000, 179.
20.62000, 194.
20.63000, 197.
20.64000, 176.
20.65000, 180.
20.66000, 170.
20.67000, 180.
20.68000, 208.
20.69000, 213.
20.70000, 207.
20.71000, 202.
20.72000, 207.
20.73000, 191.
20.74000, 228.
20.75000, 205.
20.76000, 193.
20.77000, 210.
20.78000, 230.
20.79000, 237.
20.80000, 226.
20.81000, 215.
20.82000, 225.
20.83000, 230.
20.84000, 252.
20.85000, 245.
20.86000, 235.
20.87000, 220.
20.88000, 221.
20.89000, 261.
20.90000, 242.
20.91000, 280.
20.92000, 253.
20.93000, 266.
20.94000, 259.
20.95000, 244.
20.96000, 269.
20.97000, 238.
20.98000, 225.
20.99000, 235.
21.00000, 231.
21.01000, 245.
21.02000, 264.
21.03000, 255.
21.04000, 265.
21.05000, 255.
21.06000, 242.
21.07000, 229.
21.08000, 232.
21.09000, 286.
21.10000, 239.
21.11000, 248.
21.12000, 245.
21.13000, 223.
21.14000, 268.
21.15000, 232.
21.16000, 240.
21.17000, 233.
21.18000, 219.
21.19000, 227.
21.20000, 234.
21.21000, 227.
21.22000, 217.
21.23000, 205.
21.24000, 216.
21.25000, 213.
21.26000, 197.
21.27000, 220.
21.28000, 177.
21.29000, 186.
21.30000, 194.
21.31000, 197.
21.32000, 186.
21.33000, 218.
21.34000, 183.
21.35000, 181.
21.36000, 146.
21.37000, 158.
21.38000, 160.
21.39000, 179.
21.40000, 164.
21.41000, 186.
21.42000, 169.
21.43000, 155.
21.44000, 176.
21.45000, 146.
21.46000, 144.
21.47000, 161.
21.48000, 152.
21.49000, 130.
21.50000, 117.
21.51000, 128.
21.52000, 154.
21.53000, 140.
21.54000, 154.
21.55000, 147.
21.56000, 139.
21.57000, 137.
21.58000, 141.
21.59000, 143.
21.60000, 123.
21.61000, 115.
21.62000, 122.
21.63000, 114.
21.64000, 128.
21.65000, 126.
21.66000, 128.
21.67000, 124.
21.68000, 135.
21.69000, 121.
21.70000, 111.
21.71000, 113.
21.72000, 115.
21.73000, 120.
21.74000, 117.
21.75000, 116.
21.76000, 106.
21.77000, 94.
21.78000, 122.
21.79000, 131.
21.80000, 91.
21.81000, 82.
21.82000, 97.
21.83000, 87.
21.84000, 97.
21.85000, 102.
21.86000, 98.
21.87000, 97.
21.88000, 123.
21.89000, 91.
21.90000, 106.
21.91000, 69.
21.92000, 102.
21.93000, 101.
21.94000, 85.
21.95000, 113.
21.96000, 94.
21.97000, 89.
21.98000, 106.
21.99000, 90.
22.00000, 99.
22.01000, 106.
22.02000, 92.
22.03000, 83.
22.04000, 98.
22.05000, 105.
22.06000, 94.
22.07000, 79.
22.08000, 98.
22.09000, 100.
22.10000, 97.
22.11000, 75.
22.12000, 96.
22.13000, 113.
22.14000, 94.
22.15000, 95.
22.16000, 80.
22.17000, 93.
22.18000, 98.
22.19000, 94.
22.20000, 104.
22.21000, 89.
22.22000, 100.
22.23000, 84.
22.24000, 93.
22.25000, 89.
22.26000, 78.
22.27000, 96.
22.28000, 87.
22.29000, 96.
22.30000, 91.
22.31000, 85.
22.32000, 94.
22.33000, 83.
22.34000, 87.
22.35000, 61.
22.36000, 100.
22.37000, 72.
22.38000, 82.
22.39000, 97.
22.40000, 87.
22.41000, 95.
22.42000, 73.
22.43000, 77.
22.44000, 89.
22.45000, 91.
22.46000, 77.
22.47000, 105.
22.48000, 106.
22.49000, 97.
22.50000, 106.
22.51000, 93.
22.52000, 106.
22.53000, 109.
22.54000, 112.
22.55000, 116.
22.56000, 102.
22.57000, 109.
22.58000, 131.
22.59000, 116.
22.60000, 116.
22.61000, 119.
22.62000, 115.
22.63000, 139.
22.64000, 116.
22.65000, 153.
22.66000, 152.
22.67000, 151.
22.68000, 142.
22.69000, 158.
22.70000, 136.
22.71000, 155.
22.72000, 138.
22.73000, 139.
22.74000, 117.
22.75000, 150.
22.76000, 140.
22.77000, 113.
22.78000, 149.
22.79000, 121.
22.80000, 104.
22.81000, 107.
22.82000, 96.
22.83000, 102.
22.84000, 88.
22.85000, 89.
22.86000, 80.
22.87000, 92.
22.88000, 79.
22.89000, 102.
22.90000, 81.
22.91000, 76.
22.92000, 83.
22.93000, 79.
22.94000, 81.
22.95000, 73.
22.96000, 70.
22.97000, 75.
22.98000, 78.
22.99000, 88.
23.00000, 80.
23.01000, 83.
23.02000, 70.
23.03000, 80.
23.04000, 79.
23.05000, 83.
23.06000, 83.
23.07000, 81.
23.08000, 66.
23.09000, 78.
23.10000, 71.
23.11000, 87.
23.12000, 90.
23.13000, 93.
23.14000, 80.
23.15000, 85.
23.16000, 98.
23.17000, 82.
23.18000, 94.
23.19000, 81.
23.20000, 93.
23.21000, 68.
23.22000, 84.
23.23000, 87.
23.24000, 74.
23.25000, 69.
23.26000, 91.
23.27000, 88.
23.28000, 69.
23.29000, 71.
23.30000, 87.
23.31000, 88.
23.32000, 81.
23.33000, 86.
23.34000, 70.
23.35000, 78.
23.36000, 68.
23.37000, 69.
23.38000, 60.
23.39000, 77.
23.40000, 74.
23.41000, 69.
23.42000, 75.
23.43000, 81.
23.44000, 68.
23.45000, 72.
23.46000, 53.
23.47000, 76.
23.48000, 67.
23.49000, 69.
23.50000, 47.
23.51000, 69.
23.52000, 72.
23.53000, 67.
23.54000, 61.
23.55000, 57.
23.56000, 72.
23.57000, 61.
23.58000, 61.
23.59000, 71.
23.60000, 64.
23.61000, 80.
23.62000, 82.
23.63000, 71.
23.64000, 82.
23.65000, 70.
23.66000, 83.
23.67000, 56.
23.68000, 54.
23.69000, 79.
23.70000, 46.
23.71000, 67.
23.72000, 73.
23.73000, 68.
23.74000, 74.
23.75000, 56.
23.76000, 65.
23.77000, 63.
23.78000, 73.
23.79000, 66.
23.80000, 71.
23.81000, 62.
23.82000, 58.
23.83000, 63.
23.84000, 58.
23.85000, 49.
23.86000, 63.
23.87000, 87.
23.88000, 69.
23.89000, 52.
23.90000, 78.
23.91000, 60.
23.92000, 76.
23.93000, 52.
23.94000, 61.
23.95000, 63.
23.96000, 69.
23.97000, 72.
23.98000, 58.
23.99000, 60.
24.00000, 88.
24.01000, 64.
24.02000, 79.
24.03000, 77.
24.04000, 69.
24.05000, 64.
24.06000, 82.
24.07000, 57.
24.08000, 56.
24.09000, 65.
24.10000, 62.
24.11000, 64.
24.12000, 49.
24.13000, 69.
24.14000, 70.
24.15000, 55.
24.16000, 73.
24.17000, 48.
24.18000, 68.
24.19000, 55.
24.20000, 53.
24.21000, 71.
24.22000, 67.
24.23000, 78.
24.24000, 62.
24.25000, 74.
24.26000, 84.
24.27000, 74.
24.28000, 68.
24.29000, 71.
24.30000, 59.
24.31000, 61.
24.32000, 57.
24.33000, 72.
24.34000, 62.
24.35000, 56.
24.36000, 64.
24.37000, 66.
24.38000, 57.
24.39000, 63.
24.40000, 64.
24.41000, 57.
24.42000, 58.
24.43000, 60.
24.44000, 60.
24.45000, 73.
24.46000, 55.
24.47000, 62.
24.48000, 58.
24.49000, 78.
24.50000, 61.
24.51000, 57.
24.52000, 60.
24.53000, 76.
24.54000, 57.
24.55000, 71.
24.56000, 63.
24.57000, 74.
24.58000, 64.
24.59000, 51.
24.60000, 53.
24.61000, 82.
24.62000, 74.
24.63000, 51.
24.64000, 54.
24.65000, 82.
24.66000, 64.
24.67000, 75.
24.68000, 81.
24.69000, 56.
24.70000, 65.
24.71000, 62.
24.72000, 73.
24.73000, 58.
24.74000, 55.
24.75000, 55.
24.76000, 61.
24.77000, 66.
24.78000, 66.
24.79000, 67.
24.80000, 68.
24.81000, 65.
24.82000, 53.
24.83000, 68.
24.84000, 63.
24.85000, 66.
24.86000, 76.
24.87000, 76.
24.88000, 74.
24.89000, 66.
24.90000, 78.
24.91000, 78.
24.92000, 56.
24.93000, 70.
24.94000, 70.
24.95000, 60.
24.96000, 71.
24.97000, 79.
24.98000, 64.
24.99000, 67.
25.00000, 75.
25.01000, 77.
25.02000, 71.
25.03000, 77.
25.04000, 84.
25.05000, 64.
25.06000, 74.
25.07000, 65.
25.08000, 89.
25.09000, 58.
25.10000, 69.
25.11000, 63.
25.12000, 59.
25.13000, 70.
25.14000, 67.
25.15000, 70.
25.16000, 63.
25.17000, 55.
25.18000, 76.
25.19000, 81.
25.20000, 74.
25.21000, 66.
25.22000, 65.
25.23000, 72.
25.24000, 73.
25.25000, 87.
25.26000, 78.
25.27000, 69.
25.28000, 64.
25.29000, 60.
25.30000, 61.
25.31000, 59.
25.32000, 70.
25.33000, 66.
25.34000, 68.
25.35000, 57.
25.36000, 70.
25.37000, 64.
25.38000, 62.
25.39000, 64.
25.40000, 69.
25.41000, 68.
25.42000, 62.
25.43000, 60.
25.44000, 73.
25.45000, 60.
25.46000, 69.
25.47000, 60.
25.48000, 65.
25.49000, 73.
25.50000, 53.
25.51000, 80.
25.52000, 84.
25.53000, 58.
25.54000, 73.
25.55000, 62.
25.56000, 56.
25.57000, 65.
25.58000, 61.
25.59000, 66.
25.60000, 68.
25.61000, 53.
25.62000, 54.
25.63000, 51.
25.64000, 63.
25.65000, 71.
25.66000, 59.
25.67000, 71.
25.68000, 64.
25.69000, 56.
25.70000, 56.
25.71000, 53.
25.72000, 61.
25.73000, 65.
25.74000, 60.
25.75000, 48.
25.76000, 60.
25.77000, 60.
25.78000, 54.
25.79000, 58.
25.80000, 67.
25.81000, 65.
25.82000, 62.
25.83000, 55.
25.84000, 64.
25.85000, 52.
25.86000, 56.
25.87000, 60.
25.88000, 59.
25.89000, 46.
25.90000, 57.
25.91000, 54.
25.92000, 61.
25.93000, 39.
25.94000, 43.
25.95000, 54.
25.96000, 61.
25.97000, 61.
25.98000, 59.
25.99000, 62.
26.00000, 58.
26.01000, 54.
26.02000, 68.
26.03000, 60.
26.04000, 56.
26.05000, 57.
26.06000, 67.
26.07000, 32.
26.08000, 54.
26.09000, 59.
26.10000, 50.
26.11000, 64.
26.12000, 62.
26.13000, 50.
26.14000, 62.
26.15000, 64.
26.16000, 53.
26.17000, 65.
26.18000, 55.
26.19000, 60.
26.20000, 48.
26.21000, 56.
26.22000, 44.
26.23000, 52.
26.24000, 53.
26.25000, 72.
26.26000, 54.
26.27000, 61.
26.28000, 65.
26.29000, 64.
26.30000, 51.
26.31000, 55.
26.32000, 58.
26.33000, 68.
26.34000, 40.
26.35000, 54.
26.36000, 53.
26.37000, 48.
26.38000, 56.
26.39000, 37.
26.40000, 49.
26.41000, 60.
26.42000, 54.
26.43000, 69.
26.44000, 45.
26.45000, 50.
26.46000, 45.
26.47000, 57.
26.48000, 47.
26.49000, 50.
26.50000, 65.
26.51000, 51.
26.52000, 56.
26.53000, 53.
26.54000, 69.
26.55000, 57.
26.56000, 66.
26.57000, 52.
26.58000, 65.
26.59000, 49.
26.60000, 60.
26.61000, 54.
26.62000, 59.
26.63000, 56.
26.64000, 59.
26.65000, 38.
26.66000, 52.
26.67000, 64.
26.68000, 64.
26.69000, 46.
26.70000, 55.
26.71000, 45.
26.72000, 53.
26.73000, 39.
26.74000, 55.
26.75000, 66.
26.76000, 54.
26.77000, 46.
26.78000, 58.
26.79000, 54.
26.80000, 63.
26.81000, 53.
26.82000, 27.
26.83000, 45.
26.84000, 62.
26.85000, 48.
26.86000, 56.
26.87000, 59.
26.88000, 50.
26.89000, 45.
26.90000, 83.
26.91000, 44.
26.92000, 48.
26.93000, 57.
26.94000, 47.
26.95000, 51.
26.96000, 52.
26.97000, 49.
26.98000, 50.
26.99000, 49.
27.00000, 43.
27.01000, 50.
27.02000, 62.
27.03000, 49.
27.04000, 53.
27.05000, 52.
27.06000, 51.
27.07000, 45.
27.08000, 47.
27.09000, 49.
27.10000, 42.
27.11000, 48.
27.12000, 44.
27.13000, 59.
27.14000, 55.
27.15000, 55.
27.16000, 41.
27.17000, 44.
27.18000, 55.
27.19000, 39.
27.20000, 51.
27.21000, 51.
27.22000, 46.
27.23000, 59.
27.24000, 58.
27.25000, 60.
27.26000, 50.
27.27000, 52.
27.28000, 61.
27.29000, 43.
27.30000, 50.
27.31000, 37.
27.32000, 55.
27.33000, 59.
27.34000, 59.
27.35000, 49.
27.36000, 51.
27.37000, 40.
27.38000, 50.
27.39000, 43.
27.40000, 42.
27.41000, 50.
27.42000, 63.
27.43000, 60.
27.44000, 56.
27.45000, 48.
27.46000, 45.
27.47000, 49.
27.48000, 44.
27.49000, 53.
27.50000, 53.
27.51000, 50.
27.52000, 59.
27.53000, 54.
27.54000, 53.
27.55000, 47.
27.56000, 51.
27.57000, 46.
27.58000, 53.
27.59000, 55.
27.60000, 42.
27.61000, 48.
27.62000, 54.
27.63000, 47.
27.64000, 50.
27.65000, 58.
27.66000, 47.
27.67000, 44.
27.68000, 54.
27.69000, 49.
27.70000, 56.
27.71000, 48.
27.72000, 48.
27.73000, 40.
27.74000, 41.
27.75000, 52.
27.76000, 49.
27.77000, 38.
27.78000, 44.
27.79000, 49.
27.80000, 42.
27.81000, 53.
27.82000, 48.
27.83000, 44.
27.84000, 48.
27.85000, 47.
27.86000, 43.
27.87000, 49.
27.88000, 42.
27.89000, 47.
27.90000, 52.
27.91000, 40.
27.92000, 45.
27.93000, 47.
27.94000, 50.
27.95000, 40.
27.96000, 47.
27.97000, 46.
27.98000, 40.
27.99000, 52.
28.00000, 39.
28.01000, 46.
28.02000, 44.
28.03000, 60.
28.04000, 38.
28.05000, 47.
28.06000, 47.
28.07000, 47.
28.08000, 41.
28.09000, 50.
28.10000, 60.
28.11000, 41.
28.12000, 45.
28.13000, 46.
28.14000, 49.
28.15000, 39.
28.16000, 45.
28.17000, 39.
28.18000, 43.
28.19000, 39.
28.20000, 45.
28.21000, 52.
28.22000, 38.
28.23000, 50.
28.24000, 49.
28.25000, 38.
28.26000, 44.
28.27000, 43.
28.28000, 39.
28.29000, 42.
28.30000, 47.
28.31000, 41.
28.32000, 39.
28.33000, 47.
28.34000, 42.
28.35000, 48.
28.36000, 53.
28.37000, 52.
28.38000, 45.
28.39000, 38.
28.40000, 39.
28.41000, 40.
28.42000, 47.
28.43000, 49.
28.44000, 49.
28.45000, 38.
28.46000, 42.
28.47000, 48.
28.48000, 38.
28.49000, 41.
28.50000, 46.
28.51000, 46.
28.52000, 45.
28.53000, 56.
28.54000, 47.
28.55000, 57.
28.56000, 50.
28.57000, 37.
28.58000, 41.
28.59000, 36.
28.60000, 44.
28.61000, 39.
28.62000, 50.
28.63000, 45.
28.64000, 31.
28.65000, 45.
28.66000, 47.
28.67000, 29.
28.68000, 38.
28.69000, 53.
28.70000, 56.
28.71000, 38.
28.72000, 31.
28.73000, 32.
28.74000, 51.
28.75000, 43.
28.76000, 35.
28.77000, 43.
28.78000, 32.
28.79000, 54.
28.80000, 36.
28.81000, 31.
28.82000, 36.
28.83000, 47.
28.84000, 40.
28.85000, 32.
28.86000, 41.
28.87000, 48.
28.88000, 45.
28.89000, 35.
28.90000, 45.
28.91000, 46.
28.92000, 37.
28.93000, 33.
28.94000, 46.
28.95000, 48.
28.96000, 45.
28.97000, 45.
28.98000, 58.
28.99000, 33.
29.00000, 47.
29.01000, 41.
29.02000, 37.
29.03000, 38.
29.04000, 39.
29.05000, 42.
29.06000, 40.
29.07000, 39.
29.08000, 22.
29.09000, 39.
29.10000, 38.
29.11000, 49.
29.12000, 49.
29.13000, 45.
29.14000, 36.
29.15000, 41.
29.16000, 35.
29.17000, 30.
29.18000, 52.
29.19000, 42.
29.20000, 37.
29.21000, 35.
29.22000, 52.
29.23000, 42.
29.24000, 43.
29.25000, 36.
29.26000, 32.
29.27000, 34.
29.28000, 51.
29.29000, 35.
29.30000, 31.
29.31000, 33.
29.32000, 36.
29.33000, 41.
29.34000, 39.
29.35000, 36.
29.36000, 36.
29.37000, 49.
29.38000, 40.
29.39000, 43.
29.40000, 41.
29.41000, 51.
29.42000, 41.
29.43000, 37.
29.44000, 50.
29.45000, 33.
29.46000, 44.
29.47000, 32.
29.48000, 43.
29.49000, 32.
29.50000, 41.
29.51000, 29.
29.52000, 30.
29.53000, 43.
29.54000, 40.
29.55000, 33.
29.56000, 46.
29.57000, 34.
29.58000, 39.
29.59000, 43.
29.60000, 32.
29.61000, 48.
29.62000, 34.
29.63000, 34.
29.64000, 41.
29.65000, 39.
29.66000, 36.
29.67000, 33.
29.68000, 40.
29.69000, 37.
29.70000, 40.
29.71000, 34.
29.72000, 43.
29.73000, 43.
29.74000, 32.
29.75000, 36.
29.76000, 48.
29.77000, 30.
29.78000, 31.
29.79000, 41.
29.80000, 34.
29.81000, 34.
29.82000, 42.
29.83000, 37.
29.84000, 37.
29.85000, 37.
29.86000, 35.
29.87000, 47.
29.88000, 24.
29.89000, 36.
29.90000, 51.
29.91000, 33.
29.92000, 57.
29.93000, 31.
29.94000, 43.
29.95000, 33.
29.96000, 35.
29.97000, 39.
29.98000, 54.
29.99000, 45.
30.00000, 41.
30.01000, 37.
30.02000, 37.
30.03000, 38.
30.04000, 37.
30.05000, 35.
30.06000, 43.
30.07000, 39.
30.08000, 45.
30.09000, 39.
30.10000, 38.
30.11000, 35.
30.12000, 24.
30.13000, 50.
30.14000, 27.
30.15000, 39.
30.16000, 32.
30.17000, 30.
30.18000, 21.
30.19000, 37.
30.20000, 34.
30.21000, 42.
30.22000, 33.
30.23000, 32.
30.24000, 36.
30.25000, 42.
30.26000, 39.
30.27000, 27.
30.28000, 44.
30.29000, 35.
30.30000, 36.
30.31000, 36.
30.32000, 40.
30.33000, 32.
30.34000, 33.
30.35000, 33.
30.36000, 32.
30.37000, 39.
30.38000, 24.
30.39000, 35.
30.40000, 33.
30.41000, 21.
30.42000, 31.
30.43000, 27.
30.44000, 31.
30.45000, 34.
30.46000, 42.
30.47000, 30.
30.48000, 27.
30.49000, 33.
30.50000, 39.
30.51000, 29.
30.52000, 37.
30.53000, 33.
30.54000, 36.
30.55000, 36.
30.56000, 32.
30.57000, 36.
30.58000, 31.
30.59000, 37.
30.60000, 34.
30.61000, 24.
30.62000, 46.
30.63000, 31.
30.64000, 25.
30.65000, 37.
30.66000, 37.
30.67000, 35.
30.68000, 29.
30.69000, 27.
30.70000, 31.
30.71000, 22.
30.72000, 35.
30.73000, 26.
30.74000, 28.
30.75000, 26.
30.76000, 24.
30.77000, 27.
30.78000, 31.
30.79000, 33.
30.80000, 30.
30.81000, 30.
30.82000, 23.
30.83000, 31.
30.84000, 36.
30.85000, 44.
30.86000, 32.
30.87000, 32.
30.88000, 30.
30.89000, 37.
30.90000, 22.
30.91000, 36.
30.92000, 28.
30.93000, 33.
30.94000, 43.
30.95000, 33.
30.96000, 32.
30.97000, 36.
30.98000, 37.
30.99000, 36.
31.00000, 35.
31.01000, 36.
31.02000, 30.
31.03000, 24.
31.04000, 35.
31.05000, 22.
31.06000, 24.
31.07000, 40.
31.08000, 23.
31.09000, 33.
31.10000, 38.
31.11000, 27.
31.12000, 30.
31.13000, 35.
31.14000, 31.
31.15000, 32.
31.16000, 24.
31.17000, 26.
31.18000, 28.
31.19000, 22.
31.20000, 26.
31.21000, 30.
31.22000, 25.
31.23000, 28.
31.24000, 35.
31.25000, 34.
31.26000, 30.
31.27000, 33.
31.28000, 31.
31.29000, 22.
31.30000, 21.
31.31000, 27.
31.32000, 24.
31.33000, 28.
31.34000, 23.
31.35000, 35.
31.36000, 37.
31.37000, 27.
31.38000, 32.
31.39000, 18.
31.40000, 30.
31.41000, 28.
31.42000, 46.
31.43000, 42.
31.44000, 30.
31.45000, 36.
31.46000, 46.
31.47000, 25.
31.48000, 36.
31.49000, 27.
31.50000, 33.
31.51000, 29.
31.52000, 40.
31.53000, 34.
31.54000, 46.
31.55000, 30.
31.56000, 35.
31.57000, 37.
31.58000, 34.
31.59000, 41.
31.60000, 30.
31.61000, 23.
31.62000, 40.
31.63000, 26.
31.64000, 23.
31.65000, 27.
31.66000, 24.
31.67000, 38.
31.68000, 36.
31.69000, 26.
31.70000, 30.
31.71000, 32.
31.72000, 34.
31.73000, 36.
31.74000, 29.
31.75000, 29.
31.76000, 32.
31.77000, 27.
31.78000, 38.
31.79000, 42.
31.80000, 36.
31.81000, 29.
31.82000, 32.
31.83000, 34.
31.84000, 26.
31.85000, 31.
31.86000, 27.
31.87000, 31.
31.88000, 37.
31.89000, 45.
31.90000, 37.
31.91000, 26.
31.92000, 39.
31.93000, 50.
31.94000, 34.
31.95000, 24.
31.96000, 25.
31.97000, 35.
31.98000, 31.
31.99000, 41.
32.00000, 40.
32.01000, 36.
32.02000, 25.
32.03000, 35.
32.04000, 37.
32.05000, 39.
32.06000, 38.
32.07000, 36.
32.08000, 33.
32.09000, 46.
32.10000, 38.
32.11000, 30.
32.12000, 33.
32.13000, 39.
32.14000, 28.
32.15000, 38.
32.16000, 38.
32.17000, 45.
32.18000, 32.
32.19000, 39.
32.20000, 33.
32.21000, 37.
32.22000, 36.
32.23000, 23.
32.24000, 33.
32.25000, 30.
32.26000, 49.
32.27000, 29.
32.28000, 36.
32.29000, 30.
32.30000, 35.
32.31000, 34.
32.32000, 27.
32.33000, 22.
32.34000, 29.
32.35000, 22.
32.36000, 25.
32.37000, 20.
32.38000, 24.
32.39000, 36.
32.40000, 26.
32.41000, 26.
32.42000, 33.
32.43000, 35.
32.44000, 30.
32.45000, 24.
32.46000, 33.
32.47000, 33.
32.48000, 27.
32.49000, 26.
32.50000, 27.
32.51000, 32.
32.52000, 19.
32.53000, 32.
32.54000, 23.
32.55000, 31.
32.56000, 32.
32.57000, 20.
32.58000, 28.
32.59000, 26.
32.60000, 28.
32.61000, 25.
32.62000, 21.
32.63000, 35.
32.64000, 18.
32.65000, 29.
32.66000, 23.
32.67000, 28.
32.68000, 30.
32.69000, 17.
32.70000, 20.
32.71000, 19.
32.72000, 32.
32.73000, 19.
32.74000, 20.
32.75000, 26.
32.76000, 22.
32.77000, 27.
32.78000, 30.
32.79000, 27.
32.80000, 21.
32.81000, 21.
32.82000, 20.
32.83000, 25.
32.84000, 25.
32.85000, 26.
32.86000, 13.
32.87000, 22.
32.88000, 21.
32.89000, 19.
32.90000, 18.
32.91000, 23.
32.92000, 27.
32.93000, 24.
32.94000, 11.
32.95000, 28.
32.96000, 22.
32.97000, 21.
32.98000, 17.
32.99000, 23.
33.00000, 20.
33.01000, 23.
33.02000, 19.
33.03000, 17.
33.04000, 26.
33.05000, 25.
33.06000, 19.
33.07000, 26.
33.08000, 10.
33.09000, 14.
33.10000, 17.
33.11000, 19.
33.12000, 21.
33.13000, 18.
33.14000, 19.
33.15000, 19.
33.16000, 16.
33.17000, 22.
33.18000, 25.
33.19000, 19.
33.20000, 15.
33.21000, 21.
33.22000, 30.
33.23000, 20.
33.24000, 25.
33.25000, 19.
33.26000, 28.
33.27000, 22.
33.28000, 19.
33.29000, 22.
33.30000, 27.
33.31000, 24.
33.32000, 15.
33.33000, 17.
33.34000, 28.
33.35000, 24.
33.36000, 20.
33.37000, 22.
33.38000, 23.
33.39000, 20.
33.40000, 23.
33.41000, 25.
33.42000, 26.
33.43000, 29.
33.44000, 24.
33.45000, 31.
33.46000, 22.
33.47000, 25.
33.48000, 19.
33.49000, 23.
33.50000, 24.
33.51000, 23.
33.52000, 25.
33.53000, 29.
33.54000, 24.
33.55000, 14.
33.56000, 22.
33.57000, 19.
33.58000, 20.
33.59000, 23.
33.60000, 15.
33.61000, 32.
33.62000, 20.
33.63000, 22.
33.64000, 21.
33.65000, 25.
33.66000, 18.
33.67000, 28.
33.68000, 25.
33.69000, 20.
33.70000, 15.
33.71000, 19.
33.72000, 16.
33.73000, 22.
33.74000, 29.
33.75000, 25.
33.76000, 22.
33.77000, 28.
33.78000, 21.
33.79000, 16.
33.80000, 26.
33.81000, 26.
33.82000, 19.
33.83000, 14.
33.84000, 19.
33.85000, 25.
33.86000, 16.
33.87000, 19.
33.88000, 22.
33.89000, 20.
33.90000, 26.
33.91000, 16.
33.92000, 17.
33.93000, 20.
33.94000, 20.
33.95000, 23.
33.96000, 15.
33.97000, 18.
33.98000, 16.
33.99000, 27.
34.00000, 21.
34.01000, 22.
34.02000, 20.
34.03000, 21.
34.04000, 25.
34.05000, 22.
34.06000, 19.
34.07000, 18.
34.08000, 17.
34.09000, 14.
34.10000, 19.
34.11000, 21.
34.12000, 27.
34.13000, 23.
34.14000, 22.
34.15000, 22.
34.16000, 21.
34.17000, 23.
34.18000, 14.
34.19000, 16.
34.20000, 20.
34.21000, 26.
34.22000, 27.
34.23000, 19.
34.24000, 16.
34.25000, 19.
34.26000, 13.
34.27000, 18.
34.28000, 21.
34.29000, 16.
34.30000, 20.
34.31000, 15.
34.32000, 22.
34.33000, 20.
34.34000, 19.
34.35000, 12.
34.36000, 19.
34.37000, 17.
34.38000, 14.
34.39000, 16.
34.40000, 15.
34.41000, 16.
34.42000, 26.
34.43000, 19.
34.44000, 22.
34.45000, 18.
34.46000, 11.
34.47000, 27.
34.48000, 22.
34.49000, 18.
34.50000, 15.
34.51000, 21.
34.52000, 17.
34.53000, 21.
34.54000, 20.
34.55000, 22.
34.56000, 15.
34.57000, 15.
34.58000, 23.
34.59000, 16.
34.60000, 16.
34.61000, 13.
34.62000, 11.
34.63000, 14.
34.64000, 17.
34.65000, 24.
34.66000, 16.
34.67000, 18.
34.68000, 13.
34.69000, 28.
34.70000, 21.
34.71000, 17.
34.72000, 19.
34.73000, 17.
34.74000, 16.
34.75000, 18.
34.76000, 18.
34.77000, 15.
34.78000, 15.
34.79000, 19.
34.80000, 17.
34.81000, 15.
34.82000, 28.
34.83000, 18.
34.84000, 18.
34.85000, 16.
34.86000, 16.
34.87000, 16.
34.88000, 20.
34.89000, 15.
34.90000, 16.
34.91000, 20.
34.92000, 15.
34.93000, 10.
34.94000, 15.
34.95000, 17.
34.96000, 20.
34.97000, 21.
34.98000, 18.
34.99000, 15.
35.00000, 7.
35.01000, 8.
35.02000, 16.
35.03000, 24.
35.04000, 16.
35.05000, 18.
35.06000, 12.
35.07000, 17.
35.08000, 21.
35.09000, 14.
35.10000, 19.
35.11000, 17.
35.12000, 14.
35.13000, 12.
35.14000, 22.
35.15000, 22.
35.16000, 18.
35.17000, 15.
35.18000, 17.
35.19000, 19.
35.20000, 20.
35.21000, 22.
35.22000, 12.
35.23000, 19.
35.24000, 7.
35.25000, 15.
35.26000, 13.
35.27000, 20.
35.28000, 24.
35.29000, 21.
35.30000, 19.
35.31000, 19.
35.32000, 21.
35.33000, 18.
35.34000, 18.
35.35000, 14.
35.36000, 14.
35.37000, 11.
35.38000, 20.
35.39000, 16.
35.40000, 17.
35.41000, 16.
35.42000, 14.
35.43000, 16.
35.44000, 18.
35.45000, 15.
35.46000, 19.
35.47000, 13.
35.48000, 15.
35.49000, 19.
35.50000, 12.
35.51000, 11.
35.52000, 19.
35.53000, 18.
35.54000, 15.
35.55000, 11.
35.56000, 8.
35.57000, 15.
35.58000, 20.
35.59000, 16.
35.60000, 17.
35.61000, 13.
35.62000, 19.
35.63000, 11.
35.64000, 13.
35.65000, 15.
35.66000, 15.
35.67000, 10.
35.68000, 21.
35.69000, 17.
35.70000, 18.
35.71000, 13.
35.72000, 18.
35.73000, 16.
35.74000, 10.
35.75000, 8.
35.76000, 16.
35.77000, 18.
35.78000, 18.
35.79000, 15.
35.80000, 14.
35.81000, 8.
35.82000, 13.
35.83000, 16.
35.84000, 20.
35.85000, 16.
35.86000, 15.
35.87000, 20.
35.88000, 16.
35.89000, 18.
35.90000, 14.
35.91000, 17.
35.92000, 17.
35.93000, 11.
35.94000, 14.
35.95000, 14.
35.96000, 10.
35.97000, 14.
35.98000, 15.
35.99000, 18.
36.00000, 16.
36.01000, 15.
36.02000, 13.
36.03000, 15.
36.04000, 18.
36.05000, 18.
36.06000, 12.
36.07000, 11.
36.08000, 16.
36.09000, 15.
36.10000, 23.
36.11000, 11.
36.12000, 13.
36.13000, 17.
36.14000, 8.
36.15000, 15.
36.16000, 13.
36.17000, 7.
36.18000, 15.
36.19000, 14.
36.20000, 17.
36.21000, 20.
36.22000, 17.
36.23000, 19.
36.24000, 15.
36.25000, 25.
36.26000, 20.
36.27000, 18.
36.28000, 10.
36.29000, 21.
36.30000, 13.
36.31000, 12.
36.32000, 11.
36.33000, 19.
36.34000, 15.
36.35000, 17.
36.36000, 16.
36.37000, 24.
36.38000, 16.
36.39000, 20.
36.40000, 17.
36.41000, 14.
36.42000, 12.
36.43000, 14.
36.44000, 17.
36.45000, 14.
36.46000, 12.
36.47000, 13.
36.48000, 7.
36.49000, 13.
36.50000, 14.
36.51000, 11.
36.52000, 11.
36.53000, 18.
36.54000, 12.
36.55000, 14.
36.56000, 7.
36.57000, 13.
36.58000, 12.
36.59000, 17.
36.60000, 6.
36.61000, 17.
36.62000, 11.
36.63000, 11.
36.64000, 10.
36.65000, 13.
36.66000, 11.
36.67000, 10.
36.68000, 8.
36.69000, 14.
36.70000, 11.
36.71000, 7.
36.72000, 8.
36.73000, 17.
36.74000, 16.
36.75000, 7.
36.76000, 15.
36.77000, 12.
36.78000, 12.
36.79000, 19.
36.80000, 12.
36.81000, 17.
36.82000, 14.
36.83000, 15.
36.84000, 8.
36.85000, 11.
36.86000, 8.
36.87000, 11.
36.88000, 9.
36.89000, 14.
36.90000, 5.
36.91000, 14.
36.92000, 9.
36.93000, 10.
36.94000, 6.
36.95000, 11.
36.96000, 19.
36.97000, 15.
36.98000, 12.
36.99000, 10.
37.00000, 10.
37.01000, 13.
37.02000, 15.
37.03000, 14.
37.04000, 18.
37.05000, 14.
37.06000, 12.
37.07000, 4.
37.08000, 10.
37.09000, 11.
37.10000, 11.
37.11000, 14.
37.12000, 22.
37.13000, 9.
37.14000, 14.
37.15000, 10.
37.16000, 7.
37.17000, 8.
37.18000, 10.
37.19000, 20.
37.20000, 8.
37.21000, 12.
37.22000, 7.
37.23000, 11.
37.24000, 11.
37.25000, 11.
37.26000, 5.
37.27000, 11.
37.28000, 4.
37.29000, 15.
37.30000, 16.
37.31000, 16.
37.32000, 13.
37.33000, 11.
37.34000, 13.
37.35000, 9.
37.36000, 7.
37.37000, 14.
37.38000, 9.
37.39000, 11.
37.40000, 12.
37.41000, 14.
37.42000, 9.
37.43000, 13.
37.44000, 10.
37.45000, 15.
37.46000, 12.
37.47000, 11.
37.48000, 9.
37.49000, 8.
37.50000, 15.
37.51000, 14.
37.52000, 10.
37.53000, 8.
37.54000, 8.
37.55000, 7.
37.56000, 6.
37.57000, 11.
37.58000, 11.
37.59000, 7.
37.60000, 8.
37.61000, 9.
37.62000, 15.
37.63000, 10.
37.64000, 10.
37.65000, 11.
37.66000, 14.
37.67000, 9.
37.68000, 11.
37.69000, 11.
37.70000, 6.
37.71000, 12.
37.72000, 16.
37.73000, 11.
37.74000, 5.
37.75000, 9.
37.76000, 15.
37.77000, 10.
37.78000, 13.
37.79000, 9.
37.80000, 10.
37.81000, 12.
37.82000, 6.
37.83000, 11.
37.84000, 3.
37.85000, 14.
37.86000, 7.
37.87000, 14.
37.88000, 13.
37.89000, 10.
37.90000, 9.
37.91000, 10.
37.92000, 8.
37.93000, 6.
37.94000, 12.
37.95000, 7.
37.96000, 8.
37.97000, 9.
37.98000, 10.
37.99000, 9.
38.00000, 6.
38.01000, 10.
38.02000, 8.
38.03000, 11.
38.04000, 11.
38.05000, 10.
38.06000, 10.
38.07000, 12.
38.08000, 4.
38.09000, 9.
38.10000, 10.
38.11000, 8.
38.12000, 11.
38.13000, 7.
38.14000, 10.
38.15000, 14.
38.16000, 8.
38.17000, 13.
38.18000, 4.
38.19000, 9.
38.20000, 7.
38.21000, 10.
38.22000, 4.
38.23000, 7.
38.24000, 10.
38.25000, 10.
38.26000, 12.
38.27000, 9.
38.28000, 9.
38.29000, 7.
38.30000, 5.
38.31000, 6.
38.32000, 8.
38.33000, 12.
38.34000, 6.
38.35000, 11.
38.36000, 12.
38.37000, 14.
38.38000, 10.
38.39000, 13.
38.40000, 6.
38.41000, 4.
38.42000, 5.
38.43000, 7.
38.44000, 7.
38.45000, 4.
38.46000, 10.
38.47000, 5.
38.48000, 9.
38.49000, 11.
38.50000, 12.
38.51000, 9.
38.52000, 10.
38.53000, 6.
38.54000, 13.
38.55000, 8.
38.56000, 8.
38.57000, 9.
38.58000, 4.
38.59000, 8.
38.60000, 9.
38.61000, 7.
38.62000, 7.
38.63000, 8.
38.64000, 8.
38.65000, 5.
38.66000, 13.
38.67000, 13.
38.68000, 8.
38.69000, 5.
38.70000, 11.
38.71000, 12.
38.72000, 8.
38.73000, 4.
38.74000, 7.
38.75000, 11.
38.76000, 10.
38.77000, 14.
38.78000, 8.
38.79000, 5.
38.80000, 8.
38.81000, 8.
38.82000, 9.
38.83000, 6.
38.84000, 11.
38.85000, 3.
38.86000, 8.
38.87000, 4.
38.88000, 10.
38.89000, 5.
38.90000, 9.
38.91000, 7.
38.92000, 7.
38.93000, 13.
38.94000, 13.
38.95000, 7.
38.96000, 10.
38.97000, 8.
38.98000, 2.
38.99000, 8.
39.00000, 10.
39.01000, 6.
39.02000, 8.
39.03000, 12.
39.04000, 9.
39.05000, 3.
39.06000, 8.
39.07000, 3.
39.08000, 6.
39.09000, 4.
39.10000, 11.
39.11000, 7.
39.12000, 3.
39.13000, 5.
39.14000, 6.
39.15000, 2.
39.16000, 4.
39.17000, 6.
39.18000, 6.
39.19000, 5.
39.20000, 11.
39.21000, 5.
39.22000, 7.
39.23000, 5.
39.24000, 8.
39.25000, 4.
39.26000, 7.
39.27000, 6.
39.28000, 11.
39.29000, 11.
39.30000, 8.
39.31000, 8.
39.32000, 5.
39.33000, 7.
39.34000, 5.
39.35000, 8.
39.36000, 9.
39.37000, 9.
39.38000, 5.
39.39000, 6.
39.40000, 8.
39.41000, 3.
39.42000, 6.
39.43000, 6.
39.44000, 4.
39.45000, 11.
39.46000, 13.
39.47000, 9.
39.48000, 2.
39.49000, 3.
39.50000, 8.
39.51000, 7.
39.52000, 6.
39.53000, 5.
39.54000, 4.
39.55000, 8.
39.56000, 5.
39.57000, 5.
39.58000, 7.
39.59000, 2.
39.60000, 4.
39.61000, 4.
39.62000, 4.
39.63000, 5.
39.64000, 3.
39.65000, 3.
39.66000, 8.
39.67000, 8.
39.68000, 8.
39.69000, 2.
39.70000, 9.
39.71000, 7.
39.72000, 5.
39.73000, 7.
39.74000, 5.
39.75000, 7.
39.76000, 5.
39.77000, 3.
39.78000, 5.
39.79000, 6.
39.80000, 8.
39.81000, 6.
39.82000, 2.
39.83000, 7.
39.84000, 5.
39.85000, 8.
39.86000, 9.
39.87000, 6.
39.88000, 6.
39.89000, 6.
39.90000, 4.
39.91000, 5.
39.92000, 10.
39.93000, 5.
39.94000, 8.
39.95000, 4.
39.96000, 8.
39.97000, 6.
39.98000, 8.
39.99000, 8.
40.00000, 6.
40.01000, 4.
40.02000, 8.
40.03000, 5.
40.04000, 3.
40.05000, 3.
40.06000, 5.
40.07000, 3.
40.08000, 4.
40.09000, 4.
40.10000, 4.
40.11000, 5.
40.12000, 7.
40.13000, 3.
40.14000, 7.
40.15000, 3.
40.16000, 3.
40.17000, 4.
40.18000, 7.
40.19000, 7.
40.20000, 6.
40.21000, 8.
40.22000, 1.
40.23000, 2.
40.24000, 3.
40.25000, 5.
40.26000, 3.
40.27000, 7.
40.28000, 1.
40.29000, 5.
40.30000, 6.
40.31000, 3.
40.32000, 3.
40.33000, 2.
40.34000, 5.
40.35000, 6.
40.36000, 3.
40.37000, 5.
40.38000, 2.
40.39000, 3.
40.40000, 5.
40.41000, 4.
40.42000, 4.
40.43000, 2.
40.44000, 1.
40.45000, 3.
40.46000, 5.
40.47000, 3.
40.48000, 6.
40.49000, 4.
40.50000, 2.
40.51000, 2.
40.52000, 3.
40.53000, 4.
40.54000, 3.
40.55000, 0.
#ENDOFDATA   : 
